,xmin,ymin,xmax,ymax,conf,class
0,3200.0,2734.274200439453,3698.7354125976562,3010.1852111816406,0.008303227834403515,Araneae
1,2722.5362243652344,3076.247604370117,2900.0,3414.850372314453,0.001327637815847993,Araneae
2,3227.346706390381,907.260368347168,3660.6094360351562,1296.6549987792969,0.0008929473697207868,Araneae
3,3911.6311950683594,642.0224914550781,3976.8358764648438,714.2727661132812,0.0007024504593573511,Araneae
4,768.2294921875,3007.2175064086914,1113.8817443847656,3456.0,0.00048175189294852316,Araneae
5,2800.0,1991.4924011230469,3001.8467407226562,2100.0,0.00047846391680650413,Araneae
6,3977.012481689453,1200.0,4108.897163391113,1546.6600341796875,0.000412787456298247,Araneae
7,817.1404418945312,764.6084899902344,1503.2420654296875,2194.57421875,0.0003179722698405385,Araneae
8,3200.2771854400635,1943.5074462890625,3470.8680725097656,2413.4166870117188,0.00027764710830524564,Araneae
9,2718.723358154297,3029.714157104492,3031.3555297851562,3456.0,0.00027630329714156687,Araneae
10,400.3013610839844,1697.617576599121,728.607177734375,2100.0,0.00017481397662777454,Araneae
11,3200.0,1200.0,3385.8828735351562,1290.798812866211,0.00016767992929089814,Araneae
12,2800.0,2770.660430908203,3168.6686096191406,2939.6614837646484,0.00015058807912282646,Araneae
13,3600.0,2865.9075775146484,3969.9509887695312,3301.3062438964844,0.00014043497503735125,Araneae
14,3620.999408721924,2030.9442749023438,3985.9952697753906,2355.4677734375,0.00012422855070326477,Araneae
15,400.0,1600.0371992588043,563.1315765380859,1678.797607421875,0.00011653333785943687,Araneae
16,2400.0,2800.0,2703.6109008789062,2863.091552734375,0.0001135872516897507,Araneae
17,2000.0,1977.5681457519531,2443.8474731445312,2122.3144302368164,0.00011204398469999433,Araneae
18,3233.465229034424,1402.0391998291016,3301.735008239746,1688.3897399902344,0.0001019247793010436,Araneae
19,36.02849197387695,2485.438446044922,122.04988098144531,2499.5369873046875,9.487987699685618e-05,Araneae
20,3676.793670654297,660.8280029296875,3700.0,858.5786437988281,8.838623034534976e-05,Araneae
21,3200.0,2990.748519897461,3323.593460083008,3387.4989624023438,8.726077066967264e-05,Araneae
22,1818.9133605957031,3287.8179626464844,1906.2662048339844,3300.0,8.168748900061473e-05,Araneae
23,2674.978057861328,2800.0,2900.0,2942.909408569336,7.257793913595378e-05,Araneae
24,3368.100555419922,2459.420623779297,3700.0,2500.0,4.497355985222384e-05,Araneae
25,3227.838970184326,2862.6627502441406,3659.284393310547,2900.0,4.367073415778577e-05,Araneae
26,1206.6818237304688,785.5012512207031,1532.4148254394531,895.6990356445312,4.356927456683479e-05,Araneae
27,3539.2718200683594,2389.2232360839844,3755.49658203125,2511.886573791504,3.8279347791103646e-05,Araneae
28,400.0,3023.3824157714844,495.0810852050781,3344.7210693359375,3.5981505789095536e-05,Araneae
29,2651.666259765625,2425.1608276367188,2900.0,2499.998992919922,3.2209991331910715e-05,Araneae
30,4055.031467437744,2843.808135986328,4291.475158691406,2900.0,3.1539395422441885e-05,Araneae
31,582.8949432373047,1674.9850769042969,883.6346130371094,2100.0,3.1054496503202245e-05,Araneae
32,565.9922637939453,3269.2654724121094,900.0,3300.0,2.9859897040296346e-05,Araneae
33,4434.438079833984,1212.6470642089844,4546.735107421875,1239.2738342285156,2.7446212698123418e-05,Araneae
34,3252.896942138672,1480.0172119140625,3301.950439453125,1557.8398132324219,2.7023286747862585e-05,Araneae
35,4108.0,403.3000946044922,4226.218574523926,776.2218627929688,2.620500890770927e-05,Araneae
36,1197.8704833984375,711.5016479492188,1295.4478149414062,897.7689208984375,2.56524308497319e-05,Araneae
37,3109.1429748535156,1278.0136795043945,3198.720733642578,1356.4510803222656,2.4838016543071717e-05,Araneae
38,2000.0,332.6304931640625,2155.563995361328,500.0,2.335834869882092e-05,Araneae
39,1200.108242034912,3.2187461853027344,1329.5760345458984,299.7533874511719,2.1312122044037096e-05,Araneae
40,2866.377151489258,490.05072021484375,3210.6702880859375,684.7066040039062,2.0191833755234256e-05,Araneae
41,400.13388991355896,39.69545364379883,524.7619171142578,439.6237487792969,1.9507682736730203e-05,Araneae
42,2400.0,2397.205841064453,2567.184051513672,2532.1935119628906,1.924211574078072e-05,Araneae
43,1830.5547790527344,1200.0919103622437,2100.0,1240.1237907409668,1.9001174223376438e-05,Araneae
44,185.65672302246094,2126.3078002929688,262.1686096191406,2202.763870239258,1.8995338905369863e-05,Araneae
45,400.0,2779.1622314453125,552.7478942871094,2940.978240966797,1.8847789760911837e-05,Araneae
46,0.0,2068.35107421875,303.5033264160156,2100.0,1.8782782717607915e-05,Araneae
47,2895.658561706543,185.63824462890625,3060.3465576171875,267.611328125,1.854557376645971e-05,Araneae
48,2800.0,2329.5751953125,2980.0323333740234,2557.340286254883,1.8039378119283356e-05,Araneae
49,2864.33447265625,3038.978515625,3084.783935546875,3122.875,1.7256683349842206e-05,Araneae
50,1099.0815124511719,3076.2884216308594,1300.0,3248.8463745117188,1.7198755813296884e-05,Araneae
51,909.43359375,837.2936401367188,1505.566162109375,2384.770751953125,1.5956633433233947e-05,Araneae
52,1521.8319091796875,2956.260806083679,1553.3190612792969,3028.6780166625977,1.58161019498948e-05,Araneae
53,2725.4373168945312,747.8764343261719,2935.1992797851562,955.3045806884766,1.543261532788165e-05,Araneae
54,3884.42041015625,2800.0,4100.0,2901.4232635498047,1.542567042633891e-05,Araneae
55,1600.0161051750183,2330.3941650390625,1755.1129760742188,2500.0,1.405878720106557e-05,Araneae
56,400.14071464538574,2000,488.9468688964844,2400.4131774902344,1.3926069186709356e-05,Araneae
57,0.10047554969787598,2824.939464569092,89.5611801147461,3135.9202270507812,1.3727752047998365e-05,Araneae
58,800.0,1600.413453578949,952.1621398925781,1721.4460525512695,1.3192518053983804e-05,Araneae
59,3771.471420288086,1279.1517333984375,4041.614532470703,1299.948486328125,1.2700068509730045e-05,Araneae
60,1200.0,2400.0,1386.2037048339844,2492.0606384277344,1.2339939530647825e-05,Araneae
61,1502.6929016113281,0.0,1700.0,74.81761932373047,1.1800737411249429e-05,Araneae
62,146.367431640625,1886.8975524902344,222.70343017578125,1974.52392578125,1.120637716667261e-05,Araneae
63,2400.05384683609,822.6919651031494,2486.0746154785156,1220.7814331054688,1.0655367077561095e-05,Araneae
64,2933.4281005859375,1259.9886779785156,3228.188232421875,1300.0,1.031485135172261e-05,Araneae
65,3178.282470703125,21.24485969543457,3289.6892700195312,294.3500061035156,9.73713758867234e-06,Araneae
66,3789.7987518310547,679.2295532226562,3844.6156463623047,754.476318359375,9.285416126658674e-06,Araneae
67,1074.0673522949219,531.6118927001953,1266.5700378417969,604.0644683837891,9.278609468310606e-06,Araneae
68,3546.773193359375,2458.985149383545,3595.878173828125,2542.7322540283203,9.232947377313394e-06,Araneae
69,2400,2072.331817626953,2638.9711303710938,2099.959747314453,9.223469533026218e-06,Araneae
70,645.0369415283203,1200,877.4167175292969,1274.5163345336914,9.062428944162093e-06,Araneae
71,719.570556640625,2737.098419189453,938.2510375976562,2900.0,8.518167305737734e-06,Araneae
72,2000,3264.224090576172,2176.022430419922,3300.0,8.296528903883882e-06,Araneae
73,800,3153.5538330078125,1021.2223052978516,3243.6258239746094,8.226534191635437e-06,Araneae
74,3027.5533447265625,61.361228942871094,3089.816131591797,105.31075286865234,8.0979598351405e-06,Araneae
75,1243.1345863342285,2098.5265502929688,1420.6182556152344,2169.9065704345703,7.912537512311246e-06,Araneae
76,1600.0,1600.0,1789.4600067138672,1732.3669891357422,7.873260983615182e-06,Araneae
77,3600.275158882141,1200,3739.853713989258,1330.6033172607422,7.843650564609561e-06,Araneae
78,3041.4314575195312,2546.679733276367,3193.251007080078,2622.464080810547,7.647149686818011e-06,Araneae
79,1034.876953125,323.7943420410156,1423.2181396484375,518.765380859375,7.642396667506546e-06,Araneae
80,2400,2000,2546.961181640625,2062.648780822754,7.5891230153501965e-06,Araneae
81,3291.340019226074,2956.0559389591217,3566.960662841797,2997.5095405578613,7.510635896323947e-06,Araneae
82,2250.6063537597656,800.0510007143021,2500.0,835.1435089111328,7.32046692064614e-06,Araneae
83,0,1659.3126220703125,226.4575958251953,1699.5794372558594,7.2505572461523116e-06,Araneae
84,401.43980979919434,694.8893737792969,533.2483978271484,778.5300903320312,7.203669611044461e-06,Araneae
85,2400.0,2858.4134216308594,2629.9134216308594,2900.0,7.008574812061852e-06,Araneae
86,456.4145088195801,2800,732.6824645996094,2850.2739486694336,6.7265978032082785e-06,Araneae
87,1600.0090599060059,800.6203651428223,1761.970230102539,897.3662109375,6.689946985716233e-06,Araneae
88,2092.5446853637695,1200.0562727451324,2350.652557373047,1247.982509613037,6.539009063999401e-06,Araneae
89,4033.0969848632812,2189.8360748291016,4099.993988037109,2447.532745361328,6.314375696092611e-06,Araneae
90,176.51429748535156,2805.93018245697,229.92625427246094,2833.927303314209,6.107894023443805e-06,Araneae
91,1600,2403.894329071045,1694.3141555786133,2777.191131591797,5.87371641813661e-06,Araneae
92,2080.561882019043,1665.027946472168,2277.6892700195312,1758.3892364501953,5.604323177976767e-06,Araneae
93,3.8850784301757812,1260.2712707519531,207.16610717773438,1295.3091735839844,5.113124188937945e-06,Araneae
94,2868.576644897461,2106.004119873047,3025.3897247314453,2250.8345794677734,5.102762770547997e-06,Araneae
95,2231.465621948242,1200,2484.4959716796875,1266.247901916504,4.97091014040052e-06,Araneae
96,1614.4822416305542,615.1913604736328,1656.4473037719727,771.0518798828125,4.548372999124695e-06,Araneae
97,407.60366916656494,1661.5814208984375,677.5305480957031,1700.0,4.3164577618881594e-06,Araneae
98,3720.089889526367,83.43726348876953,3746.1583557128906,106.73400115966797,4.067074769409373e-06,Araneae
99,400,3156.906036376953,642.5029296875,3242.5065002441406,3.7410645745694637e-06,Araneae
100,2188.881103515625,1264.6452331542969,2489.3704833984375,1300.0,3.722434030350996e-06,Araneae
101,1894.3162536621094,882.1106872558594,2100.0,899.8265380859375,3.033456323464634e-06,Araneae
102,0,335.58758544921875,135.62472534179688,464.53753662109375,2.7116841465613106e-06,Araneae
103,2524.159423828125,935.7180786132812,2593.210205078125,1015.2819213867188,0.6925778388977051,Brachycera
104,3670.6689453125,205.6468048095703,3700.0,447.5074768066406,0.03195111081004143,Brachycera
105,1533.6899108886719,0,1582.596435546875,5.013880252838135,0.026826312765479088,Brachycera
106,2893.2889404296875,1226.7949523925781,2900.0,1293.4544067382812,0.0038840004708617926,Brachycera
107,800.0,2758.3025817871094,822.9310092926025,2861.1136779785156,0.003622979624196887,Brachycera
108,800.0,1828.0784149169922,811.7096948623657,1931.2970581054688,0.0033962992019951344,Brachycera
109,3394.8935546875,205.03570556640625,3412.8272094726562,217.18905639648438,0.0029127043671905994,Brachycera
110,1477.6500244140625,2891.109619140625,1613.268310546875,3038.25830078125,0.002755531342700124,Brachycera
111,2493.7090759277344,2419.8660850524902,2500.0,2501.4842834472656,0.0022765917237848043,Brachycera
112,3292.9138793945312,2679.7827758789062,3300.0,2735.850799560547,0.0016307071782648563,Brachycera
113,1600.0000715255737,1258.36376953125,1643.712245941162,1319.9641723632812,0.001125607406720519,Brachycera
114,2094.1517944335938,1200.1606345176697,2100.0,1250.655330657959,0.0011142550501972437,Brachycera
115,400.0392645597458,267.4857177734375,432.15270614624023,363.19866943359375,0.0010027698008343577,Brachycera
116,2086.553009033203,3152.325164794922,2100.0,3275.7710876464844,0.0009876051917672157,Brachycera
117,400,1600.8001863956451,406.50648641586304,1669.7168579101562,0.000757557456381619,Brachycera
118,491.4301452636719,52.61895751953125,500.0,105.31756591796875,0.0006999633042141795,Brachycera
119,931.8119812011719,2458.470390319824,1038.7762603759766,2538.0903930664062,0.0006087537622079253,Brachycera
120,3677.5809326171875,713.3555297851562,3700.0,788.4872436523438,0.0006045103073120117,Brachycera
121,2088.6256713867188,963.6700286865234,2099.6300354003906,978.3327178955078,0.0005036988877691329,Brachycera
122,3483.2909545898438,2079.2335510253906,3529.22705078125,2094.2546997070312,0.00048024937859736383,Brachycera
123,2000.0480979681015,702.1840209960938,2040.876564025879,740.6769714355469,0.00046993166324682534,Brachycera
124,2239.2787475585938,1425.624984741211,2290.6820373535156,1486.2137451171875,0.00046563983778469265,Brachycera
125,966.3563690185547,3340.339630126953,1118.015380859375,3430.217987060547,0.00038832402788102627,Brachycera
126,3600.1598238945007,506.1064987182617,3625.149631500244,579.39013671875,0.00037876481655985117,Brachycera
127,4601.915832519531,2883.8960189819336,4608.0,2991.710479736328,0.00036122326855547726,Brachycera
128,3294.2396240234375,941.898681640625,3300.0,1046.0533142089844,0.0003301684628240764,Brachycera
129,4601.112274169922,388.9093933105469,4608.0,500.0,0.0003262929676566273,Brachycera
130,1600.0,184.87661743164062,1639.2577514648438,277.29248046875,0.0002854074409697205,Brachycera
131,3694.396484375,2573.8409118652344,3700.0,2650.444549560547,0.0002777244080789387,Brachycera
132,1694.1661376953125,246.4647216796875,1700.0,298.7264099121094,0.00019125013204757124,Brachycera
133,4601.386932373047,3128.2011108398438,4608.0,3217.824981689453,0.00017944155842997134,Brachycera
134,2431.4939880371094,1292.8243713378906,2496.753173828125,1300.0,0.0001630674087209627,Brachycera
135,4092.6834106445312,382.8044128417969,4100.0,435.7657051086426,0.00016221941041294485,Brachycera
136,4055.556396484375,527.8020629882812,4214.34228515625,630.1168823242188,0.00012940778105985373,Brachycera
137,1718.733024597168,1015.0065460205078,1757.2469482421875,1074.6797485351562,0.00010889649274758995,Brachycera
138,4108.0,2443.092918395996,4135.658933639526,2613.9647064208984,0.00010829402162926272,Brachycera
139,3294.2660217285156,70.40519714355469,3300.0,144.14073181152344,0.00010801144526340067,Brachycera
140,2093.630401611328,1737.554916381836,2100.0,1795.513671875,0.00010734824172686785,Brachycera
141,1600.0,3185.9781799316406,1626.674057006836,3250.325439453125,0.000106937819509767,Brachycera
142,1600.0086352229118,2525.0795822143555,1626.918701171875,2584.7833404541016,0.0001037816473399289,Brachycera
143,2676.4873046875,1274.6335144042969,2734.218505859375,1300.0,0.00010102440137416124,Brachycera
144,4600.488952636719,2100.4846572875977,4608.0,2222.7400512695312,9.926180791808292e-05,Brachycera
145,1294.1961364746094,1270.646110534668,1300.0,1337.6230926513672,9.845513704931363e-05,Brachycera
146,3694.328399658203,3008.43896484375,3700.0,3094.6835174560547,7.933586311992258e-05,Brachycera
147,3600.0,1615.463077545166,3637.792453765869,1696.7944030761719,7.73815845604986e-05,Brachycera
148,2494.3763732910156,148.74908447265625,2500.0,203.71035766601562,7.450747216353193e-05,Brachycera
149,626.9454956054688,3079.9930267333984,658.4662475585938,3101.665252685547,7.405420183204114e-05,Brachycera
150,1694.6471252441406,2215.8375701904297,1700.0,2274.0191955566406,6.538328307215124e-05,Brachycera
151,1674.8104248046875,3145.912857055664,1699.9514465332031,3222.0648803710938,6.149482942419127e-05,Brachycera
152,2400.0,1308.3584518432617,2416.866008758545,1425.301773071289,6.0762842622352764e-05,Brachycera
153,1659.9551086425781,0.0,1700.0,100.53768157958984,5.849356239195913e-05,Brachycera
154,3693.134033203125,2896.7055053710938,3700.0,2985.3602447509766,5.4051793995313346e-05,Brachycera
155,741.3033752441406,3280.7352905273438,772.8121032714844,3293.1172485351562,4.8828995204530656e-05,Brachycera
156,800.0162199139595,617.6520385742188,806.7086548805237,679.7326049804688,4.818601883016527e-05,Brachycera
157,1292.5078430175781,1853.2626647949219,1300.0,1952.8368530273438,4.4409840484149754e-05,Brachycera
158,1293.0250244140625,204.50167846679688,1300.0,262.8183898925781,4.223754513077438e-05,Brachycera
159,4602.694152832031,3353.0533447265625,4608.0,3405.264434814453,4.1251088987337425e-05,Brachycera
160,4494.042205810547,2250.5081634521484,4500.0,2317.6747436523438,3.9806662243790925e-05,Brachycera
161,1291.6006164550781,3186.906005859375,1300.0,3249.0374145507812,3.950172322220169e-05,Brachycera
162,4000.012466311455,342.1190185546875,4006.3612818717957,407.5992431640625,3.915614797733724e-05,Brachycera
163,2598.4306030273438,3211.5662689208984,2609.756851196289,3224.0859985351562,3.840571298496798e-05,Brachycera
164,4493.538848876953,1289.4591064453125,4500.0,1349.5206298828125,3.755513171199709e-05,Brachycera
165,2400.0,1212.8694152832031,2412.407193183899,1302.5708694458008,3.706385541590862e-05,Brachycera
166,893.8500366210938,78.98731994628906,900.0,126.58638763427734,3.532635673764162e-05,Brachycera
167,546.7721862792969,1685.0786895751953,613.8804168701172,1730.7981719970703,3.502314939396456e-05,Brachycera
168,2836.8632202148438,2396.5534057617188,2852.8790588378906,2410.7665100097656,3.0193083148333244e-05,Brachycera
169,3290.7098693847656,481.9613342285156,3299.8701171875,499.8495178222656,2.9965156500111334e-05,Brachycera
170,3894.180206298828,2071.898162841797,3957.035400390625,2098.7455444335938,2.7816855435958132e-05,Brachycera
171,3228.4229125976562,2819.3551654815674,3280.7228088378906,2884.739700317383,2.7030275305151008e-05,Brachycera
172,800.1044869422913,1657.0210571289062,878.958869934082,1699.9308471679688,2.6895666451309808e-05,Brachycera
173,4494.288055419922,3066.6141967773438,4500.0,3163.952911376953,2.569145362940617e-05,Brachycera
174,2000,616.878173828125,2013.6902599334717,656.1265563964844,2.554933053033892e-05,Brachycera
175,3293.3717651367188,282.8501281738281,3300.0,364.9880065917969,2.5527484467602335e-05,Brachycera
176,1294.0624389648438,59.65485382080078,1300.0,144.6290740966797,2.509060868760571e-05,Brachycera
177,2893.948455810547,2631.760955810547,2900.0,2679.9915466308594,2.3965250875335187e-05,Brachycera
178,628.7509155273438,2346.312469482422,680.6426696777344,2391.5203247070312,2.3666612833039835e-05,Brachycera
179,2000.3828331828117,3025.1893463134766,2023.9721565246582,3094.440643310547,2.3280403183889575e-05,Brachycera
180,4108.0,2800.0,4132.553834915161,2835.3364067077637,2.0648532881750725e-05,Brachycera
181,0.0,41.92786407470703,38.75157165527344,125.21943664550781,2.0114113794988953e-05,Brachycera
182,1321.0512771606445,1811.9559936523438,1373.7070617675781,1864.7616271972656,1.9859598978655413e-05,Brachycera
183,3600.029045343399,3443.963104248047,3619.196876525879,3455.7623291015625,1.953756327566225e-05,Brachycera
184,3600,1415.3135528564453,3608.646096229553,1488.2374572753906,1.9526109099388123e-05,Brachycera
185,2894.6679077148438,2877.2125244140625,2900.0,2934.5443267822266,1.942814742506016e-05,Brachycera
186,891.8359680175781,2413.885283470154,900.0,2511.857894897461,1.921761577250436e-05,Brachycera
187,1200.0,2659.5714721679688,1240.0402717590332,2736.6141357421875,1.863828583736904e-05,Brachycera
188,893.675048828125,939.5203552246094,900.0,984.3563385009766,1.857596726040356e-05,Brachycera
189,1600.132018327713,2354.453857421875,1638.6294441223145,2415.9591674804688,1.8446302419761196e-05,Brachycera
190,4494.274719238281,125.66287231445312,4500.0,197.96044921875,1.8431954231346026e-05,Brachycera
191,3933.2314453125,2402.7377014160156,3943.351837158203,2416.800018310547,1.7867514543468133e-05,Brachycera
192,4547.542907714844,2714.4999084472656,4562.914703369141,2730.786376953125,1.654656443861313e-05,Brachycera
193,2000.2172738313675,1682.7822036743164,2033.753231048584,1747.1773834228516,1.602843803993892e-05,Brachycera
194,2000.0014036893845,481.68577575683594,2005.363883972168,530.1695861816406,1.5561665350105613e-05,Brachycera
195,3659.556396484375,1800.7545013427734,3699.8504638671875,1882.2376098632812,1.4438491234614048e-05,Brachycera
196,1693.7676391601562,1369.6361541748047,1700.0,1450.1702728271484,1.3416597539617214e-05,Brachycera
197,1895.8858947753906,180.73318481445312,1929.194580078125,198.5835723876953,1.338751917501213e-05,Brachycera
198,4074.493408203125,1258.0752868652344,4100.0,1433.2461547851562,1.3349731489142869e-05,Brachycera
199,2093.7994384765625,403.62698435783386,2100.0,454.83719635009766,1.2576494555105455e-05,Brachycera
200,1200.0,2000.6786499023438,1207.3082208633423,2099.401092529297,1.2308029909036122e-05,Brachycera
201,0.550156831741333,3263.5865173339844,49.31486892700195,3299.9908447265625,1.2068235264450777e-05,Brachycera
202,469.2481994628906,237.15634155273438,511.3322296142578,276.2387390136719,1.1923531928914599e-05,Brachycera
203,400.01148357987404,640.3038940429688,408.42749977111816,733.4378356933594,1.0025139999925159e-05,Brachycera
204,553.7757110595703,2298.3094787597656,606.1017456054688,2364.1825256347656,9.042443707585335e-06,Brachycera
205,800.3382474184036,2511.8919372558594,829.6563682556152,2599.2205200195312,8.808716302155517e-06,Brachycera
206,400.35881251096725,431.4878692626953,421.94031715393066,503.2330017089844,8.772492947173305e-06,Brachycera
207,689.0958557128906,710.1112976074219,745.0703125,770.0249633789062,8.701999831828289e-06,Brachycera
208,800.0011928379536,3045.4539794921875,807.1678385734558,3101.0437622070312,8.459581295028329e-06,Brachycera
209,3538.9159545898438,2453.429973602295,3594.135528564453,2481.1079025268555,8.301743946503848e-06,Brachycera
210,1.0902941226959229,2060.842800140381,13.367780685424805,2144.8047637939453,8.206067832361441e-06,Brachycera
211,1600.0,2582.429733276367,1623.7228870391846,2644.1786346435547,8.081919986580033e-06,Brachycera
212,800.0095844268799,1455.7555236816406,808.2106695175171,1545.4517211914062,7.921355972939637e-06,Brachycera
213,2844.3580627441406,2876.4010009765625,2886.6331176757812,2899.4254150390625,7.111133072612574e-06,Brachycera
214,2494.216827392578,1035.0464324951172,2500.0,1101.5607299804688,6.532944098580629e-06,Brachycera
215,2587.2984771728516,14.992928504943848,2638.1792602539062,67.91402435302734,6.250698788790032e-06,Brachycera
216,2800.2413511276245,1033.1370391845703,2829.494941711426,1071.3410339355469,6.096715424064314e-06,Brachycera
217,2119.6511840820312,184.79449462890625,2147.658401489258,202.94244384765625,5.6775488701532595e-06,Brachycera
218,800,301.5946044921875,807.4625611305237,385.34552001953125,5.585573489952367e-06,Brachycera
219,3294.32421875,839.972412109375,3300.0,897.7608642578125,5.3828252930543385e-06,Brachycera
220,1003.0991058349609,1228.0893058776855,1046.1466827392578,1237.6386260986328,5.052060714660911e-06,Brachycera
221,2094.4800415039062,587.7966461181641,2100.0,637.9273834228516,4.87744364363607e-06,Brachycera
222,1408.2144317626953,261.0174560546875,1433.760498046875,276.2763366699219,4.734780304715969e-06,Brachycera
223,1980.6937255859375,1201.2461547851562,2000.807373046875,1213.7113647460938,4.37927883467637e-06,Brachycera
224,2401.71340405941,1383.0349426269531,2427.09712600708,1434.1286163330078,4.256712600181345e-06,Brachycera
225,4108.005408748984,1924.9697570800781,4114.214509010315,1982.5344848632812,4.174559308012249e-06,Brachycera
226,2044.8737487792969,2291.330322265625,2089.251884460449,2324.7503356933594,3.949892288801493e-06,Brachycera
227,3721.8347549438477,83.39363098144531,3746.502212524414,110.64508056640625,3.8197058529476635e-06,Brachycera
228,0.708538293838501,70.1239242553711,29.443513870239258,98.3566665649414,3.336412873977679e-06,Brachycera
229,2688.9146423339844,1274.594108581543,2739.129150390625,1329.2891998291016,0.21565692126750946,Coleoptera
230,3418.727249145508,1200.0,3545.2920837402344,1211.4437942504883,0.010395439341664314,Coleoptera
231,1164.9317626953125,386.9645690917969,1218.8276252746582,481.65132904052734,0.009597728960216045,Coleoptera
232,1532.3739929199219,0.0,1600.6091613769531,12.532188415527344,0.009006998501718044,Coleoptera
233,2071.8112564086914,1200.0,2152.3057403564453,1223.9179878234863,0.0062442319467663765,Coleoptera
234,3289.3719787597656,2655.8766326904297,3300.0,2719.9273071289062,0.004221639130264521,Coleoptera
235,2089.1648864746094,1152.016845703125,2100.0,1242.0626525878906,0.0035810715053230524,Coleoptera
236,2880.705032348633,1221.5940856933594,2920.9516067504883,1299.1824035644531,0.0030468252953141928,Coleoptera
237,3965.253936767578,1600.0,4088.3302612304688,1612.7705631256104,0.0014821358490735292,Coleoptera
238,1600.0,1256.9350280761719,1643.6818199157715,1300.0,0.0014497648226097226,Coleoptera
239,800.0121280550957,2152.0940551757812,820.6725044250488,2255.4122009277344,0.0013908513356000185,Coleoptera
240,4600.995178222656,2892.108467102051,4608.0,2985.536117553711,0.0012742619728669524,Coleoptera
241,2077.139129638672,1200.0519454479218,2099.9230041503906,1235.793800354004,0.0011374680325388908,Coleoptera
242,3672.552001953125,345.5068664550781,3700.0,433.81500244140625,0.0010861927876248956,Coleoptera
243,4446.162933349609,0.0,4551.812194824219,34.408538818359375,0.000995952752418816,Coleoptera
244,3190.8905639648438,400.0,3292.296600341797,418.9712200164795,0.0009476263076066971,Coleoptera
245,4526.518737792969,400,4608.0,405.88409996032715,0.0009303373517468572,Coleoptera
246,4000.0,434.308349609375,4035.6224784851074,519.6858291625977,0.0008995599346235394,Coleoptera
247,2400.0,2060.7947387695312,2460.4871864318848,2100.0,0.0007895886665210128,Coleoptera
248,3693.791290283203,2586.9393157958984,3700.0,2648.780227661133,0.0006962587940506637,Coleoptera
249,2566.803512573242,0.037240609526634216,2647.434616088867,13.405048370361328,0.0006411083741113544,Coleoptera
250,4444.911865234375,3236.0799865722656,4500.0,3319.5027770996094,0.0005684645147994161,Coleoptera
251,3468.9236755371094,2083.5017700195312,3534.675506591797,2099.6036987304688,0.0004981753299944103,Coleoptera
252,2350.0357055664062,1736.3504333496094,2400.1290893554688,1790.177490234375,0.0004755163099616766,Coleoptera
253,2073.632537841797,3400.978485107422,2100.0,3456.0,0.0003915797278750688,Coleoptera
254,855.5943832397461,0.00457763671875,916.01708984375,12.594681739807129,0.00034425355261191726,Coleoptera
255,3694.065673828125,2124.7622985839844,3700.0,2198.314956665039,0.0003153012949042022,Coleoptera
256,4470.0498046875,2858.8978881835938,4500.0,2899.8847045898438,0.0002502316201571375,Coleoptera
257,1244.2597999572754,0.13004206120967865,1324.6306533813477,17.28577423095703,0.0002484365541022271,Coleoptera
258,2576.0233001708984,2800.0,2624.5703735351562,2813.9813480377197,0.0002465217839926481,Coleoptera
259,1234.535987854004,2000.0348970293999,1301.8202667236328,2012.6068849563599,0.00023335180594585836,Coleoptera
260,3294.874725341797,931.8212280273438,3300.0,993.9443817138672,0.00022946292301639915,Coleoptera
261,3200.0,2024.481201171875,3242.632053375244,2100.0,0.00021225761156529188,Coleoptera
262,1600.0,192.95770263671875,1621.9985370635986,279.2976379394531,0.00021188332175370306,Coleoptera
263,3600.0,1239.2146339416504,3654.2109718322754,1340.1686706542969,0.0002093869843520224,Coleoptera
264,751.6781311035156,2800.017410516739,817.5596618652344,2812.6113262176514,0.0002054387441603467,Coleoptera
265,2000.0,3405.2887573242188,2066.357978820801,3456.0,0.00020250058150850236,Coleoptera
266,2000.094050168991,661.433349609375,2036.9493370056152,735.5680236816406,0.00019376238924451172,Coleoptera
267,2255.278594970703,800.0089153647423,2341.7049865722656,813.2432346343994,0.00018204345542471856,Coleoptera
268,0.0,500.20821380615234,47.97342300415039,628.1446228027344,0.0001551185268908739,Coleoptera
269,2094.388916015625,2864.0775833129883,2100.0,2946.6671752929688,0.00014664507762063295,Coleoptera
270,1200.2149283885956,3275.6963806152344,1228.6704368591309,3387.1871032714844,0.0001461856154492125,Coleoptera
271,3711.9386444091797,2800.0,3782.0032806396484,2813.9331970214844,0.00013959080388303846,Coleoptera
272,3171.6869506835938,1715.7157669067383,3216.2462158203125,1766.9644165039062,0.0001224539300892502,Coleoptera
273,2800.164717435837,1994.4326782226562,2828.280693054199,2086.1224670410156,0.00011620665463851765,Coleoptera
274,1200.1925110816956,3325.227783203125,1233.9787673950195,3417.453826904297,0.00011141177674289793,Coleoptera
275,4108.113564729691,174.174072265625,4134.709747314453,267.8724365234375,0.00010815780115080997,Coleoptera
276,3305.713150024414,2956.008937716484,3384.176284790039,2987.203212738037,0.00010585811105556786,Coleoptera
277,0.0,2108.183578491211,13.093871116638184,2207.585662841797,0.00010437623859615996,Coleoptera
278,2886.443084716797,1656.7183532714844,2900.0,1699.6959838867188,9.696456982055679e-05,Coleoptera
279,288.071533203125,1378.6883544921875,695.5186767578125,2126.356201171875,9.556716395309195e-05,Coleoptera
280,2000.1219809055328,201.557373046875,2039.6341438293457,277.9420471191406,9.549529204377905e-05,Coleoptera
281,3600.0012785196304,2400.870943069458,3616.035768508911,2543.4349517822266,9.34855779632926e-05,Coleoptera
282,3200.0,665.8096923828125,3236.91690826416,743.4698181152344,9.24471314647235e-05,Coleoptera
283,1145.6858520507812,1600.0651463866234,1234.197509765625,1614.1982641220093,9.133770072367042e-05,Coleoptera
284,912.0962600708008,400.05688071250916,992.3607330322266,432.4101142883301,8.92085226951167e-05,Coleoptera
285,4531.404296875,2956.0,4607.8016357421875,2971.23827457428,8.856265048962086e-05,Coleoptera
286,4108.0,4.838657379150391,4144.877197265625,104.423095703125,8.109776536002755e-05,Coleoptera
287,2494.0186462402344,2438.9896850585938,2500.0,2497.0551147460938,8.042236731853336e-05,Coleoptera
288,3009.7445526123047,2000.0592909753323,3082.9498291015625,2012.425521850586,8.016089850571007e-05,Coleoptera
289,4000.0,3369.24072265625,4022.6537380218506,3456.0,7.913970330264419e-05,Coleoptera
290,3600.2320259809494,502.4595489501953,3633.1756172180176,605.0780334472656,7.885660306783393e-05,Coleoptera
291,2842.625518798828,465.41949462890625,2899.986358642578,500.0,7.681993884034455e-05,Coleoptera
292,4061.892120361328,1658.0741882324219,4100.0,1699.9088134765625,7.276379619725049e-05,Coleoptera
293,2720.1422729492188,2088.4677734375,2780.125244140625,2099.5878295898438,7.247045869007707e-05,Coleoptera
294,4371.392059326172,800.0030040740967,4425.856109619141,805.1342034339905,7.242058927658945e-05,Coleoptera
295,2400.215658545494,544.8964385986328,2437.7047958374023,599.2715148925781,7.017459574854001e-05,Coleoptera
296,1600.0072658061981,281.9075622558594,1644.2689170837402,352.5641784667969,6.90399538143538e-05,Coleoptera
297,0.0,1789.2191467285156,40.9433479309082,1892.25439453125,6.77816933603026e-05,Coleoptera
298,937.0071716308594,2491.5575790405273,986.7132873535156,2532.307907104492,6.774756911909208e-05,Coleoptera
299,3200.0,2869.1835861206055,3232.243667602539,2957.4426879882812,6.684663094347343e-05,Coleoptera
300,0,1070.6698303222656,34.18974304199219,1142.9488220214844,6.415812822524458e-05,Coleoptera
301,3200.038805603981,821.0982799530029,3231.500970840454,899.8764953613281,6.230682629393414e-05,Coleoptera
302,0.03844499588012695,389.546875,46.39910888671875,497.4555969238281,6.10022216278594e-05,Coleoptera
303,4123.641796112061,2400.0,4205.037643432617,2407.684247970581,5.953801155555993e-05,Coleoptera
304,4108.00424683094,3355.979705810547,4151.280757904053,3447.830291748047,5.93132026551757e-05,Coleoptera
305,400.22616386413574,2691.3556518554688,426.6481075286865,2758.5223083496094,5.813710595248267e-05,Coleoptera
306,3324.180244445801,0.10195784270763397,3387.0326232910156,5.430642604827881,5.660120223183185e-05,Coleoptera
307,1663.3238563537598,1200.0269770622253,1731.930160522461,1213.570502281189,5.5522330512758344e-05,Coleoptera
308,2148.4385986328125,2956.1454949378967,2208.7503967285156,2970.5029067993164,5.322490324033424e-05,Coleoptera
309,2883.6148529052734,3417.575408935547,2963.926559448242,3456.0,5.240256723482162e-05,Coleoptera
310,3694.2659301757812,61.20712661743164,3700.0,124.90135192871094,5.0233797082910314e-05,Coleoptera
311,0.04009902477264404,767.4074096679688,44.28063201904297,867.11865234375,4.807201185030863e-05,Coleoptera
312,1928.2870178222656,3410.9273376464844,2001.7383117675781,3455.847900390625,4.777163121616468e-05,Coleoptera
313,3115.882110595703,2400,3179.315185546875,2413.444401741028,4.758970680995844e-05,Coleoptera
314,527.099250793457,1684.7370834350586,614.2195434570312,1729.7581939697266,4.68254838779103e-05,Coleoptera
315,800.0657558441162,2702.0098571777344,832.4916191101074,2808.2034912109375,4.647209061658941e-05,Coleoptera
316,4556.6363525390625,3343.3381958007812,4608.0,3426.2817993164062,4.592040932038799e-05,Coleoptera
317,3045.4922637939453,2400.040812790394,3150.8072814941406,2412.6380558013916,4.4143409468233585e-05,Coleoptera
318,2358.7916870117188,400.06004869937897,2419.959747314453,413.33583641052246,4.306551636545919e-05,Coleoptera
319,800.0,2481.5444946289062,885.9737854003906,2500.0,4.1588569729356095e-05,Coleoptera
320,800.1218020915985,3388.416015625,845.0522193908691,3441.5023803710938,4.130355955567211e-05,Coleoptera
321,1262.5354614257812,2462.563995361328,1299.7363891601562,2499.2981872558594,3.935602217097767e-05,Coleoptera
322,742.5139770507812,2400.105908513069,806.6974182128906,2413.7741718292236,3.835952156805433e-05,Coleoptera
323,1690.6004333496094,800.0234305858612,1767.309814453125,813.1740007400513,3.8262300222413614e-05,Coleoptera
324,1639.9693565368652,3156.7850036621094,1702.412712097168,3205.949462890625,3.78393851860892e-05,Coleoptera
325,3294.2935485839844,547.9897918701172,3300.0,611.1084442138672,3.708542135427706e-05,Coleoptera
326,800.2963542938232,283.3494567871094,841.4944000244141,378.0520935058594,3.6928624467691407e-05,Coleoptera
327,3200.1642674207687,140.8426513671875,3233.4635734558105,240.0556640625,3.66647400369402e-05,Coleoptera
328,1255.3766975402832,2800,1323.7798461914062,2813.1529722213745,3.54072981281206e-05,Coleoptera
329,2400.16211271286,90.91792297363281,2435.7624893188477,214.3626708984375,3.510092574288137e-05,Coleoptera
330,800.1903206110001,150.68569946289062,836.5160751342773,223.38375854492188,3.294174530310556e-05,Coleoptera
331,2433.724395751953,800.0233806669712,2497.2759399414062,812.4632911682129,3.287910294602625e-05,Coleoptera
332,2252.617889404297,2.0699591636657715,2323.8590087890625,32.25971603393555,3.264334736741148e-05,Coleoptera
333,2267.672149658203,1200,2343.4119262695312,1228.174077987671,3.141323395539075e-05,Coleoptera
334,903.2006759643555,2473.4029235839844,985.7763366699219,2499.781280517578,3.102628397755325e-05,Coleoptera
335,2800.2318024635315,1677.7170639038086,2841.9364051818848,1773.5268859863281,3.0403518394450657e-05,Coleoptera
336,2300.7906799316406,2800.0029392540455,2389.6817321777344,2811.4993286132812,3.0225752198020928e-05,Coleoptera
337,4486.04345703125,2800,4549.5732421875,2806.387291908264,2.9904635084676556e-05,Coleoptera
338,800.2654284238815,889.4621047973633,824.2348728179932,961.7530517578125,2.967149885080289e-05,Coleoptera
339,2400.273299217224,1215.1569604873657,2429.7676677703857,1305.5792083740234,2.9527118385885842e-05,Coleoptera
340,3200.0687539577484,3410.76220703125,3242.784912109375,3455.7586669921875,2.9291197279235348e-05,Coleoptera
341,4396.815368652344,3443.8856811523438,4500.0,3455.8809814453125,2.9126351364539005e-05,Coleoptera
342,3200.23452937603,931.3204956054688,3223.3383026123047,1014.1109771728516,2.8985727112740278e-05,Coleoptera
343,0.013600662350654602,2652.7374725341797,34.766197204589844,2738.2438354492188,2.8006668799207546e-05,Coleoptera
344,2455.2374877929688,526.9746780395508,2499.7904663085938,600.7342376708984,2.7395066354074515e-05,Coleoptera
345,2400.0248812139034,2141.0750579833984,2405.9426612854004,2224.589569091797,2.7228139515500516e-05,Coleoptera
346,1716.4908065795898,1012.2594604492188,1756.6729431152344,1076.0922241210938,2.6962385163642466e-05,Coleoptera
347,400.3594845533371,3175.4010314941406,425.6227607727051,3289.562042236328,2.5704588551889174e-05,Coleoptera
348,1400.2788543701172,2400.05903840065,1491.6068115234375,2413.1435680389404,2.5697114324430004e-05,Coleoptera
349,1632.8539733886719,2060.0861206054688,1700.0,2099.9623413085938,2.4735900296946056e-05,Coleoptera
350,2758.1715698242188,800.0,2829.0687561035156,827.2845802307129,2.3546306692878716e-05,Coleoptera
351,3549.4812927246094,1600.0864788889885,3640.7772216796875,1613.6352081298828,2.2969808924244717e-05,Coleoptera
352,466.13525390625,1907.8580932617188,500.0,2025.2351684570312,2.2876858565723523e-05,Coleoptera
353,2861.1848945617676,0.09094327688217163,2930.303680419922,13.673819541931152,2.2797976271249354e-05,Coleoptera
354,800.2031087875366,435.6030578613281,828.0439434051514,519.2324981689453,2.2763997549191117e-05,Coleoptera
355,4108.03125295043,902.2162094116211,4146.313415527344,1003.7200469970703,2.234407111245673e-05,Coleoptera
356,400.1332938671112,3151.0518493652344,434.6777572631836,3224.4014282226562,2.1873158402740955e-05,Coleoptera
357,0.7103949785232544,2872.3021240234375,30.938467025756836,2951.209518432617,2.1861795175937004e-05,Coleoptera
358,2800.13867020607,3399.0829162597656,2831.0290813446045,3455.957000732422,2.1484886019607075e-05,Coleoptera
359,1600.16271173954,120.91717529296875,1636.5075035095215,215.63291931152344,2.1445930542540736e-05,Coleoptera
360,3293.470184326172,2800,3299.964813232422,2842.460102081299,2.1241794456727803e-05,Coleoptera
361,3523.5558166503906,2956.045008957386,3626.4261169433594,2971.8913221359253,2.003789268201217e-05,Coleoptera
362,400.0342935323715,2400,440.89199447631836,2449.7736167907715,2.002453948080074e-05,Coleoptera
363,3600.0677585601807,1630.3836364746094,3649.96928024292,1699.8822326660156,1.9447834347374737e-05,Coleoptera
364,3403.5723724365234,2000.0392377376556,3479.915283203125,2012.9326314926147,1.9414792404859327e-05,Coleoptera
365,4000.2322375774384,84.70541381835938,4035.4814949035645,215.49415588378906,1.9198858353774995e-05,Coleoptera
366,1200.187200307846,1803.7421264648438,1242.9283638000488,1890.9761352539062,1.907981641124934e-05,Coleoptera
367,2516.7674102783203,464.56824493408203,2631.7743225097656,547.232421875,1.8954424376715906e-05,Coleoptera
368,2000.069111585617,718.5528259277344,2027.1864566802979,791.3246765136719,1.8950251615024172e-05,Coleoptera
369,1600.0143699347973,1587.2262878417969,1634.1817016601562,1700.0,1.8601989722810686e-05,Coleoptera
370,800.1304745674133,3164.4388122558594,849.2334442138672,3242.6420288085938,1.7775311789591797e-05,Coleoptera
371,4538.873687744141,865.6257019042969,4602.071594238281,899.85498046875,1.7605763787287287e-05,Coleoptera
372,3300.674644470215,800.0486776232719,3380.145721435547,812.8284673690796,1.7574613593751565e-05,Coleoptera
373,0.21100640296936035,2983.289505004883,38.6105842590332,3074.3793334960938,1.752109528752044e-05,Coleoptera
374,2482.5767364501953,471.82110595703125,2542.0519256591797,499.542724609375,1.7162250514957123e-05,Coleoptera
375,4108.293096899986,3174.286163330078,4142.605457305908,3265.113525390625,1.6797162970760837e-05,Coleoptera
376,4000.0,1887.4537658691406,4047.8464698791504,1985.1305847167969,1.6632677215966396e-05,Coleoptera
377,3200.0849843025208,2513.3852005004883,3234.376178741455,2593.8569946289062,1.6552121451240964e-05,Coleoptera
378,2400.364473462105,3357.0752563476562,2432.0492248535156,3410.963592529297,1.6237536328844726e-05,Coleoptera
379,2138.2576904296875,2473.362030029297,2189.9319610595703,2523.6738662719727,1.614692337170709e-05,Coleoptera
380,4000.1297175884247,1650.163459777832,4030.0515003204346,1732.7343444824219,1.6140918887685984e-05,Coleoptera
381,400.31213760375977,441.85929107666016,431.1065139770508,518.590950012207,1.5850453564780764e-05,Coleoptera
382,2232.064483642578,956.6729583740234,2279.5057678222656,1002.1378021240234,1.5832021745154634e-05,Coleoptera
383,2003.8946228027344,488.3358154296875,2072.961700439453,499.7372741699219,1.5702198652434163e-05,Coleoptera
384,3255.655517578125,1686.2267150878906,3299.95068359375,1699.9440307617188,1.5484110917896032e-05,Coleoptera
385,2541.892364501953,400.08623749017715,2601.3949127197266,413.54887676239014,1.5023659216240048e-05,Coleoptera
386,3600.2174004912376,3335.5257263183594,3623.5530490875244,3396.1141967773438,1.473635438742349e-05,Coleoptera
387,800.2901554107666,2412.1597290039062,819.9350891113281,2498.922576904297,1.4673584701085929e-05,Coleoptera
388,4510.1800537109375,2400.0667437911034,4608.0,2414.4079055786133,1.460602470615413e-05,Coleoptera
389,1603.0271112918854,2122.426368713379,1680.7195892333984,2176.3285217285156,1.4353729056892917e-05,Coleoptera
390,4117.908050537109,2322.496826171875,4171.363193511963,2395.306121826172,1.4341346286528278e-05,Coleoptera
391,4013.2335815429688,0.33330172300338745,4069.398406982422,12.640825271606445,1.4194989489624277e-05,Coleoptera
392,1257.7639465332031,2934.9701385498047,1299.90625,3035.5444946289062,1.4091189768805634e-05,Coleoptera
393,1308.9424133300781,2956.0695031136274,1386.9491577148438,2968.552921295166,1.401629651809344e-05,Coleoptera
394,0.03892779350280762,1798.3549346923828,12.162736892700195,1879.6701049804688,1.4004111108079087e-05,Coleoptera
395,1307.2057723999023,1968.1074829101562,1408.2917175292969,2033.7286987304688,1.3996635061630514e-05,Coleoptera
396,1200.2273380756378,2116.509246826172,1245.1564140319824,2197.360870361328,1.3986694284540135e-05,Coleoptera
397,2800.198209285736,2501.435516357422,2829.8792667388916,2593.515182495117,1.397606774844462e-05,Coleoptera
398,1200.330165028572,140.604736328125,1225.3989658355713,218.42074584960938,1.3909504559705965e-05,Coleoptera
399,2457.9795837402344,2400,2499.8702087402344,2452.566074371338,1.3902887076255865e-05,Coleoptera
400,3147.0791931152344,800.0233024358749,3230.65234375,811.7838973999023,1.389694898534799e-05,Coleoptera
401,1319.593406677246,1677.4212036132812,1354.856704711914,1698.5025329589844,1.386619533150224e-05,Coleoptera
402,1200.0720620155334,2830.0758838653564,1239.253246307373,2904.2590713500977,1.3829298040946014e-05,Coleoptera
403,1200.240182876587,1407.2876892089844,1230.0596008300781,1462.6282348632812,1.3791210221825168e-05,Coleoptera
404,1160.107177734375,400.0,1224.8298645019531,435.5091247558594,1.3691967069462407e-05,Coleoptera
405,2213.147262573242,3194.142532348633,2300.420867919922,3266.7522583007812,1.3675276932190172e-05,Coleoptera
406,1600.1989543437958,3361.911163330078,1627.605131149292,3456.0,1.349666308669839e-05,Coleoptera
407,3146.2074279785156,2075.100372314453,3203.024658203125,2099.70849609375,1.2955690181115642e-05,Coleoptera
408,3600.2823054790497,123.20289611816406,3627.5158309936523,206.5834503173828,1.2931976925756317e-05,Coleoptera
409,1600.2469718456268,1524.9159851074219,1633.4367218017578,1621.3529968261719,1.2737268662021961e-05,Coleoptera
410,800.3414183855057,1260.16064453125,833.6699333190918,1300.0,1.271250130230328e-05,Coleoptera
411,3200.1278787851334,1028.5486755371094,3237.3568687438965,1120.1195983886719,1.2692634300037753e-05,Coleoptera
412,4000.235825777054,199.954833984375,4026.3080081939697,282.4788513183594,1.2689813956967555e-05,Coleoptera
413,26.6107177734375,1200.2966329455376,83.15657043457031,1212.2312908172607,1.243973383679986e-05,Coleoptera
414,2419.7567138671875,1200.2815902233124,2490.7718505859375,1214.1718444824219,1.2420257917256095e-05,Coleoptera
415,2850.9922485351562,1865.3450622558594,2905.590560913086,1914.0673522949219,1.2114116543671116e-05,Coleoptera
416,2000.2633422613144,1447.4591217041016,2041.0279235839844,1513.7555236816406,1.1902242476935498e-05,Coleoptera
417,3336.4434967041016,579.7977905273438,3360.873001098633,617.2589721679688,1.1829693903564475e-05,Coleoptera
418,2894.2722778320312,3407.048095703125,2900.0,3454.093994140625,1.1768494005082175e-05,Coleoptera
419,2686.3284912109375,2056.174514770508,2750.5428466796875,2111.7409133911133,1.176121168100508e-05,Coleoptera
420,800.1482129096985,1461.6591491699219,835.3570938110352,1537.5813903808594,1.1702485608111601e-05,Coleoptera
421,4496.344940185547,1204.8180847167969,4554.914093017578,1242.3984985351562,1.1679985618684441e-05,Coleoptera
422,2257.5393676757812,1600,2321.648468017578,1617.7158069610596,1.1490904398669954e-05,Coleoptera
423,2863.4359436035156,585.4090728759766,2899.9767456054688,659.9475708007812,1.1426266610214952e-05,Coleoptera
424,2831.126298904419,2325.1301879882812,2899.227180480957,2391.9588623046875,1.133008481701836e-05,Coleoptera
425,2494.1751403808594,3348.754364013672,2500.0,3420.700408935547,1.1165008800162468e-05,Coleoptera
426,268.2742919921875,844.9414367675781,315.1808776855469,899.7603454589844,1.1123687727376819e-05,Coleoptera
427,1600.0635206699371,689.3891296386719,1646.0130157470703,741.8704833984375,1.1033934242732357e-05,Coleoptera
428,4465.453155517578,1687.1512451171875,4544.592376708984,1699.8541870117188,1.090866317099426e-05,Coleoptera
429,2845.2111206054688,2487.7615966796875,2900.0,2499.980438232422,1.0903546353802085e-05,Coleoptera
430,4000,1166.5711364746094,4037.6977500915527,1238.8842468261719,1.0864040632441174e-05,Coleoptera
431,3929.7150268554688,1675.6842041015625,3980.1362915039062,1699.3486022949219,1.0859048416023143e-05,Coleoptera
432,800.1209884881973,2555.8807678222656,828.7685356140137,2635.823196411133,1.08567182905972e-05,Coleoptera
433,1656.7290344238281,2488.3212890625,1699.7539672851562,2499.9212341308594,1.0682543688744772e-05,Coleoptera
434,4093.6043701171875,1945.884765625,4100.0,2021.3456726074219,1.0668300092220306e-05,Coleoptera
435,2800.148755311966,2228.2604217529297,2837.4404373168945,2294.79638671875,1.0575955457170494e-05,Coleoptera
436,1200.0509470701218,2489.6829986572266,1234.8996505737305,2554.4528045654297,1.0267477591696661e-05,Coleoptera
437,2230.4908294677734,487.836181640625,2306.3101806640625,500.0,1.0175196621275973e-05,Coleoptera
438,400.25964081287384,2135.0228576660156,434.8967628479004,2226.3346252441406,9.924458936438896e-06,Coleoptera
439,3272.081184387207,876.6463317871094,3325.3246536254883,898.3202819824219,9.712579412735067e-06,Coleoptera
440,2000.3356754779816,1626.3089656829834,2030.6207427978516,1703.494514465332,9.617348041501828e-06,Coleoptera
441,3239.679718017578,2067.0616149902344,3299.628173828125,2100.0,9.597401913197245e-06,Coleoptera
442,3724.5663986206055,1294.0357055664062,3781.612075805664,1300.0,9.577543096384034e-06,Coleoptera
443,2856.516098022461,2000.0360526144505,2943.981979370117,2012.8359451293945,9.555683391226921e-06,Coleoptera
444,400.2231299877167,599.8201293945312,439.3846435546875,699.7834777832031,9.438721463084221e-06,Coleoptera
445,2800.166592001915,2174.885040283203,2840.0973777770996,2240.242904663086,9.385707926412579e-06,Coleoptera
446,1858.0406188964844,1200.06984770298,1923.171630859375,1214.6653490066528,9.30423539102776e-06,Coleoptera
447,4108.714036822319,1227.8037300109863,4130.454542160034,1286.8165969848633,9.261802915716544e-06,Coleoptera
448,2949.1231994628906,1698.005386352539,3004.712432861328,1741.135986328125,9.121084076468833e-06,Coleoptera
449,2800.165581703186,418.2664794921875,2843.6372680664062,495.7969665527344,8.887986041372642e-06,Coleoptera
450,800.1588195562363,1322.4170684814453,840.6584053039551,1404.922622680664,8.87732039700495e-06,Coleoptera
451,3892.3172912597656,2800.0438913702965,3938.6516723632812,2813.1575269699097,8.863456059771124e-06,Coleoptera
452,1706.21630859375,2000.0924184918404,1792.946548461914,2012.3200607299805,8.822083145787474e-06,Coleoptera
453,4563.148406982422,128.5107879638672,4607.907409667969,201.74154663085938,8.722363418200985e-06,Coleoptera
454,236.2012939453125,1600.0272870063782,332.25946044921875,1652.370677947998,8.70458097779192e-06,Coleoptera
455,2000.2253025770187,410.1292724609375,2034.5947723388672,503.5524368286133,8.559339221392293e-06,Coleoptera
456,4550.863372802734,2468.5728149414062,4607.455535888672,2499.6421813964844,8.484206773573533e-06,Coleoptera
457,2000.1250714063644,1698.0075607299805,2028.2045269012451,1749.6338653564453,8.47689534566598e-06,Coleoptera
458,800,2298.438018798828,842.6479148864746,2355.4059448242188,8.429774425167125e-06,Coleoptera
459,799.9502563476562,541.0649719238281,841.4446411132812,590.7550354003906,8.427708962699398e-06,Coleoptera
460,4489.676666259766,1476.7329406738281,4500.0,1515.4308166503906,8.425040505244397e-06,Coleoptera
461,1200.049877166748,1945.9830627441406,1245.4408226013184,2039.1671752929688,8.266965778602753e-06,Coleoptera
462,655.7325439453125,1206.3824768066406,696.5647583007812,1255.1965637207031,8.247570804087445e-06,Coleoptera
463,2478.130058288574,1291.4220275878906,2538.2902221679688,1300.0,8.245628123404458e-06,Coleoptera
464,894.1058578491211,206.66244506835938,945.91845703125,258.5423278808594,8.19779234007001e-06,Coleoptera
465,4108.2095848321915,1870.95458984375,4143.468502044678,1939.4022827148438,8.179479664249811e-06,Coleoptera
466,455.9689178466797,2000.3952622413635,535.5699462890625,2044.570411682129,8.097781574178953e-06,Coleoptera
467,4051.2045288085938,2000,4100.0,2034.3057174682617,8.090487426670734e-06,Coleoptera
468,2800.271499156952,801.3738036155701,2838.4778900146484,879.9453048706055,8.080833140411414e-06,Coleoptera
469,3105.206817626953,0.18516480922698975,3174.5856323242188,7.596164703369141,8.071152478805743e-06,Coleoptera
470,1014.8014984130859,1346.371841430664,1057.7445068359375,1400.283432006836,8.020655513973907e-06,Coleoptera
471,3824.206298828125,2800.019633769989,3904.2264404296875,2813.551658630371,7.996231033757795e-06,Coleoptera
472,3860.541961669922,3403.113525390625,3937.3648071289062,3455.6109924316406,7.722518603259232e-06,Coleoptera
473,892.4099426269531,2458.123504638672,900.0,2521.482109069824,7.692294275329914e-06,Coleoptera
474,20.583927154541016,981.0767517089844,79.88936614990234,1051.0061798095703,7.680770977458451e-06,Coleoptera
475,3694.1671447753906,1561.7871704101562,3700.0,1636.2144470214844,7.656862180738244e-06,Coleoptera
476,4093.10107421875,87.40897369384766,4100.0,171.73538208007812,7.573310995212523e-06,Coleoptera
477,2674.873016357422,996.5074005126953,2706.590118408203,1039.990234375,7.515702236560173e-06,Coleoptera
478,2400.49085021019,83.37000274658203,2432.955265045166,136.10897827148438,7.48772208680748e-06,Coleoptera
479,800.1945406198502,1200.0241696834564,843.8703880310059,1269.070442199707,7.299845492525492e-06,Coleoptera
480,2868.087677001953,942.9924926757812,2899.7892456054688,991.1506958007812,7.113765150279505e-06,Coleoptera
481,3118.41796875,1914.8145446777344,3173.5961303710938,1962.9977416992188,7.0684154707123525e-06,Coleoptera
482,3649.8150939941406,1798.515609741211,3699.8714599609375,1888.0136413574219,7.063577868393622e-06,Coleoptera
483,2305.3377075195312,1677.3818969726562,2347.463409423828,1699.4382019042969,7.062890290399082e-06,Coleoptera
484,711.2811584472656,2956.113660097122,776.2123107910156,2970.081573486328,6.957477580726845e-06,Coleoptera
485,2888.0439834594727,1600.0,2944.285110473633,1617.5363540649414,6.95207836542977e-06,Coleoptera
486,1409.0984344482422,2016.5592041015625,1455.9583740234375,2045.2276306152344,6.731122084602248e-06,Coleoptera
487,4000.0727832317352,2000,4044.4468688964844,2060.308277130127,6.683856554445811e-06,Coleoptera
488,1200.0743299722672,2308.2478637695312,1238.492862701416,2376.8575744628906,6.599370408366667e-06,Coleoptera
489,1200.3440380096436,1091.1939697265625,1239.5577239990234,1159.934814453125,6.514603683172027e-06,Coleoptera
490,1604.4597582817078,771.8659362792969,1646.4357070922852,827.7778625488281,6.507015768875135e-06,Coleoptera
491,1799.70654296875,1110.0615234375,1842.1860656738281,1181.3976440429688,6.496418336610077e-06,Coleoptera
492,1600.133192539215,3259.2486877441406,1625.2784729003906,3299.5896911621094,6.4861983446462546e-06,Coleoptera
493,4108.3529489040375,1690.4678573608398,4136.656703948975,1767.9137420654297,6.479644525825279e-06,Coleoptera
494,725.6641845703125,2000.1936342567205,793.9765319824219,2012.6121311187744,6.4661880969651975e-06,Coleoptera
495,1600.23712515831,1695.2986602783203,1625.786117553711,1759.6484985351562,6.4460850808245596e-06,Coleoptera
496,4451.77197265625,3317.3353271484375,4533.089691162109,3377.5693359375,6.357657184707932e-06,Coleoptera
497,800.2375215291977,194.75880432128906,826.9378452301025,265.77557373046875,6.295940238487674e-06,Coleoptera
498,2449.2945556640625,1600.0338196754456,2499.936004638672,1633.36039352417,6.1845498748880345e-06,Coleoptera
499,4037.8199462890625,2089.5120544433594,4100.0,2100.0,6.087390374887036e-06,Coleoptera
500,1600.216993689537,908.7647399902344,1644.2593307495117,992.6217041015625,6.026830305927433e-06,Coleoptera
501,1309.0748672485352,0.8653126955032349,1389.4440002441406,12.326390266418457,6.017589385010069e-06,Coleoptera
502,4000.0,1514.3304748535156,4057.898914337158,1596.34423828125,6.009646767779486e-06,Coleoptera
503,283.49090576171875,2400.021415948868,358.0763244628906,2416.3411979675293,5.982975835649995e-06,Coleoptera
504,1200.3444522619247,502.4131317138672,1236.7394218444824,587.3886566162109,5.932499789196299e-06,Coleoptera
505,1239.8883361816406,1200.1177191734314,1324.2433395385742,1219.7503566741943,5.8967439144907985e-06,Coleoptera
506,3600.514470040798,11.089015007019043,3623.663980484009,87.75859069824219,5.868150310561759e-06,Coleoptera
507,2400.407502055168,620.4275207519531,2429.7099590301514,716.7716979980469,5.8353421081847046e-06,Coleoptera
508,4108.231364369392,2251.139450073242,4134.404350280762,2364.73779296875,5.8259615798306186e-06,Coleoptera
509,1558.2186279296875,877.4336929321289,1611.1981506347656,919.6269378662109,5.77077480556909e-06,Coleoptera
510,1237.0453796386719,2891.7630310058594,1299.9679565429688,2900.0,5.7210199884139e-06,Coleoptera
511,1200.1518279314041,2265.2943115234375,1239.2807350158691,2332.6564331054688,5.645606961479643e-06,Coleoptera
512,3200.0294730067253,1815.0089263916016,3208.106846809387,1909.9981384277344,5.643254553433508e-06,Coleoptera
513,1750.8341827392578,2051.9358863830566,1798.2972564697266,2088.401969909668,5.63128241992672e-06,Coleoptera
514,3785.765594482422,3431.737762451172,3852.5433044433594,3453.918701171875,5.5067498578864615e-06,Coleoptera
515,4543.844909667969,2299.2958984375,4586.036407470703,2382.4806213378906,5.475278157973662e-06,Coleoptera
516,0.5497023463249207,1177.3683471679688,20.352066040039062,1268.8401184082031,5.40836799700628e-06,Coleoptera
517,800.3329873085022,1425.947280883789,826.5844402313232,1488.9893493652344,5.341985342965927e-06,Coleoptera
518,1593.8190307617188,400.1122176647186,1668.9458923339844,415.9699592590332,5.331795819074614e-06,Coleoptera
519,406.943434715271,1737.0396423339844,455.8107376098633,1786.6865234375,5.31532168679405e-06,Coleoptera
520,400.3116846084595,43.02429962158203,427.42445373535156,125.72145080566406,5.3104013204574585e-06,Coleoptera
521,334.4117126464844,3444.7891845703125,443.064697265625,3456.0,5.2619652706198394e-06,Coleoptera
522,4433.199981689453,3183.570343017578,4488.213165283203,3227.7364196777344,5.251547918305732e-06,Coleoptera
523,400.0157415866852,1626.0059356689453,445.8836479187012,1733.9461517333984,5.198187864152715e-06,Coleoptera
524,4519.100433349609,2695.0660705566406,4572.844268798828,2769.2311401367188,5.168740244698711e-06,Coleoptera
525,4176.107971191406,1536.2893676757812,4215.486907958984,1601.2854614257812,5.1381807679717895e-06,Coleoptera
526,1258.4992370605469,1649.6011352539062,1299.700927734375,1697.43896484375,5.0767989705491345e-06,Coleoptera
527,3233.7554931640625,800.0589698553085,3294.279296875,813.2022914886475,5.042991688242182e-06,Coleoptera
528,2400.299581885338,1379.7655181884766,2430.568838119507,1465.1437683105469,4.931704552291194e-06,Coleoptera
529,1811.673599243164,479.61492919921875,1865.3755798339844,498.7286682128906,4.923654159938451e-06,Coleoptera
530,464.4327087402344,3088.5728912353516,499.79144287109375,3151.0611419677734,4.896990503766574e-06,Coleoptera
531,2330.3281860351562,800.0104025006294,2402.7657470703125,814.3967390060425,4.81088318338152e-06,Coleoptera
532,2800.1714646816254,1602.5731563568115,2833.627342224121,1679.308578491211,4.633390744857024e-06,Coleoptera
533,400.65245032310486,157.7646026611328,445.66649627685547,220.3889617919922,4.538493612926686e-06,Coleoptera
534,168.7227783203125,3.3017098903656006,225.19512939453125,43.0359001159668,4.531111699179746e-06,Coleoptera
535,1600.4299700260162,1059.8067626953125,1627.1194686889648,1122.4434509277344,4.455582711671013e-06,Coleoptera
536,400.15048384666443,728.7979736328125,440.8832092285156,798.3296813964844,4.430528406373924e-06,Coleoptera
537,4505.082244873047,3180.0908203125,4565.401092529297,3233.8505859375,4.414640443428652e-06,Coleoptera
538,437.61029052734375,3347.198455810547,499.75,3388.5623474121094,4.193640961602796e-06,Coleoptera
539,0.6125360727310181,3316.0087280273438,26.39600372314453,3399.727294921875,4.139253633184126e-06,Coleoptera
540,1200.4729002714157,2357.5299682617188,1237.8777351379395,2432.4933471679688,4.089259164175019e-06,Coleoptera
541,4516.054016113281,2842.7342414855957,4541.442840576172,2906.252861022949,4.088170953764347e-06,Coleoptera
542,1419.5071258544922,2869.2176818847656,1449.8229064941406,2898.0056762695312,4.017638275399804e-06,Coleoptera
543,610.6402893066406,1692.118881225586,658.51904296875,1738.0418243408203,3.975279469159432e-06,Coleoptera
544,623.4803619384766,1670.1020202636719,669.7439575195312,1699.4444885253906,3.882526470988523e-06,Coleoptera
545,503.5836944580078,1432.4519653320312,524.9850311279297,1493.053955078125,3.809371492025093e-06,Coleoptera
546,4108.4031002521515,2407.9872131347656,4166.059509277344,2474.5028381347656,3.8025109461159445e-06,Coleoptera
547,2339.695587158203,809.6218585968018,2404.814666748047,849.6802749633789,3.7859131225559395e-06,Coleoptera
548,2000.256496667862,814.5861387252808,2038.4565544128418,880.2837753295898,3.657530442069401e-06,Coleoptera
549,1760.7083587646484,635.965087890625,1817.1007385253906,676.1881103515625,3.288830612291349e-06,Coleoptera
550,400.18531680107117,1909.9929809570312,436.6320266723633,2011.5728454589844,2.8162278340460034e-06,Coleoptera
551,3049.536865234375,2969.385009765625,4588.548828125,3407.865234375,0.021809067577123642,Ephemeroptera
552,60.407447814941406,1755.09765625,390.9761962890625,2381.191650390625,0.01694720797240734,Ephemeroptera
553,4000.0,2519.074676513672,4033.77140045166,2832.7186584472656,0.013580463826656342,Ephemeroptera
554,4000.0,2227.3426513671875,4130.3477783203125,2623.100311279297,0.009320191107690334,Ephemeroptera
555,4419.691925048828,1346.3509521484375,4608.0,2665.4443359375,0.007659116759896278,Ephemeroptera
556,4405.913360595703,1110.99267578125,4608.0,1293.0508499145508,0.007624358870089054,Ephemeroptera
557,55.66859436035156,39.769126892089844,505.07391357421875,528.1653900146484,0.007223046384751797,Ephemeroptera
558,187.28466796875,2000.0,406.4679260253906,2101.842430114746,0.005964465904980898,Ephemeroptera
559,137.3382568359375,1600.0,529.3649597167969,2082.1173706054688,0.005027271807193756,Ephemeroptera
560,4000.0,1200.0,4060.1968994140625,1531.3871154785156,0.00491529842838645,Ephemeroptera
561,4072.1080322265625,2457.3217391967773,4100.0,2676.292266845703,0.004001471679657698,Ephemeroptera
562,3403.6134643554688,2458.4798889160156,3696.4628295898438,2500.0,0.003930007107555866,Ephemeroptera
563,4422.060974121094,805.5071716308594,4608.0,988.0532531738281,0.003398194443434477,Ephemeroptera
564,3579.941131591797,2286.3901977539062,3761.47998046875,2588.1424102783203,0.0033914397936314344,Ephemeroptera
565,3200.0,1333.2590789794922,3241.3837280273438,1700.0,0.002956463024020195,Ephemeroptera
566,4457.5213623046875,338.756591796875,4608.0,719.356689453125,0.002916585886850953,Ephemeroptera
567,0.0,270.2217712402344,122.79107666015625,522.7660217285156,0.0027541154995560646,Ephemeroptera
568,2371.906768798828,2774.099365234375,2523.147560119629,2950.7964782714844,0.0025252096820622683,Ephemeroptera
569,3445.495132446289,2449.8038330078125,3587.2564697265625,2499.9912719726562,0.0025141455698758364,Ephemeroptera
570,3600.0,2415.670305252075,3628.9762649536133,2678.216796875,0.002127891406416893,Ephemeroptera
571,4000.0,886.6194763183594,4065.9464950561523,1135.5059509277344,0.0018668889533728361,Ephemeroptera
572,3994.919403076172,748.1596374511719,4134.688858032227,916.6581726074219,0.001652641105465591,Ephemeroptera
573,3200.0,1532.4057006835938,3324.275680541992,1710.7553482055664,0.0012744367122650146,Ephemeroptera
574,3261.5494384765625,2178.2461700439453,3300.0,2301.476287841797,0.0010992869501933455,Ephemeroptera
575,4577.802764892578,409.00609493255615,4608.0,794.6417541503906,0.001078292727470398,Ephemeroptera
576,3200.0,17.232465744018555,3258.311367034912,367.2044372558594,0.0009431419894099236,Ephemeroptera
577,385.9367980957031,2000.0,716.6301574707031,2182.331008911133,0.0009390742634423077,Ephemeroptera
578,1064.9332580566406,790.76806640625,1347.1729278564453,916.5199508666992,0.0009103327756747603,Ephemeroptera
579,3134.063934326172,1153.6909484863281,3342.653274536133,1333.5015258789062,0.0008691797265782952,Ephemeroptera
580,220.4479217529297,2827.4208984375,1855.7021484375,3456.0,0.0008535904926247895,Ephemeroptera
581,3929.9711303710938,2400.0,4019.8280334472656,2418.1854610443115,0.0008520647534169257,Ephemeroptera
582,3200.0,1182.2381896972656,3242.0657997131348,1487.8279113769531,0.0008418910438194871,Ephemeroptera
583,3675.3583068847656,596.0414886474609,3700.0,891.4079284667969,0.0008306998061016202,Ephemeroptera
584,3870.6259765625,2400.0,3949.6700439453125,2416.9860191345215,0.0008197883726097643,Ephemeroptera
585,3244.51318359375,1310.071517944336,3301.7028427124023,1700.0,0.0008027698495425284,Ephemeroptera
586,467.799560546875,2102.083610534668,500.0,2316.1401977539062,0.0007974883774295449,Ephemeroptera
587,727.875,3105.9810943603516,1758.216552734375,3454.94873046875,0.0007750674849376082,Ephemeroptera
588,0.0,1513.0711669921875,152.1511993408203,2583.5771484375,0.0007639665273018181,Ephemeroptera
589,1167.4105529785156,620.1410827636719,1364.028549194336,933.4084777832031,0.000753969419747591,Ephemeroptera
590,2777.275146484375,3048.789840698242,2998.3914337158203,3376.5133056640625,0.0007500923238694668,Ephemeroptera
591,2725.0304565429688,1078.3871154785156,2900.0,1319.1996612548828,0.0007296722615137696,Ephemeroptera
592,3973.0962829589844,2262.31884765625,4046.8639526367188,2340.9048767089844,0.0006945013301447034,Ephemeroptera
593,2482.576774597168,2800.0,2775.0221557617188,2859.1481552124023,0.0006873551174066961,Ephemeroptera
594,3963.1658325195312,1289.3037567138672,4075.4146728515625,1397.1937255859375,0.0006798338145017624,Ephemeroptera
595,1593.9900512695312,2780.2051391601562,1791.399154663086,2905.9757232666016,0.0006787507445551455,Ephemeroptera
596,137.9373016357422,1901.8031616210938,256.3849792480469,2066.3533630371094,0.0006765691214241087,Ephemeroptera
597,320.0862121582031,1072.2730712890625,650.8423461914062,1700.0,0.000659354729577899,Ephemeroptera
598,1994.1655578613281,3067.7152709960938,2100.0,3397.4349670410156,0.0006410438800230622,Ephemeroptera
599,3779.942611694336,1263.0216979980469,4100.0,1299.9866333007812,0.0006352229975163937,Ephemeroptera
600,2800.0,0.0,2841.3110847473145,314.7782287597656,0.0006343116401694715,Ephemeroptera
601,3768.338134765625,2854.12744140625,4420.67041015625,3456.0,0.0006179729243740439,Ephemeroptera
602,0.0,1226.890380859375,209.85556030273438,1300.0,0.0005604834295809269,Ephemeroptera
603,3961.438232421875,1138.6373901367188,4156.087539672852,1300.0,0.0005298086325637996,Ephemeroptera
604,2367.026153564453,2779.68798828125,2542.8199462890625,2923.014404296875,0.0005090924678370357,Ephemeroptera
605,2400.0,1920.9361572265625,2477.5699310302734,2121.2738494873047,0.000500691297929734,Ephemeroptera
606,3574.8902282714844,1112.7250061035156,3736.538558959961,1378.8158569335938,0.0004758060385938734,Ephemeroptera
607,1552.6452026367188,1178.263916015625,1728.2262725830078,1300.0,0.0004479093768168241,Ephemeroptera
608,4000.0,796.4706420898438,4124.687835693359,900.0,0.00044564640847966075,Ephemeroptera
609,2000.0,3303.424591064453,2100.0,3456.0,0.0004401231126394123,Ephemeroptera
610,4000.0,648.5343017578125,4046.9418716430664,960.5329284667969,0.0004399274184834212,Ephemeroptera
611,2400.0,2779.9743041992188,2436.008991241455,3008.2197875976562,0.000431710941484198,Ephemeroptera
612,2129.1572265625,3330.870361328125,2379.662567138672,3408.4268188476562,0.0004212579224258661,Ephemeroptera
613,400.0,2400.0,626.15673828125,2487.4379501342773,0.00042090227361768484,Ephemeroptera
614,3579.7628784179688,400.0,3757.4225463867188,501.8148193359375,0.0003989623801317066,Ephemeroptera
615,1250.8638000488281,800.0,1300.0,1035.2979736328125,0.00038525331183336675,Ephemeroptera
616,12.112892150878906,1654.9477462768555,151.6174774169922,1725.3778686523438,0.0003848863998427987,Ephemeroptera
617,3736.9942626953125,3281.0282592773438,3919.6690979003906,3300.0,0.0003758966631721705,Ephemeroptera
618,3538.666748046875,3158.660125732422,4233.544921875,3300.0,0.00036772325984202325,Ephemeroptera
619,1200.0,3262.9043579101562,1276.8552627563477,3455.9400634765625,0.0003649614518508315,Ephemeroptera
620,2000.0,318.867919921875,2074.928352355957,531.9596099853516,0.0003640906070359051,Ephemeroptera
621,3200.0,3061.4667205810547,3288.21044921875,3456.0,0.00035933114122599363,Ephemeroptera
622,3672.2261352539062,323.50396728515625,3699.753387451172,435.42767333984375,0.000355083349859342,Ephemeroptera
623,3200.0,673.2815246582031,3312.07080078125,935.6757202148438,0.00035348135861568153,Ephemeroptera
624,0.0,2180.437255859375,303.401123046875,2718.509765625,0.00034795815008692443,Ephemeroptera
625,4031.727020263672,2409.9780883789062,4109.718490600586,2500.0,0.0003457085695117712,Ephemeroptera
626,1219.8254699707031,3074.6066513061523,1300.0,3443.7667541503906,0.0003367620229255408,Ephemeroptera
627,2703.5589599609375,0.0,2901.1559982299805,141.3311004638672,0.0003340523689985275,Ephemeroptera
628,4000.0,1948.5526733398438,4105.710411071777,2138.236862182617,0.00032189194462262094,Ephemeroptera
629,3600.0,512.3272399902344,3666.866409301758,898.94970703125,0.0003178688930347562,Ephemeroptera
630,3407.6716918945312,400.02042949199677,3500.8862915039062,416.51012229919434,0.0003158687613904476,Ephemeroptera
631,3916.3703002929688,3167.196807861328,4169.335342407227,3336.996368408203,0.0003138180181849748,Ephemeroptera
632,4000.0,2007.2855472564697,4055.9434814453125,2410.836883544922,0.0003136436571367085,Ephemeroptera
633,270.7034606933594,2293.318115234375,331.85601806640625,2437.483642578125,0.0003109488752670586,Ephemeroptera
634,2398.456268310547,2029.4337158203125,2536.8213958740234,2100.0,0.00030730327125638723,Ephemeroptera
635,1299.4837265014648,800.0,1521.396484375,859.0826454162598,0.0003017079725395888,Ephemeroptera
636,4398.40966796875,3116.7366943359375,4606.24462890625,3456.0,0.00029809484840370715,Ephemeroptera
637,1989.0657958984375,2592.6951446533203,2120.648811340332,2967.458206176758,0.0002969972847495228,Ephemeroptera
638,4211.34912109375,0.0,4608.0,355.2381896972656,0.0002952871727757156,Ephemeroptera
639,0.0,3220.2586669921875,52.10481262207031,3456.0,0.0002939355617854744,Ephemeroptera
640,800.0,755.5585021972656,898.8073272705078,942.6415405273438,0.0002884920104406774,Ephemeroptera
641,0.0,1037.3124542236328,76.7306900024414,1462.1768798828125,0.00028848485089838505,Ephemeroptera
642,4000.0,2458.8414916992188,4019.0271949768066,2591.6956176757812,0.00028837539139203727,Ephemeroptera
643,839.9315795898438,437.2998466491699,900.0,689.2760009765625,0.00028801654116250575,Ephemeroptera
644,3200.0,1948.0383911132812,3288.359519958496,2122.8025665283203,0.00028061491320841014,Ephemeroptera
645,1200.0,3244.3604125976562,2036.268798828125,3405.0703125,0.0002791236329358071,Ephemeroptera
646,3200.0,2868.622589111328,3531.3818359375,2900.0,0.0002788573910947889,Ephemeroptera
647,2800.0,2975.8236694335938,2827.524501800537,3286.332275390625,0.0002753793669398874,Ephemeroptera
648,69.43812561035156,2701.707763671875,655.6731567382812,3408.5157470703125,0.0002622668107505888,Ephemeroptera
649,3214.3712158203125,1171.9845581054688,3300.0,1395.9688873291016,0.0002613108663354069,Ephemeroptera
650,0.0,800.0,63.646339416503906,1084.7330932617188,0.0002556795661803335,Ephemeroptera
651,2255.18603515625,2800.0,2454.442596435547,2828.5619735717773,0.00025531146093271673,Ephemeroptera
652,4000.0,3084.290069580078,4055.6710472106934,3351.929443359375,0.00025374768301844597,Ephemeroptera
653,2077.7662353515625,2800.0,2100.0,3017.2134704589844,0.0002470064500812441,Ephemeroptera
654,1174.7567749023438,800.0,1254.5217742919922,913.1038665771484,0.00024539895821362734,Ephemeroptera
655,3200.0,2255.7107849121094,3309.275177001953,2521.9490509033203,0.0002446028811391443,Ephemeroptera
656,3526.0008850097656,2760.244140625,3867.9166564941406,3050.2691040039062,0.0002375487529207021,Ephemeroptera
657,2722.0247802734375,2870.2298278808594,2877.74853515625,2899.922088623047,0.00022182123211678118,Ephemeroptera
658,3600.0,2438.115509033203,3791.908218383789,2512.2698287963867,0.00021917167759966105,Ephemeroptera
659,3395.1360778808594,2827.2032775878906,3631.3378295898438,2912.413719177246,0.00021892230142839253,Ephemeroptera
660,4000.0,2328.058349609375,4022.4567432403564,2418.748046875,0.00021844170987606049,Ephemeroptera
661,0.0,3147.3094482421875,85.3096694946289,3302.2642822265625,0.00021651638962794095,Ephemeroptera
662,4517.194854736328,0.009506940841674805,4608.0,92.58358764648438,0.00021196636953391135,Ephemeroptera
663,1200.0,1951.7265930175781,1298.4523239135742,2100.0,0.0002075673983199522,Ephemeroptera
664,1600.0,3045.060256958008,1688.9795761108398,3306.0957641601562,0.00020531754125840962,Ephemeroptera
665,2469.145294189453,2672.974395751953,2500.0,2900.0,0.0002040676772594452,Ephemeroptera
666,3921.384246826172,2800.0,4111.1806716918945,2850.658477783203,0.00019984666141681373,Ephemeroptera
667,800.0,0.0,993.3547058105469,183.743896484375,0.00019528849225025624,Ephemeroptera
668,2000.0,385.3780517578125,2159.4207305908203,500.0,0.0001940460060723126,Ephemeroptera
669,4420.903015136719,2768.2257080078125,4500.0,2967.1354370117188,0.0001928748533828184,Ephemeroptera
670,0.0,2746.776824951172,155.56678771972656,2966.9171295166016,0.00018822749552782625,Ephemeroptera
671,158.24322509765625,2389.2254943847656,498.3251647949219,2786.009307861328,0.00018764723790809512,Ephemeroptera
672,1674.9862213134766,3251.8217163085938,1989.0320434570312,3300.0,0.0001849895779741928,Ephemeroptera
673,1600.0,355.45111083984375,1706.5167922973633,535.2244720458984,0.00018456022371537983,Ephemeroptera
674,1200.0,1551.10107421875,1256.8485984802246,1717.3472137451172,0.00018366474250797182,Ephemeroptera
675,2373.043731689453,3318.8145446777344,2500.0,3456.0,0.00018150184769183397,Ephemeroptera
676,2385.5966186523438,2316.8101196289062,2518.046676635742,2552.1278076171875,0.00018101376190315932,Ephemeroptera
677,4517.399993896484,1635.559814453125,4608.0,2754.76123046875,0.00017786143871489912,Ephemeroptera
678,4213.414520263672,1200.0,4544.9249267578125,1345.2373504638672,0.00017726275837048888,Ephemeroptera
679,4337.2939453125,1271.254638671875,4525.8818359375,2232.914352416992,0.00017681223107501864,Ephemeroptera
680,2835.9943237304688,3072.7353134155273,2900.0,3385.00634765625,0.00017680141900200397,Ephemeroptera
681,1600.0,3017.259246826172,1735.6652221679688,3370.706573486328,0.00017435419431421906,Ephemeroptera
682,3403.103057861328,2874.4288330078125,3633.3881225585938,2899.9629516601562,0.00017354844021610916,Ephemeroptera
683,3260.674560546875,1381.0066223144531,3300.0,1543.7361755371094,0.00017207876953762025,Ephemeroptera
684,2522.399612426758,2886.08837890625,2729.042999267578,2900.0,0.0001713956007733941,Ephemeroptera
685,4098.49462890625,2717.903045654297,4323.1298828125,3240.726318359375,0.000171216408489272,Ephemeroptera
686,4108.247037410736,2217.6592864990234,4205.169052124023,2474.1832885742188,0.0001693808735581115,Ephemeroptera
687,2703.9296875,3214.443878173828,2899.6183471679688,3265.714111328125,0.00016861238691490144,Ephemeroptera
688,158.85781860351562,2800.0,399.7333068847656,2890.0274963378906,0.0001684581075096503,Ephemeroptera
689,3200.0,353.2304992675781,3313.806854248047,548.3569183349609,0.00016736156248953193,Ephemeroptera
690,798.0339965820312,2731.078582763672,945.6281127929688,2900.2152938842773,0.0001666781899984926,Ephemeroptera
691,400.0,1265.5503768920898,497.4378967285156,1743.183609008789,0.00016661941481288522,Ephemeroptera
692,0.0,1818.0819091796875,61.734371185302734,2152.754348754883,0.00016583404794801027,Ephemeroptera
693,4498.9786376953125,1953.4324645996094,4608.0,2266.588653564453,0.00016447501548100263,Ephemeroptera
694,571.6446990966797,2486.2669067382812,697.0595703125,2500.0,0.000164200653671287,Ephemeroptera
695,68.94950866699219,2074.2164001464844,201.05599975585938,2100.0,0.00016346393385902047,Ephemeroptera
696,4485.46728515625,2405.571699142456,4607.957275390625,2898.318359375,0.00016195728676393628,Ephemeroptera
697,2427.842134475708,2886.40380859375,2587.291961669922,2900.0,0.000160829586093314,Ephemeroptera
698,4049.231601715088,3274.1941833496094,4183.0791091918945,3300.0,0.00015602639177814126,Ephemeroptera
699,2800.0,3198.2825775146484,2876.630958557129,3456.0,0.00015497763524763286,Ephemeroptera
700,0.0,637.8993072509766,147.54696655273438,918.3919448852539,0.00015463681484106928,Ephemeroptera
701,0.0,575.6822052001953,60.34811782836914,814.5818786621094,0.00015444155724253505,Ephemeroptera
702,3600.0,3143.646484375,3662.0428504943848,3456.0,0.0001530782028567046,Ephemeroptera
703,4409.418487548828,770.0073852539062,4500.0,930.6853942871094,0.0001511775335529819,Ephemeroptera
704,2070.141891479492,2053.5732421875,2360.336395263672,2100.0,0.00014903715054970235,Ephemeroptera
705,2380.341094970703,1148.30078125,2537.376739501953,1300.0,0.00014870273298583925,Ephemeroptera
706,4093.3761596679688,1200.0,4183.63508605957,1318.212059020996,0.00014849174476694316,Ephemeroptera
707,4074.6011657714844,486.90482330322266,4100.0,727.9447631835938,0.0001482409134041518,Ephemeroptera
708,187.50042724609375,800.0,329.4358825683594,915.3193511962891,0.00014720841136295348,Ephemeroptera
709,3035.0354614257812,3264.3504028320312,3320.622268676758,3300.0,0.0001458252954762429,Ephemeroptera
710,4048.4054565429688,2159.0272064208984,4100.0,2423.60498046875,0.0001452035503461957,Ephemeroptera
711,2583.247116088867,2956.0,2689.6331787109375,2985.675043106079,0.00014303410716820508,Ephemeroptera
712,956.8816223144531,400.0,1328.3207092285156,571.2825775146484,0.0001428713439963758,Ephemeroptera
713,2443.1298217773438,2787.7125854492188,2519.5168991088867,2943.555648803711,0.00014257154543884099,Ephemeroptera
714,2000.0,1952.6734313964844,2093.1409606933594,2132.1881256103516,0.00014198044664226472,Ephemeroptera
715,4090.7049865722656,749.6109313964844,4180.476425170898,908.2280426025391,0.0001400013716192916,Ephemeroptera
716,4487.277038574219,2243.004135131836,4500.0,2362.0834350585938,0.0001389822573401034,Ephemeroptera
717,128.44760131835938,3274.0590209960938,300.0314636230469,3394.2657165527344,0.0001389734970871359,Ephemeroptera
718,241.68710327148438,2045.4134826660156,327.9886779785156,2100.0,0.00013860996114090085,Ephemeroptera
719,2000.0,1516.0643920898438,2094.5351333618164,1741.4427032470703,0.00013682794815395027,Ephemeroptera
720,500.1972198486328,3264.4754028320312,812.3222351074219,3334.8421630859375,0.00013641057012137026,Ephemeroptera
721,1600.0,2323.4500427246094,1725.6819229125977,2587.8787994384766,0.00013567076530307531,Ephemeroptera
722,3200.0,2441.3743019104004,3344.950210571289,2542.3002014160156,0.00013549235882237554,Ephemeroptera
723,2352.2555236816406,2384.9697265625,2592.420455932617,2500.0,0.00013533676974475384,Ephemeroptera
724,800.0,2355.0829467773438,910.3843688964844,2515.421989440918,0.0001346570934401825,Ephemeroptera
725,4094.056610107422,344.2683410644531,4178.731857299805,526.3321380615234,0.00013449591642711312,Ephemeroptera
726,2800.0,1919.8118591308594,2918.173240661621,2100.0,0.0001344059273833409,Ephemeroptera
727,3600.0,1917.1833190917969,3744.3140563964844,2100.0,0.00013407311053015292,Ephemeroptera
728,4586.320587158203,864.2190475463867,4608.0,1233.4283752441406,0.00013321686128620058,Ephemeroptera
729,1600.0,3186.4834899902344,1722.0969696044922,3456.0,0.00013303064042702317,Ephemeroptera
730,0.2572298049926758,1913.1654663085938,29.06523895263672,2010.7059326171875,0.0001326956698903814,Ephemeroptera
731,3200.0,3241.4239501953125,3403.2655639648438,3300.0,0.00013266493624541909,Ephemeroptera
732,2000.0,2990.1107597351074,2057.819080352783,3429.5245666503906,0.00013260840205475688,Ephemeroptera
733,4553.906433105469,750.2295837402344,4608.0,1014.0416107177734,0.00013185614079702646,Ephemeroptera
734,432.3991394042969,3065.8382873535156,500.0,3385.3939208984375,0.00013040407793596387,Ephemeroptera
735,800.0,3251.3160400390625,900.0,3456.0,0.00012901278387289494,Ephemeroptera
736,3702.804374694824,701.1061096191406,3785.4557342529297,797.8503723144531,0.00012881081784144044,Ephemeroptera
737,1220.813232421875,865.6164245605469,1387.6406707763672,900.0,0.00012813151988666505,Ephemeroptera
738,3600.0,762.8377075195312,3683.118965148926,954.8787231445312,0.00012703650281764567,Ephemeroptera
739,2800.0,1030.4198303222656,2854.1805725097656,1347.0757293701172,0.0001257841067854315,Ephemeroptera
740,1952.7930603027344,39.035919189453125,2077.134796142578,103.6834945678711,0.00012262955715414137,Ephemeroptera
741,3605.8120727539062,3285.9364624023438,3797.2288665771484,3300.0,0.00012200077617308125,Ephemeroptera
742,4470.721282958984,2845.7073669433594,4500.0,2981.924606323242,0.00012191866699140519,Ephemeroptera
743,3600.0,2174.8460693359375,3631.3963775634766,2470.0693969726562,0.00012180317571619526,Ephemeroptera
744,3188.1268920898438,1138.4906616210938,3239.77294921875,1300.0,0.00012026703916490078,Ephemeroptera
745,1600.0,2800.0,1700.0,2866.319206237793,0.00011995996464975178,Ephemeroptera
746,4020.109832763672,1199.5700073242188,4126.0481033325195,1300.0,0.00011985007586190477,Ephemeroptera
747,834.2231750488281,2206.2077026367188,908.3436508178711,2489.6360473632812,0.00011879125668201596,Ephemeroptera
748,517.9625778198242,1646.9825973510742,660.1587829589844,1781.760269165039,0.00011829332652268931,Ephemeroptera
749,2706.468292236328,2343.3003540039062,2991.6012420654297,2549.0376892089844,0.00011478507076390088,Ephemeroptera
750,1200.0,3035.89151763916,1294.31982421875,3368.3057250976562,0.00011457457003416494,Ephemeroptera
751,3677.585205078125,2435.0079040527344,3700.0,2687.4756469726562,0.00011218573490623385,Ephemeroptera
752,4512.253814697266,2961.93408203125,4608.0,3453.746337890625,0.00011176258703926578,Ephemeroptera
753,3856.343994140625,1582.8114624023438,4180.604415893555,1728.3308715820312,0.00011170036304974928,Ephemeroptera
754,3654.3728942871094,2956.0,3700.0,3091.8807373046875,0.00011157241533510387,Ephemeroptera
755,141.29754638671875,2874.8285217285156,372.10260009765625,2900.0,0.00011145310418214649,Ephemeroptera
756,0.0,3263.4598693847656,169.38636779785156,3300.0,0.0001105182891478762,Ephemeroptera
757,2498.744873046875,476.21649169921875,2752.7402954101562,500.0,0.0001094599356292747,Ephemeroptera
758,3241.2078857421875,761.9111938476562,3300.0,900.0,0.00010907586693065241,Ephemeroptera
759,2751.4824829101562,3322.329620361328,2956.132598876953,3456.0,0.00010680014383979142,Ephemeroptera
760,4555.976867675781,44.52345275878906,4608.0,261.01348876953125,0.00010498414485482499,Ephemeroptera
761,4579.405212402344,1695.5514678955078,4608.0,2001.97119140625,0.00010450321133248508,Ephemeroptera
762,1994.9727783203125,1600.0665588378906,2128.982681274414,1700.0,0.00010402776388218626,Ephemeroptera
763,3676.6372680664062,238.3017578125,3699.9437255859375,354.6728210449219,0.00010396815923741087,Ephemeroptera
764,444.778076171875,2364.8739318847656,518.7021865844727,2520.581558227539,0.00010382827167632058,Ephemeroptera
765,3157.035675048828,1200.0,3239.8824157714844,1214.1437377929688,0.00010306486365152523,Ephemeroptera
766,401.87296867370605,0.4513978958129883,504.9256820678711,160.39703369140625,0.00010270519851474091,Ephemeroptera
767,800.0,1775.5570831298828,826.2308216094971,2091.4268493652344,0.00010270274651702493,Ephemeroptera
768,2032.9930305480957,3266.5470275878906,2292.1939086914062,3337.6827392578125,0.00010266407480230555,Ephemeroptera
769,834.369384765625,2672.4053955078125,900.0,2781.8963012695312,0.00010263930016662925,Ephemeroptera
770,3600.0,1231.296142578125,3795.400405883789,1300.0,9.797806706046686e-05,Ephemeroptera
771,2700.3274841308594,3284.913818359375,2896.8790893554688,3300.0,9.782682172954082e-05,Ephemeroptera
772,2470.565887451172,2854.7623863220215,2500.0,2985.92578125,9.721408423501998e-05,Ephemeroptera
773,381.54730224609375,1990.3621215820312,497.6297912597656,2158.4154663085938,9.631433931645006e-05,Ephemeroptera
774,4466.717803955078,1125.8485717773438,4500.0,1300.0,9.596029849490151e-05,Ephemeroptera
775,800.0,2341.684844970703,847.1826133728027,2522.790214538574,9.56991279963404e-05,Ephemeroptera
776,1434.28125,3231.397247314453,1741.7503204345703,3345.7992248535156,9.541291365167126e-05,Ephemeroptera
777,2477.8257446289062,3324.8321228027344,2499.990264892578,3455.864959716797,9.482370660407469e-05,Ephemeroptera
778,1256.0121459960938,858.5014572143555,1300.0,1077.8931579589844,9.430375939700752e-05,Ephemeroptera
779,1200.0,1163.4965515136719,1300.5920639038086,1315.6767044067383,9.343192505184561e-05,Ephemeroptera
780,1662.3135070800781,1163.9572448730469,1700.0,1348.8715362548828,9.33211631490849e-05,Ephemeroptera
781,845.076171875,3083.51473236084,900.0,3403.842987060547,9.283760300604627e-05,Ephemeroptera
782,139.71743774414062,3254.698272705078,437.18548583984375,3300.0,9.274487820221111e-05,Ephemeroptera
783,3334.061080932617,572.6527709960938,3413.445999145508,624.6431884765625,9.247155685443431e-05,Ephemeroptera
784,1200.0,2762.6603088378906,1308.819808959961,2941.3231201171875,9.201485954690725e-05,Ephemeroptera
785,2000.0,3233.1358947753906,2058.2106590270996,3456.0,9.196827886626124e-05,Ephemeroptera
786,2426.0413208007812,456.41260147094727,2500.0,662.8807983398438,9.139136091107503e-05,Ephemeroptera
787,1233.9042663574219,1200.387442111969,1327.8576965332031,1340.3242645263672,9.114384738495573e-05,Ephemeroptera
788,4482.908996582031,1352.9744110107422,4500.0,1432.8895568847656,9.07913054106757e-05,Ephemeroptera
789,2400.9578347206116,2800.0,2541.2301483154297,2834.2560997009277,9.0347821242176e-05,Ephemeroptera
790,3256.731689453125,29.142236709594727,3300.0,390.81658935546875,8.935103687690571e-05,Ephemeroptera
791,0.0,2845.9008178710938,157.5149383544922,2900.0,8.85869812918827e-05,Ephemeroptera
792,4455.702575683594,1643.1865692138672,4500.0,1870.9910888671875,8.783254452282563e-05,Ephemeroptera
793,880.7796020507812,0.0,1135.5821228027344,48.09530258178711,8.76651902217418e-05,Ephemeroptera
794,4461.071685791016,394.9001159667969,4500.0,516.2679443359375,8.75196055858396e-05,Ephemeroptera
795,1889.0076599121094,3225.8180541992188,2148.0115356445312,3334.480712890625,8.726625674171373e-05,Ephemeroptera
796,3200.2012252807617,867.3441772460938,3359.1032104492188,899.9857788085938,8.663477638037875e-05,Ephemeroptera
797,4078.0924682617188,695.3932800292969,4100.0,831.2481994628906,8.628907380625606e-05,Ephemeroptera
798,800.0,1564.3673095703125,899.4003295898438,1757.705810546875,8.498169336235151e-05,Ephemeroptera
799,1267.0937194824219,1171.5797729492188,1300.0,1345.7061767578125,8.453642658423632e-05,Ephemeroptera
800,1215.1076078414917,1981.1411743164062,1500.2702331542969,2049.103271484375,8.412790339207277e-05,Ephemeroptera
801,4000.0,800.0,4126.343551635742,861.7714767456055,8.348099800059572e-05,Ephemeroptera
802,4063.0865173339844,2743.2847595214844,4100.0,3064.335968017578,8.30579228932038e-05,Ephemeroptera
803,3200.180894136429,400.0166982412338,3292.876121520996,432.5443534851074,8.299022738356143e-05,Ephemeroptera
804,768.6836853027344,2610.169479370117,888.1575622558594,2717.2431640625,8.295343286590651e-05,Ephemeroptera
805,800.0,2000.0414192676544,916.8643264770508,2169.7366638183594,8.129691559588537e-05,Ephemeroptera
806,4497.012420654297,1114.7296752929688,4564.724182128906,1237.6956481933594,8.110186172416434e-05,Ephemeroptera
807,0.12105703353881836,2884.137954711914,47.03221130371094,2974.067596435547,8.060479740379378e-05,Ephemeroptera
808,0.022459030151367188,800.2062916755676,129.89244079589844,913.6525421142578,8.02587965154089e-05,Ephemeroptera
809,768.8944396972656,2754.1272888183594,935.9002227783203,2900.0,8.00864800112322e-05,Ephemeroptera
810,2800.0,3423.035858154297,3104.58984375,3456.0,7.993471808731556e-05,Ephemeroptera
811,1174.9475402832031,800.0,1322.100830078125,820.1637783050537,7.953432941576466e-05,Ephemeroptera
812,1379.3167572021484,3260.1068420410156,1637.67919921875,3300.0,7.912747969385237e-05,Ephemeroptera
813,2800.0,758.2866821289062,2900.904800415039,962.3591613769531,7.910672866273671e-05,Ephemeroptera
814,1600.0,1967.142822265625,1682.6004180908203,2184.796615600586,7.832547271391377e-05,Ephemeroptera
815,3600.0,2400.0,3745.7965545654297,2448.567481994629,7.829537207726389e-05,Ephemeroptera
816,2068.4679565429688,884.1110229492188,2100.0,987.9331817626953,7.827627268852666e-05,Ephemeroptera
817,1600,1141.8326721191406,1624.186408996582,1300.0,7.795424608048052e-05,Ephemeroptera
818,2000.0,2349.423828125,2090.0762252807617,2500.0,7.581115642096847e-05,Ephemeroptera
819,2400.0,800.0,2515.9244384765625,941.5234832763672,7.49082028050907e-05,Ephemeroptera
820,2822.491729736328,2000.0,2900.0,2099.848175048828,7.409998215734959e-05,Ephemeroptera
821,3433.3811950683594,659.6019287109375,3487.6179809570312,765.911865234375,7.394609565380961e-05,Ephemeroptera
822,3117.5520935058594,2040.0287475585938,3341.8013610839844,2115.7321014404297,7.37859882065095e-05,Ephemeroptera
823,2076.654327392578,2279.4187622070312,2099.8214721679688,2382.8648681640625,7.374040433205664e-05,Ephemeroptera
824,4431.693084716797,1250.8072814941406,4543.292541503906,1300.0,7.35455978428945e-05,Ephemeroptera
825,2777.260528564453,1577.0056762695312,2899.7027893066406,1700.0,7.30584652046673e-05,Ephemeroptera
826,3354.0501861572266,873.5433044433594,3462.4505920410156,900.0,7.285468018380925e-05,Ephemeroptera
827,2800.0,118.23158264160156,2860.156394958496,218.67738342285156,7.248995825648308e-05,Ephemeroptera
828,4000.0,800.0,4068.4411010742188,868.29345703125,7.213806384243071e-05,Ephemeroptera
829,4000.0,400.06552934646606,4155.210479736328,559.9882202148438,7.20916359568946e-05,Ephemeroptera
830,4000.0,1271.938232421875,4160.887008666992,1300.0,7.179683598224074e-05,Ephemeroptera
831,2959.0316772460938,2800.0,3046.2037811279297,2815.5184297561646,7.14571651769802e-05,Ephemeroptera
832,3994.7691040039062,2448.7679443359375,4069.373809814453,2500.0,7.126355922082439e-05,Ephemeroptera
833,2327.2078857421875,2870.7326049804688,2500.0,2899.9379272460938,7.115212792996317e-05,Ephemeroptera
834,1388.6726379394531,870.1806945800781,1533.8402709960938,900.0,7.064155215630308e-05,Ephemeroptera
835,4501.333068847656,1158.2874145507812,4608.0,1381.8357543945312,7.039637421257794e-05,Ephemeroptera
836,0.16398131847381592,730.0914306640625,38.74338150024414,823.4883728027344,6.961524923099205e-05,Ephemeroptera
837,2314.845977783203,2800.0,2428.53173828125,2828.732400894165,6.931807729415596e-05,Ephemeroptera
838,2591.506866455078,2873.1839294433594,2703.2774963378906,2900.0,6.92261237418279e-05,Ephemeroptera
839,4000.0,1922.0897827148438,4020.581100463867,2183.0663299560547,6.876143015688285e-05,Ephemeroptera
840,3200.0,2188.441604614258,3225.445484161377,2441.8682250976562,6.869097705930471e-05,Ephemeroptera
841,800.0,1149.7239074707031,898.8631134033203,1338.0799713134766,6.743772974004969e-05,Ephemeroptera
842,4237.474639892578,1256.35986328125,4473.808013916016,1299.997802734375,6.690842565149069e-05,Ephemeroptera
843,2459.532745361328,3013.1578521728516,2500.0,3271.3513793945312,6.61463855067268e-05,Ephemeroptera
844,209.7159881591797,2000.0,295.8525695800781,2020.2500820159912,6.607772229472175e-05,Ephemeroptera
845,1568.6332092285156,462.1842346191406,1774.14599609375,499.98565673828125,6.561764166690409e-05,Ephemeroptera
846,0.0,1550.2160339355469,122.62394714355469,1795.863265991211,6.486107304226607e-05,Ephemeroptera
847,0.03511309623718262,393.43377685546875,97.20160675048828,580.5997161865234,6.439116259571165e-05,Ephemeroptera
848,2869.4371948242188,483.3956298828125,3172.8734130859375,499.8741149902344,6.394275987986475e-05,Ephemeroptera
849,3024.0987854003906,1275.9085693359375,3300.0,1300.0,6.354194192681462e-05,Ephemeroptera
850,2400.0,2998.8765296936035,2478.060874938965,3406.32763671875,6.320435932138935e-05,Ephemeroptera
851,1974.6859741210938,2761.3471069335938,2136.2477111816406,2900.0,6.314839265542105e-05,Ephemeroptera
852,301.4750061035156,2093.3726348876953,424.9860591888428,2608.1689453125,6.298517109826207e-05,Ephemeroptera
853,4167.4462890625,2665.237548828125,4391.368591308594,3227.89208984375,6.267845310503617e-05,Ephemeroptera
854,3985.2781677246094,2884.832000732422,4079.4531860351562,2899.9785766601562,6.18101330474019e-05,Ephemeroptera
855,4108.0,3341.0139770507812,4201.089134216309,3456.0,6.0784983361372724e-05,Ephemeroptera
856,4108.0,2000.0,4134.872137069702,2317.3390502929688,6.0083049902459607e-05,Ephemeroptera
857,2530.549545288086,963.8529815673828,2555.269271850586,987.6673889160156,5.965707532595843e-05,Ephemeroptera
858,1561.1597290039062,3439.931915283203,1738.8045959472656,3455.952880859375,5.896507718716748e-05,Ephemeroptera
859,4108.0,3167.732177734375,4149.653949737549,3300.0,5.883582343813032e-05,Ephemeroptera
860,2800.0,0.0,2966.7305603027344,113.03749084472656,5.8702833484858274e-05,Ephemeroptera
861,2860.161102294922,3324.3523864746094,2900.0,3456.0,5.8597855968400836e-05,Ephemeroptera
862,4572.871032714844,943.1021728515625,4608.0,1052.5330963134766,5.850399611517787e-05,Ephemeroptera
863,2353.5054321289062,3275.2240295410156,2500.220657348633,3300.0,5.820778096676804e-05,Ephemeroptera
864,4000.0,1566.6755676269531,4170.241729736328,1700.0,5.80409359827172e-05,Ephemeroptera
865,3649.123291015625,2358.0546875,3700.0,2500.0,5.80317537242081e-05,Ephemeroptera
866,2400.0,1122.1593627929688,2452.780487060547,1303.6884307861328,5.740215419791639e-05,Ephemeroptera
867,3659.2453002929688,746.48388671875,3700.0,899.9804077148438,5.718628381146118e-05,Ephemeroptera
868,4000.0,3409.8673400878906,4212.523788452148,3455.7867431640625,5.692832201020792e-05,Ephemeroptera
869,1260.5178833007812,352.91656494140625,1300.0,509.2500228881836,5.682028131559491e-05,Ephemeroptera
870,3126.557159423828,1267.8039169311523,3220.04638671875,1358.86328125,5.6100157962646335e-05,Ephemeroptera
871,166.20449829101562,2956.0,489.0548095703125,3091.4215393066406,5.5821434216341004e-05,Ephemeroptera
872,2168.2167053222656,2069.335693359375,2407.778564453125,2099.9849853515625,5.539508129004389e-05,Ephemeroptera
873,2850.965274810791,2844.6518783569336,2927.342483520508,2972.1851348876953,5.523409345187247e-05,Ephemeroptera
874,800.0,1242.6911315917969,940.7032928466797,1300.0,5.5074568081181496e-05,Ephemeroptera
875,1600.0,745.5061340332031,1694.5924377441406,920.5283508300781,5.419589433586225e-05,Ephemeroptera
876,2056.5408630371094,2685.2395629882812,2100.0,2821.6309204101562,5.4052408813731745e-05,Ephemeroptera
877,3159.2205200195312,1271.0938110351562,3380.7693786621094,1315.8022079467773,5.365465767681599e-05,Ephemeroptera
878,69.88787841796875,800.0,437.3222351074219,865.2786331176758,5.35301624040585e-05,Ephemeroptera
879,858.0590209960938,3081.8615112304688,900.0,3418.4420166015625,5.328086990630254e-05,Ephemeroptera
880,4000.0,2000.0,4171.6474609375,2070.138053894043,5.300178600009531e-05,Ephemeroptera
881,3658.4999084472656,3193.5025787353516,3700.0,3456.0,5.299729309626855e-05,Ephemeroptera
882,3281.9534301757812,1269.5524673461914,3300.0,1440.3713684082031,5.184713882044889e-05,Ephemeroptera
883,4377.8154296875,3240.7752990722656,4608.0,3300.0,5.15721803822089e-05,Ephemeroptera
884,1837.8553924560547,2862.7166748046875,2100.0,2900.0,5.156047336640768e-05,Ephemeroptera
885,3600.0,1551.0169067382812,3695.7948455810547,1700.0,5.132476144353859e-05,Ephemeroptera
886,2860.5630798339844,2213.628860473633,2899.9576416015625,2318.647430419922,5.127407712279819e-05,Ephemeroptera
887,4438.306945800781,2800.628215074539,4608.0,2900.0,5.122271250002086e-05,Ephemeroptera
888,4360.165130615234,2068.4769592285156,4523.899078369141,2099.9728088378906,5.10563695570454e-05,Ephemeroptera
889,1998.0179748535156,2028.2262268066406,2159.1568908691406,2100.0,5.099092231830582e-05,Ephemeroptera
890,3566.374298095703,3169.213165283203,3700.0,3369.518035888672,5.093707295600325e-05,Ephemeroptera
891,800.1601099967957,3350.4647521972656,919.3054656982422,3456.0,5.050302206655033e-05,Ephemeroptera
892,4540.5321044921875,2538.785888671875,4608.0,3049.923095703125,5.0417755119269714e-05,Ephemeroptera
893,1200.0,2347.7363891601562,1302.1116256713867,2500.0,5.034179412177764e-05,Ephemeroptera
894,4081.8410034179688,941.7716064453125,4100.0,1086.2307434082031,5.0187351007480174e-05,Ephemeroptera
895,3200.158166885376,2875.2591247558594,3353.3671112060547,2900.0,5.01439644722268e-05,Ephemeroptera
896,3612.16650390625,1983.5610961914062,3700.0,2106.5809936523438,4.9584141379455104e-05,Ephemeroptera
897,2400.013118982315,779.9921875,2423.543960571289,917.4757690429688,4.950443690177053e-05,Ephemeroptera
898,2052.266357421875,1964.7734985351562,2120.360137939453,2112.432098388672,4.9332611524732783e-05,Ephemeroptera
899,2943.9048767089844,2885.3998107910156,3206.6604614257812,2899.9570922851562,4.912656368105672e-05,Ephemeroptera
900,3795.1953125,3.352212905883789,4331.12939453125,213.81024169921875,4.902257933281362e-05,Ephemeroptera
901,1200.0,3394.3773803710938,1263.093090057373,3456.0,4.8916710511548445e-05,Ephemeroptera
902,2200.3816528320312,3268.7896728515625,2407.178436279297,3300.0,4.8866684664972126e-05,Ephemeroptera
903,2800.0,400.2324640750885,2826.2300872802734,669.1403198242188,4.8855403292691335e-05,Ephemeroptera
904,2617.727279663086,1272.23779296875,2732.0135192871094,1299.9635620117188,4.8813399189384654e-05,Ephemeroptera
905,1243.7267456054688,1991.2768249511719,1300.0,2099.9976196289062,4.872452700510621e-05,Ephemeroptera
906,4000.0,3121.6260986328125,4042.436264038086,3342.1256103515625,4.8334164603147656e-05,Ephemeroptera
907,158.63111877441406,867.9245910644531,247.19886779785156,899.9579467773438,4.797473957296461e-05,Ephemeroptera
908,10.616743087768555,1626.579755783081,215.17164611816406,1693.044448852539,4.787606667377986e-05,Ephemeroptera
909,3604.994873046875,1560.02490234375,3700.0,1742.7744140625,4.7822770284255967e-05,Ephemeroptera
910,2874.3984375,630.6934356689453,2899.9667053222656,780.5291748046875,4.749390427605249e-05,Ephemeroptera
911,875.8967895507812,2346.3092651367188,900.0,2514.6357040405273,4.704224556917325e-05,Ephemeroptera
912,1600.0,0.37451982498168945,1636.1203536987305,362.93572998046875,4.697885742643848e-05,Ephemeroptera
913,2400.0,1547.1747436523438,2499.920944213867,1722.7919311523438,4.687127875513397e-05,Ephemeroptera
914,2800.0,2477.938751220703,3041.8021697998047,2500.0,4.684058148995973e-05,Ephemeroptera
915,2721.7106018066406,1612.8049926757812,2932.872116088867,1699.97314453125,4.662488208850846e-05,Ephemeroptera
916,2073.0258026123047,3373.0958557128906,2297.502410888672,3455.9422607421875,4.656409873859957e-05,Ephemeroptera
917,2365.865509033203,3188.3936920166016,2485.304412841797,3269.6096801757812,4.6450648369500414e-05,Ephemeroptera
918,4570.42724609375,257.83538818359375,4608.0,497.8849792480469,4.6427703637164086e-05,Ephemeroptera
919,4054.56787109375,800.0,4100.0,809.5542736053467,4.602150511345826e-05,Ephemeroptera
920,4486.654296875,854.4283638000488,4500.0,943.3582305908203,4.5969969505677e-05,Ephemeroptera
921,3982.3059997558594,399.8761291503906,4142.4453125,499.9324951171875,4.572141915559769e-05,Ephemeroptera
922,172.98194885253906,2400.0,433.2039794921875,2574.7134857177734,4.562250614981167e-05,Ephemeroptera
923,2000,478.31640625,2183.943359375,499.7607116699219,4.525772965280339e-05,Ephemeroptera
924,3391.9744567871094,3436.4886474609375,3678.0507202148438,3455.722442626953,4.511505539994687e-05,Ephemeroptera
925,3033.321762084961,12.756692886352539,3133.512969970703,90.09838104248047,4.486141915549524e-05,Ephemeroptera
926,284.4924011230469,229.25051879882812,542.5516967773438,930.338623046875,4.458317926037125e-05,Ephemeroptera
927,3378.954315185547,2837.347412109375,3477.0723876953125,2900.0,4.456643364392221e-05,Ephemeroptera
928,4030.4005737304688,1284.3026428222656,4100.0,1378.0964813232422,4.3536048906389624e-05,Ephemeroptera
929,2000.0,2785.9429931640625,2129.395477294922,2900.0,4.336193887866102e-05,Ephemeroptera
930,2091.1205520629883,2886.657989501953,2189.4488830566406,2899.907196044922,4.3012445530621335e-05,Ephemeroptera
931,2844.8260803222656,2956.0,2900.0,2997.822135925293,4.2248018871759996e-05,Ephemeroptera
932,1913.8399963378906,2852.4142150878906,2021.2485656738281,2900.0,4.1985706047853455e-05,Ephemeroptera
933,2078.2655639648438,1052.3475646972656,2100.0,1300.0,4.1793678974499926e-05,Ephemeroptera
934,132.66116333007812,1600.0,427.6334228515625,1677.882453918457,4.176017682766542e-05,Ephemeroptera
935,420.8908996582031,0.0,500.0,80.3223876953125,4.085423643118702e-05,Ephemeroptera
936,674.0594787597656,3256.0855102539062,897.2194213867188,3373.0625610351562,4.084359898115508e-05,Ephemeroptera
937,3416.0518646240234,2831.7442932128906,3512.4622802734375,2900.173759460449,4.079898644704372e-05,Ephemeroptera
938,4471.702453613281,1600.4305005073547,4608.0,1700.0,4.075504693901166e-05,Ephemeroptera
939,4000.0,651.6831359863281,4044.419521331787,784.1103515625,4.069240821991116e-05,Ephemeroptera
940,2834.3788146972656,2831.2017517089844,2997.406478881836,2899.9859924316406,4.062308289576322e-05,Ephemeroptera
941,2400.0,2483.697364807129,2426.70023727417,2817.4201049804688,4.0615217585582286e-05,Ephemeroptera
942,395.837890625,718.6185913085938,527.9096145629883,786.4388122558594,4.0480495954398066e-05,Ephemeroptera
943,1257.3137817382812,9.090209007263184,1300.0,279.8463439941406,4.0098861063597724e-05,Ephemeroptera
944,16.102039337158203,1698.792350769043,149.77565002441406,1785.1649322509766,3.994725557276979e-05,Ephemeroptera
945,1200.0,564.0335083007812,1219.0846195220947,877.141845703125,3.9738963096169755e-05,Ephemeroptera
946,2427.3268127441406,765.3611755371094,2500.0,909.526252746582,3.949739402742125e-05,Ephemeroptera
947,4488.1534423828125,1283.7315063476562,4500.0,1386.1116943359375,3.926199860870838e-05,Ephemeroptera
948,2882.235137939453,3054.1309814453125,2900.0,3193.962631225586,3.870444561471231e-05,Ephemeroptera
949,4526.604187011719,1548.1756896972656,4608.0,1750.7015686035156,3.8294972910080105e-05,Ephemeroptera
950,1278.6457214355469,800.0225275754929,1346.7552185058594,839.4134216308594,3.820243364316411e-05,Ephemeroptera
951,2467.004684448242,2800.0,2567.1104125976562,2848.221218109131,3.7930683902231976e-05,Ephemeroptera
952,2504.3013305664062,3184.5787658691406,2611.1332244873047,3255.980224609375,3.790240589296445e-05,Ephemeroptera
953,1200.0,3215.8800048828125,1367.164566040039,3300.0,3.7763864384032786e-05,Ephemeroptera
954,2800.0,2600.491958618164,2826.528974533081,2897.0982666015625,3.7713693018304184e-05,Ephemeroptera
955,2000.0,2956.0,2115.570701599121,3080.146064758301,3.7704485293943435e-05,Ephemeroptera
956,2071.1968994140625,3195.2175903320312,2279.0088806152344,3270.612060546875,3.759336323128082e-05,Ephemeroptera
957,3766.095260620117,1200.0,3878.535125732422,1213.5682773590088,3.7482539482880384e-05,Ephemeroptera
958,3669.8715209960938,400.0,3700.0,543.6297607421875,3.746217043953948e-05,Ephemeroptera
959,3190.012908935547,1657.7408752441406,3301.9519577026367,1700.0,3.732623008545488e-05,Ephemeroptera
960,3485.6708374023438,696.6082458496094,3561.9382934570312,768.1102294921875,3.728741648956202e-05,Ephemeroptera
961,4000.0,3203.1768798828125,4038.7868309020996,3300.0,3.703106995089911e-05,Ephemeroptera
962,2183.729202270508,2000.0,2314.466766357422,2041.8937950134277,3.660314905573614e-05,Ephemeroptera
963,1783.4491882324219,3362.230438232422,1944.8311767578125,3423.04931640625,3.645659307949245e-05,Ephemeroptera
964,3909.1378479003906,637.8423919677734,3958.3204956054688,697.94873046875,3.641885632532649e-05,Ephemeroptera
965,3250.6913146972656,1542.0433044433594,3300.0,1700.0,3.6208584788255394e-05,Ephemeroptera
966,3819.4882202148438,3271.2454833984375,4038.352020263672,3299.4864501953125,3.6202054616296664e-05,Ephemeroptera
967,4021.270050048828,3302.349090576172,4100.0,3455.9862670898438,3.607027974794619e-05,Ephemeroptera
968,4126.394340515137,170.41371154785156,4361.09228515625,743.9553833007812,3.602689321269281e-05,Ephemeroptera
969,3600.0,817.0281066894531,3731.298095703125,900.0,3.5810207918984815e-05,Ephemeroptera
970,3200.594449043274,117.92373657226562,3255.5465774536133,224.2310028076172,3.580703560146503e-05,Ephemeroptera
971,397.2145080566406,1200.0,519.7006683349609,1394.2755889892578,3.579105396056548e-05,Ephemeroptera
972,1325.895378112793,2956.0,1437.7020568847656,2968.6078310012817,3.558939351933077e-05,Ephemeroptera
973,4524.651550292969,3325.398651123047,4608.0,3456.0,3.540801117196679e-05,Ephemeroptera
974,3402.3519592285156,2460.9551391601562,3528.9359436035156,2500.0,3.538961391313933e-05,Ephemeroptera
975,858.9651184082031,2756.113037109375,900.0,2900.0,3.506666689645499e-05,Ephemeroptera
976,3200.0,2746.9102783203125,3291.7578887939453,2941.192581176758,3.4754586522467434e-05,Ephemeroptera
977,3200.252604484558,559.1460266113281,3227.070177078247,645.7088012695312,3.452546297921799e-05,Ephemeroptera
978,800.2114713191986,2699.8199462890625,826.0000457763672,2813.7686767578125,3.4495024010539055e-05,Ephemeroptera
979,4077.8588256835938,2712.981201171875,4100.0,2822.199493408203,3.44111722370144e-05,Ephemeroptera
980,483.23570251464844,2411.8210077285767,517.5770645141602,2536.191848754883,3.4295168006792665e-05,Ephemeroptera
981,1600.0,1553.4475402832031,1687.0399627685547,1700.0,3.3549054933246225e-05,Ephemeroptera
982,3649.7756958007812,15.966409683227539,3899.3449096679688,69.9376220703125,3.321014082757756e-05,Ephemeroptera
983,3247.1742973327637,773.8523864746094,3337.3421630859375,834.0089416503906,3.312894477858208e-05,Ephemeroptera
984,4320.785797119141,2486.03466796875,4450.815460205078,2500.0,3.31137198372744e-05,Ephemeroptera
985,243.27536010742188,2857.211883544922,371.22210693359375,3226.247833251953,3.3060867281164974e-05,Ephemeroptera
986,1200.0,193.22799682617188,1241.862533569336,459.424072265625,3.305345671833493e-05,Ephemeroptera
987,3863.171661376953,2472.780517578125,3937.3580017089844,2499.970916748047,3.304132405901328e-05,Ephemeroptera
988,3626.844549179077,3153.6869506835938,3700.3480911254883,3300.0,3.293310874141753e-05,Ephemeroptera
989,4108.0,2956.0,4520.4425048828125,3061.486328125,3.284083868493326e-05,Ephemeroptera
990,1660.1055297851562,3071.086944580078,1700.0,3216.9364318847656,3.232572635170072e-05,Ephemeroptera
991,400.0,1699.3139038085938,440.400390625,2100.0,3.226139233447611e-05,Ephemeroptera
992,3664.42431640625,2274.55908203125,3700.0,2441.362579345703,3.220056532882154e-05,Ephemeroptera
993,3660.460174560547,809.0425415039062,3700.0,899.9368591308594,3.198797276127152e-05,Ephemeroptera
994,1481.3982849121094,2956.0,1560.1440734863281,2994.094081878662,3.1925010262057185e-05,Ephemeroptera
995,3560.4979553222656,2053.2093505859375,3738.320297241211,2099.9390563964844,3.190297502442263e-05,Ephemeroptera
996,2185.4920349121094,1200.0,2412.9323120117188,1256.1132316589355,3.187675974913873e-05,Ephemeroptera
997,3200.0,3318.118194580078,3300.0,3456.0,3.176854079356417e-05,Ephemeroptera
998,440.5384063720703,1687.8330078125,664.7091064453125,1699.9526977539062,3.17492158501409e-05,Ephemeroptera
999,4590.466827392578,750.5202331542969,4608.0,845.9141845703125,3.169379851897247e-05,Ephemeroptera
1000,4265.561874389648,865.3796081542969,4488.828155517578,900.0,3.1505245715379715e-05,Ephemeroptera
1001,436.76748275756836,2472.056854248047,620.3754425048828,2519.6920623779297,3.1289426260627806e-05,Ephemeroptera
1002,3640.944580078125,3081.6869201660156,3700.0,3381.48876953125,3.1111911084735766e-05,Ephemeroptera
1003,1200.0,4.2171478271484375,1230.309087753296,251.4296112060547,3.103910057689063e-05,Ephemeroptera
1004,0.0,2800.0,18.725399017333984,3104.8305053710938,3.08779017359484e-05,Ephemeroptera
1005,2800.0,2738.9689331054688,2841.1912803649902,2899.925994873047,3.0572209652746096e-05,Ephemeroptera
1006,3200.0,3299.1957397460938,3234.0060386657715,3456.0,3.0350503948284313e-05,Ephemeroptera
1007,4108.173544883728,3268.9291076660156,4246.242279052734,3299.9983825683594,3.025516889465507e-05,Ephemeroptera
1008,3791.0411682128906,1681.3988647460938,4006.6604614257812,1699.7914428710938,3.0072509616729803e-05,Ephemeroptera
1009,4245.998779296875,1657.3514404296875,4341.172958374023,1699.9340515136719,3.0054678063606843e-05,Ephemeroptera
1010,400.0,3186.2748107910156,542.5231018066406,3300.0,2.9987595553393476e-05,Ephemeroptera
1011,2062.37650680542,3323.3987426757812,2232.5977325439453,3404.2906494140625,2.987208790727891e-05,Ephemeroptera
1012,856.9028015136719,2000.0155568122864,900.0,2081.517158508301,2.9824719604221173e-05,Ephemeroptera
1013,597.2136993408203,3202.075439453125,986.2497253417969,3321.052734375,2.9806238671881147e-05,Ephemeroptera
1014,3397.296356201172,2638.9312438964844,3450.3800201416016,2698.5237426757812,2.9683667889912613e-05,Ephemeroptera
1015,2400.0,3305.1510314941406,2438.0424194335938,3456.0,2.9606177122332156e-05,Ephemeroptera
1016,3223.7782707214355,0.518190860748291,3461.450408935547,42.03506088256836,2.958791628770996e-05,Ephemeroptera
1017,3200.003132224083,178.3639678955078,3228.1336193084717,397.6649475097656,2.9520080715883523e-05,Ephemeroptera
1018,4174.944885253906,0.0,4410.0614013671875,49.432037353515625,2.950127782241907e-05,Ephemeroptera
1019,2400.332260131836,861.4133911132812,2515.904685974121,899.8502807617188,2.9245140467537567e-05,Ephemeroptera
1020,4487.887664794922,865.67724609375,4565.220733642578,900.0,2.9227521736174822e-05,Ephemeroptera
1021,4460.074890136719,2911.096237182617,4500.0,3155.626251220703,2.9067581635899842e-05,Ephemeroptera
1022,111.7208023071289,1634.2268180847168,213.52610778808594,1676.0647354125977,2.9056966013740748e-05,Ephemeroptera
1023,590.3551635742188,2956.0,1104.2303466796875,3110.6728515625,2.9001403163420036e-05,Ephemeroptera
1024,430.6872367858887,3217.1336364746094,574.6275939941406,3299.917022705078,2.8905895305797458e-05,Ephemeroptera
1025,0.0,2456.3614807128906,130.0916748046875,2500.0,2.861399480025284e-05,Ephemeroptera
1026,3297.327766418457,1456.9813232421875,3333.240203857422,1512.2474670410156,2.858135303540621e-05,Ephemeroptera
1027,3589.489959716797,0.0,3700.0,126.2704849243164,2.8542373911477625e-05,Ephemeroptera
1028,4000,2541.572235107422,4030.14861869812,2623.283004760742,2.8437067157938145e-05,Ephemeroptera
1029,3600.0,0.0,3632.5248527526855,343.0768127441406,2.8402480893419124e-05,Ephemeroptera
1030,1600.202453136444,2224.8187103271484,1639.817237854004,2327.913055419922,2.8162570743006654e-05,Ephemeroptera
1031,3264.226272583008,69.11140441894531,3402.753189086914,137.87620544433594,2.8155562176834792e-05,Ephemeroptera
1032,4000.0,495.3844299316406,4022.748992919922,818.2229614257812,2.8039596145390533e-05,Ephemeroptera
1033,4447.606750488281,1801.8271942138672,4528.222717285156,1882.3601379394531,2.8028445740346797e-05,Ephemeroptera
1034,1254.4831237792969,910.0853424072266,1300.0,1036.4286499023438,2.800605579977855e-05,Ephemeroptera
1035,4568.069641113281,2248.395294189453,4608.0,2345.42236328125,2.7837319066748023e-05,Ephemeroptera
1036,2485.0099487304688,86.10706329345703,2499.9315185546875,182.75680541992188,2.774087988655083e-05,Ephemeroptera
1037,1240.7958068847656,2037.4476928710938,1300.0,2100.0,2.7650790798361413e-05,Ephemeroptera
1038,800.2209544181824,1666.5448303222656,901.4880981445312,1699.9103393554688,2.7603340640780516e-05,Ephemeroptera
1039,3600.0,2956.0,3620.592372894287,3194.869827270508,2.754727211140562e-05,Ephemeroptera
1040,3600.0,400.0,3638.6397018432617,534.5733642578125,2.754695924522821e-05,Ephemeroptera
1041,2602.356719970703,3205.4829864501953,2767.9678955078125,3261.9466857910156,2.751274951151572e-05,Ephemeroptera
1042,2861.107635498047,3239.723602294922,2900.0,3362.529998779297,2.7208101528231055e-05,Ephemeroptera
1043,2632.9559326171875,2800,2710.2908935546875,2808.420042991638,2.706006125663407e-05,Ephemeroptera
1044,1509.7283325195312,1278.7655029296875,1771.5619049072266,1299.9094848632812,2.6994672225555405e-05,Ephemeroptera
1045,4233.489601135254,800.0,4447.374053955078,829.6076354980469,2.6894536858890206e-05,Ephemeroptera
1046,4015.9676513671875,2151.1521759033203,4116.678070068359,2342.5626220703125,2.687878986762371e-05,Ephemeroptera
1047,2579.0016174316406,3286.8841247558594,2712.5529174804688,3300.0,2.668208981049247e-05,Ephemeroptera
1048,2800.2910435199738,3260.4454650878906,2834.9332695007324,3352.3190002441406,2.6646464903024025e-05,Ephemeroptera
1049,2067.690155029297,2070.896728515625,2167.126983642578,2099.97607421875,2.6598201657179743e-05,Ephemeroptera
1050,215.07168579101562,1615.9926452636719,300.06646728515625,1700.0,2.6563093342701904e-05,Ephemeroptera
1051,4108.0,262.278076171875,4126.117206573486,583.7151336669922,2.6548759706201963e-05,Ephemeroptera
1052,3600.235152244568,472.20272064208984,3628.5239696502686,548.2726593017578,2.6422596420161426e-05,Ephemeroptera
1053,3200,800,3400.838333129883,829.2366676330566,2.6373758373665623e-05,Ephemeroptera
1054,767.116943359375,3285.6009521484375,865.5132446289062,3389.3636169433594,2.6269386580679566e-05,Ephemeroptera
1055,3023.9730834960938,2887.035186767578,3105.118621826172,2899.972900390625,2.6220655854558572e-05,Ephemeroptera
1056,3292.119026184082,1200,3632.7008361816406,1262.9533882141113,2.6123814677703194e-05,Ephemeroptera
1057,2459.5687255859375,2371.3087158203125,2500.0,2538.4010314941406,2.608187060104683e-05,Ephemeroptera
1058,3166.950653076172,1577.8415222167969,3217.564239501953,1614.529052734375,2.6036716008093208e-05,Ephemeroptera
1059,557.8116912841797,1200.0,812.2756958007812,1270.8898696899414,2.5737092073541135e-05,Ephemeroptera
1060,800.1594066619873,850.0115051269531,900.8683471679688,899.8679504394531,2.553507874836214e-05,Ephemeroptera
1061,2957.005126953125,2884.7129821777344,3069.070587158203,2899.9487915039062,2.55130507866852e-05,Ephemeroptera
1062,1200.0,2956.0,1298.1413497924805,3086.431396484375,2.5454408387304284e-05,Ephemeroptera
1063,3272.8190307617188,278.81146240234375,3300.0,386.7541198730469,2.530483470764011e-05,Ephemeroptera
1064,4152.364284515381,1538.1366271972656,4336.016952514648,1640.4162902832031,2.518864130252041e-05,Ephemeroptera
1065,1324.6302108764648,885.1988830566406,1441.1306457519531,899.9956970214844,2.5021194232976995e-05,Ephemeroptera
1066,2666.6810607910156,2956.0193901360035,2748.9170532226562,2965.354658126831,2.49239328695694e-05,Ephemeroptera
1067,4461.094177246094,242.48104858398438,4500.0,340.9876403808594,2.4873359507182613e-05,Ephemeroptera
1068,2400.1457273960114,2848.0948600769043,2439.4505310058594,2876.6322021484375,2.4711049263714813e-05,Ephemeroptera
1069,4000.4327088594437,33.80358123779297,4025.927574157715,169.10337829589844,2.4638831746415235e-05,Ephemeroptera
1070,2722.3594665527344,2956,2787.409698486328,2962.700023174286,2.4464261514367536e-05,Ephemeroptera
1071,1230.3329944610596,2868.8890228271484,1371.5396881103516,2913.34228515625,2.4428591132164e-05,Ephemeroptera
1072,2470.2392196655273,469.2262268066406,2549.5681762695312,499.97747802734375,2.4315702830790542e-05,Ephemeroptera
1073,0.0,7.6519012451171875,29.041105270385742,278.0347900390625,2.418787516944576e-05,Ephemeroptera
1074,2800.0,2336.433868408203,2846.6289710998535,2500.0,2.4084987671812996e-05,Ephemeroptera
1075,2417.2136783599854,2474.3990478515625,2708.1598205566406,2500.0,2.402211248409003e-05,Ephemeroptera
1076,4463.347717285156,2587.563186645508,4500.0,2850.0330505371094,2.382931052125059e-05,Ephemeroptera
1077,3600.0,0.0,3641.9279441833496,133.38348388671875,2.3812501240172423e-05,Ephemeroptera
1078,1984.4332580566406,0.0,2100.0,99.58457946777344,2.3722672267467715e-05,Ephemeroptera
1079,4070.9238891601562,1362.6167297363281,4100.0,1443.0679779052734,2.3684968255111016e-05,Ephemeroptera
1080,4204.016204833984,1600.0,4424.092620849609,1698.5034790039062,2.3657834390178323e-05,Ephemeroptera
1081,2047.9971923828125,781.7638549804688,2100.0,914.1611099243164,2.3588581825606525e-05,Ephemeroptera
1082,3600.398510694504,2687.336212158203,3627.3661670684814,2786.155029296875,2.3562008209410124e-05,Ephemeroptera
1083,400.0,1330.5493774414062,435.55369567871094,1700.0,2.3539303583675064e-05,Ephemeroptera
1084,4479.277282714844,1431.6855926513672,4500.0,1542.3837585449219,2.344578933843877e-05,Ephemeroptera
1085,1200.0,783.3081359863281,1241.6253700256348,967.0297546386719,2.336775287403725e-05,Ephemeroptera
1086,2491.650245666504,3286.0926513671875,2627.2193908691406,3299.6800537109375,2.3148899344960228e-05,Ephemeroptera
1087,2869.4151916503906,3301.808349609375,3026.6903381347656,3367.7084350585938,2.2880220058141276e-05,Ephemeroptera
1088,2771.628662109375,400.0966429710388,2899.9918518066406,502.1899108886719,2.2748805349692702e-05,Ephemeroptera
1089,3202.157501220703,1200.0,3291.7911376953125,1215.7576026916504,2.2706712115905248e-05,Ephemeroptera
1090,1200.0,2759.4537353515625,1235.1079406738281,2900.0,2.259214670630172e-05,Ephemeroptera
1091,4580.682464599609,1092.1195983886719,4608.0,1176.6610107421875,2.2555723262485117e-05,Ephemeroptera
1092,182.5428009033203,2325.57568359375,318.8854675292969,2648.233154296875,2.247550401079934e-05,Ephemeroptera
1093,4087.838165283203,2039.5206298828125,4100.0,2162.9976196289062,2.2380945665645413e-05,Ephemeroptera
1094,3148.3294372558594,1548.9069519042969,3225.0733947753906,1594.4525756835938,2.2338532289722934e-05,Ephemeroptera
1095,611.8576507568359,2079.247100830078,711.1041259765625,2100.0,2.224503805337008e-05,Ephemeroptera
1096,2852.8139114379883,3271.2695922851562,3092.8009033203125,3299.9938049316406,2.224440140707884e-05,Ephemeroptera
1097,2066.6075134277344,1200.0,2100.0,1371.1052703857422,2.221287832071539e-05,Ephemeroptera
1098,2373.703582763672,1602.7111206054688,2565.813262939453,1700.0,2.2129277567728423e-05,Ephemeroptera
1099,3477.7953186035156,3311.1935424804688,3659.0416564941406,3352.302215576172,2.2039243049221113e-05,Ephemeroptera
1100,4486.988677978516,1150.39013671875,4499.908111572266,1237.0943908691406,2.1898100385442376e-05,Ephemeroptera
1101,4487.259582519531,895.2241897583008,4500.0,1027.6802368164062,2.1883279259782284e-05,Ephemeroptera
1102,1416.0911560058594,800.0,1518.0295104980469,818.2713451385498,2.1863523215870373e-05,Ephemeroptera
1103,4567.437896728516,1885.4148254394531,4608.0,2056.44384765625,2.1829981051268987e-05,Ephemeroptera
1104,2636.3263549804688,2876.5119018554688,2698.973663330078,2898.7145385742188,2.1753212422481738e-05,Ephemeroptera
1105,2029.3628540039062,1200.0,2134.0751953125,1236.7925720214844,2.152042361558415e-05,Ephemeroptera
1106,703.4686889648438,2034.913818359375,935.3607788085938,2100.0,2.1393534552771598e-05,Ephemeroptera
1107,1259.7803039550781,2717.7601928710938,1299.8633422851562,2815.847686767578,2.136910734407138e-05,Ephemeroptera
1108,3483.3681640625,2400,3560.0368041992188,2407.892906665802,2.1297433704603463e-05,Ephemeroptera
1109,2019.834804534912,2800.0,2234.952835083008,2832.4507751464844,2.1289310097927228e-05,Ephemeroptera
1110,3624.5242347717285,3295.7423706054688,3767.8609619140625,3354.7954711914062,2.1288416974130087e-05,Ephemeroptera
1111,276.684814453125,1655.9179382324219,388.3618469238281,1699.9450073242188,2.1258107153698802e-05,Ephemeroptera
1112,2000.3589749336243,2000.052359700203,2076.103385925293,2046.7331199645996,2.123907870554831e-05,Ephemeroptera
1113,2598.1663970947266,2873.495574951172,2633.6385955810547,2898.9674682617188,2.115999086527154e-05,Ephemeroptera
1114,4076.320068359375,375.63958740234375,4100.0,499.05236053466797,2.0995186787331477e-05,Ephemeroptera
1115,742.7212524414062,2479.5247192382812,922.111701965332,2500.0,2.0980374756618403e-05,Ephemeroptera
1116,1164.8898620605469,875.9100952148438,1222.7033081054688,898.7792053222656,2.0819272322114557e-05,Ephemeroptera
1117,3200.001607835293,0.2391040325164795,3234.8694610595703,119.18376922607422,2.0814250092371367e-05,Ephemeroptera
1118,1200.0,823.0626335144043,1221.9696960449219,1110.7976379394531,2.080914782709442e-05,Ephemeroptera
1119,2073.5013122558594,1189.0371704101562,2100.0,1298.3880996704102,2.0801471691811457e-05,Ephemeroptera
1120,4108.0,500.20362091064453,4143.436145782471,713.4630126953125,2.0789671907550655e-05,Ephemeroptera
1121,800.0,367.8724060058594,893.3110733032227,500.0,2.06501099455636e-05,Ephemeroptera
1122,400.0,3286.7618713378906,428.177734375,3456.0,2.0506065993686207e-05,Ephemeroptera
1123,4330.227600097656,1683.2409973144531,4428.108703613281,1700.0,2.0422421584953554e-05,Ephemeroptera
1124,4000.273096561432,2039.2750854492188,4128.233383178711,2100.0,2.041274456132669e-05,Ephemeroptera
1125,1787.2130737304688,3443.987030029297,1907.9100952148438,3455.8331909179688,2.030020914389752e-05,Ephemeroptera
1126,4070.5340270996094,1533.498291015625,4100.0,1732.6653747558594,2.018422856053803e-05,Ephemeroptera
1127,2400,1600.0511348247528,2462.7545890808105,1665.428581237793,2.0141964341746643e-05,Ephemeroptera
1128,1600,2283.5010986328125,1644.8835487365723,2387.1768798828125,1.993637670238968e-05,Ephemeroptera
1129,4401.7098388671875,3272.0328369140625,4479.091369628906,3299.7704162597656,1.9833802070934325e-05,Ephemeroptera
1130,1652.3290100097656,3306.8705139160156,1700.0,3456.0,1.977627289306838e-05,Ephemeroptera
1131,3600.0,3163.7362365722656,3671.225914001465,3288.5564880371094,1.976935163838789e-05,Ephemeroptera
1132,4312.762023925781,2051.255126953125,4369.8525390625,2100.0,1.9710598280653358e-05,Ephemeroptera
1133,2893.227996826172,3141.6309509277344,2900.0,3208.4537506103516,1.9690740373334847e-05,Ephemeroptera
1134,3342.770050048828,2490.6231079101562,3438.099807739258,2500.0,1.9666942534968257e-05,Ephemeroptera
1135,3188.366912841797,2826.1544189453125,3308.770896911621,2899.9773864746094,1.9627314031822607e-05,Ephemeroptera
1136,1311.9592666625977,891.3870849609375,1402.9521942138672,900.0,1.960402551048901e-05,Ephemeroptera
1137,4189.111618041992,549.0749359130859,4261.152557373047,596.9372253417969,1.9512874132487923e-05,Ephemeroptera
1138,3600.0,3434.21484375,3867.1825561523438,3455.7967224121094,1.9510063793859445e-05,Ephemeroptera
1139,2499.875930786133,3291.33642578125,2573.043914794922,3300.0,1.9466722733341157e-05,Ephemeroptera
1140,4415.710205078125,377.7616882324219,4500.0,447.31939697265625,1.9392773538129404e-05,Ephemeroptera
1141,9.918928146362305,1686.1197509765625,211.49725341796875,1700.0,1.9246172087150626e-05,Ephemeroptera
1142,4108.0,1955.8747253417969,4189.935508728027,2141.654830932617,1.919733767863363e-05,Ephemeroptera
1143,35.444976806640625,1472.3894653320312,144.72544860839844,1643.0666809082031,1.9189450540579855e-05,Ephemeroptera
1144,3265.6585693359375,1277.5786437988281,3299.7550048828125,1344.7755584716797,1.9182058167643845e-05,Ephemeroptera
1145,139.14242553710938,2082.291015625,231.42776489257812,2099.8408203125,1.910457831399981e-05,Ephemeroptera
1146,4320.273162841797,2478.4526977539062,4415.740081787109,2500.0,1.909690945467446e-05,Ephemeroptera
1147,3999.7926330566406,3400.3636779785156,4099.8726806640625,3455.9810180664062,1.8994796846527606e-05,Ephemeroptera
1148,3284.4903869628906,2093.5958862304688,3300.0,2211.073974609375,1.8970249584526755e-05,Ephemeroptera
1149,3340.1795196533203,2936.1258697509766,3576.2694396972656,2993.300193786621,1.8965725757880136e-05,Ephemeroptera
1150,2000,425.1279106140137,2021.0873222351074,682.49267578125,1.8841677956515923e-05,Ephemeroptera
1151,3156.1810607910156,3388.0716857910156,3260.196994781494,3455.9282836914062,1.882003925857134e-05,Ephemeroptera
1152,4592.4678955078125,483.9558334350586,4607.91015625,610.8584594726562,1.8796703443513252e-05,Ephemeroptera
1153,1285.8823852539062,691.646484375,1300.0,784.8443908691406,1.8716980775934644e-05,Ephemeroptera
1154,400.0,2751.7162475585938,493.78987884521484,2900.0,1.8454536984791048e-05,Ephemeroptera
1155,2400.0,1653.2504081726074,2425.6850395202637,1792.3961944580078,1.841584344219882e-05,Ephemeroptera
1156,0.0,1228.241205215454,101.84612274169922,1348.6610412597656,1.841571975091938e-05,Ephemeroptera
1157,1600.0,2400.003272294998,1717.5443649291992,2499.957550048828,1.8335476852371357e-05,Ephemeroptera
1158,4020.1282272338867,611.8006286621094,4075.92472076416,665.7981262207031,1.827720188884996e-05,Ephemeroptera
1159,1645.7978210449219,2072.378875732422,1720.3820495605469,2113.8238525390625,1.820747638703324e-05,Ephemeroptera
1160,43.13307571411133,2400.119373202324,253.29351806640625,2440.797981262207,1.8117218132829294e-05,Ephemeroptera
1161,1289.4651794433594,3289.0870971679688,1366.9701538085938,3299.8767700195312,1.809696368582081e-05,Ephemeroptera
1162,2884.2059631347656,2907.175636291504,2900.0,3075.00887298584,1.808693923521787e-05,Ephemeroptera
1163,838.8865242004395,2334.5596923828125,953.8194122314453,2381.5775756835938,1.8038310372503474e-05,Ephemeroptera
1164,0.14445781707763672,835.0919189453125,90.00337982177734,945.355224609375,1.795750176825095e-05,Ephemeroptera
1165,2911.8181076049805,2800.0510036945343,2994.9774322509766,2808.9687061309814,1.789051566447597e-05,Ephemeroptera
1166,3071.251708984375,3353.6727905273438,3116.4407348632812,3388.6720581054688,1.787375185813289e-05,Ephemeroptera
1167,1284.6135559082031,746.1806640625,1299.9260864257812,849.9150390625,1.785319000191521e-05,Ephemeroptera
1168,847.5340881347656,3294.8880310058594,900.0,3456.0,1.7852986275102012e-05,Ephemeroptera
1169,2400.0,2437.390182495117,2415.188278198242,2705.4530029296875,1.7807855329010636e-05,Ephemeroptera
1170,2000.0,753.1091613769531,2055.1003952026367,950.8457489013672,1.778548539732583e-05,Ephemeroptera
1171,4178.723175048828,2000.0,4450.596252441406,2071.6526947021484,1.7724751160130836e-05,Ephemeroptera
1172,2503.217742919922,2800.0,2574.110595703125,2825.300806045532,1.7682357793091796e-05,Ephemeroptera
1173,1600.0,2956.0578701496124,1670.999885559082,3039.1507415771484,1.756633719196543e-05,Ephemeroptera
1174,1600.0132709741592,0.24558305740356445,1627.283842086792,94.98033142089844,1.7490576283307746e-05,Ephemeroptera
1175,4509.242431640625,1210.9460945129395,4585.862731933594,1277.040138244629,1.748847535054665e-05,Ephemeroptera
1176,4000.0,1542.3101806640625,4047.4110260009766,1700.0,1.7415377442375757e-05,Ephemeroptera
1177,2439.09952545166,2771.5513305664062,2466.651039123535,2814.615692138672,1.7350113921565935e-05,Ephemeroptera
1178,4087.6720581054688,530.0916137695312,4100.0,638.0443572998047,1.723676541587338e-05,Ephemeroptera
1179,4269.371734619141,400.0,4382.769500732422,418.3582992553711,1.7193391613545828e-05,Ephemeroptera
1180,132.46189880371094,3273.915771484375,189.6385955810547,3299.1261596679688,1.7082353224395774e-05,Ephemeroptera
1181,2717.3519287109375,2400,2898.8021850585938,2458.92440032959,1.7064523490262218e-05,Ephemeroptera
1182,2206.6199340820312,3168.4415435791016,2247.4246520996094,3239.578338623047,1.705303839116823e-05,Ephemeroptera
1183,563.2717437744141,92.9345474243164,688.8628540039062,155.8143310546875,1.698849882814102e-05,Ephemeroptera
1184,4425.889343261719,391.0357360839844,4478.327697753906,453.91391372680664,1.6868149032234214e-05,Ephemeroptera
1185,1200.0,493.93377685546875,1224.9653301239014,761.4342651367188,1.6826632418087684e-05,Ephemeroptera
1186,3600.0,2136.0267333984375,3628.968936920166,2362.075408935547,1.680804416537285e-05,Ephemeroptera
1187,1600.0,400.0,1644.2080192565918,594.045166015625,1.6779937141109258e-05,Ephemeroptera
1188,4089.8308715820312,944.4002075195312,4099.931427001953,1037.772232055664,1.676833926467225e-05,Ephemeroptera
1189,4429.971740722656,3295.4969482421875,4499.964538574219,3395.261444091797,1.674106351856608e-05,Ephemeroptera
1190,4459.438140869141,782.6243896484375,4500.0,834.3819923400879,1.6713896911824122e-05,Ephemeroptera
1191,2445.8009338378906,3286.077606201172,2530.7259521484375,3300.0,1.6710790077922866e-05,Ephemeroptera
1192,400.0230550765991,2811.6908569335938,529.9795837402344,2899.966796875,1.6579562725382857e-05,Ephemeroptera
1193,4435.858154296875,3394.6239013671875,4499.925994873047,3456.0,1.651728780416306e-05,Ephemeroptera
1194,4108,1.6269922256469727,4119.872500419617,185.12831115722656,1.6379110093112104e-05,Ephemeroptera
1195,3670.3130798339844,1752.6897430419922,3699.8092651367188,1844.2782897949219,1.6305410099448636e-05,Ephemeroptera
1196,2800,1687.0879211425781,3016.7017974853516,1699.8778381347656,1.621757292014081e-05,Ephemeroptera
1197,4324.3486328125,1200.0,4393.9608154296875,1300.0,1.6217325537581928e-05,Ephemeroptera
1198,427.96240234375,850.9051322937012,499.97430419921875,1071.7050476074219,1.6206919099204242e-05,Ephemeroptera
1199,3834.3296966552734,1271.9930725097656,3897.836212158203,1299.9244689941406,1.6192521798075177e-05,Ephemeroptera
1200,1912.0020751953125,3279.2431030273438,2036.6172790527344,3300.0,1.6180296370293945e-05,Ephemeroptera
1201,4022.4276428222656,2400.0,4100.0,2414.7879304885864,1.6048135876189917e-05,Ephemeroptera
1202,400.0,0.05669146776199341,503.88291931152344,126.3650894165039,1.6025485820136964e-05,Ephemeroptera
1203,2465.953887939453,1160.9394836425781,2500.0,1300.0,1.59818991960492e-05,Ephemeroptera
1204,830.2513732910156,2300.6688842773438,885.2202758789062,2385.2191162109375,1.593230444996152e-05,Ephemeroptera
1205,4085.4808349609375,1051.2770690917969,4100.0,1176.3525085449219,1.5848063412704505e-05,Ephemeroptera
1206,2800.0,334.6580810546875,2844.9178047180176,500.0,1.56592795974575e-05,Ephemeroptera
1207,4087.051544189453,289.6412353515625,4100.0,373.30230712890625,1.5627934772055596e-05,Ephemeroptera
1208,4272.066513061523,433.24395751953125,4514.224426269531,500.0,1.558947224111762e-05,Ephemeroptera
1209,4588.436431884766,0,4607.989807128906,116.55781555175781,1.555991366331e-05,Ephemeroptera
1210,3720.9203720092773,457.3912658691406,3800.8702697753906,499.90130615234375,1.5462093870155513e-05,Ephemeroptera
1211,975.0712890625,3268.854278564453,1219.5603332519531,3300.0,1.5433704902534373e-05,Ephemeroptera
1212,3200.142714381218,1436.6777954101562,3236.988254547119,1659.1293334960938,1.541030542284716e-05,Ephemeroptera
1213,2400.0,400.0,2476.1330337524414,519.5460052490234,1.539960976515431e-05,Ephemeroptera
1214,2727.4315490722656,3023.830276489258,2779.9048767089844,3143.4012451171875,1.5373418136732653e-05,Ephemeroptera
1215,3441.126724243164,888.7414855957031,3502.9432373046875,900.0,1.534750481368974e-05,Ephemeroptera
1216,4079.4571838378906,3159.124526977539,4100.0,3361.5025024414062,1.5322935723816045e-05,Ephemeroptera
1217,2000.0,1213.4298400878906,2050.765766143799,1336.2267303466797,1.5291490853996947e-05,Ephemeroptera
1218,2450.8504943847656,0.0,2500.0,104.22286987304688,1.5214543054753449e-05,Ephemeroptera
1219,1418.0902404785156,2956.0150859355927,1505.7510375976562,2981.855297088623,1.5159825125010684e-05,Ephemeroptera
1220,0.21674633026123047,1547.4202270507812,174.6951141357422,1626.7249145507812,1.5124343917705119e-05,Ephemeroptera
1221,4108,2161.822036743164,4141.956726074219,2430.3388061523438,1.5048393834149465e-05,Ephemeroptera
1222,1200.1904726028442,2465.406707763672,1324.1890869140625,2499.919219970703,1.4988183465902694e-05,Ephemeroptera
1223,2400.1368641853333,2400.003707408905,2525.9314880371094,2433.5623779296875,1.4944635950087104e-05,Ephemeroptera
1224,2894.645362854004,186.2841033935547,2969.1921997070312,247.3837432861328,1.4918180568201933e-05,Ephemeroptera
1225,3396.745346069336,2904.8821716308594,3444.618148803711,2960.4276428222656,1.4914907296770252e-05,Ephemeroptera
1226,4108.310325622559,3405.512908935547,4213.882247924805,3455.7933959960938,1.4881832612445578e-05,Ephemeroptera
1227,2860.8612060546875,1839.8085174560547,2900.0,2066.5147399902344,1.486929068050813e-05,Ephemeroptera
1228,4581.525054931641,1366.3882904052734,4607.960998535156,1500.2643432617188,1.4684838788525667e-05,Ephemeroptera
1229,4476.716796875,2400.181722640991,4584.100250244141,2464.383041381836,1.468462960474426e-05,Ephemeroptera
1230,879.8749084472656,5.281996726989746,900.0,158.61187744140625,1.4666086826764513e-05,Ephemeroptera
1231,1260.0609741210938,1200,1300.0,1258.693862915039,1.4634539184044115e-05,Ephemeroptera
1232,1101.206298828125,878.7650146484375,1189.8748779296875,899.997802734375,1.4620686670241412e-05,Ephemeroptera
1233,400.0,0.0,433.07080078125,178.14361572265625,1.4617564374930225e-05,Ephemeroptera
1234,120.32347106933594,2705.2146606445312,225.95484924316406,2726.9776611328125,1.45020258059958e-05,Ephemeroptera
1235,2000.2084612846375,1674.4278869628906,2036.983512878418,1746.6507415771484,1.431059354217723e-05,Ephemeroptera
1236,1649.7479553222656,0.0,1700.0,134.00564575195312,1.4221046512830071e-05,Ephemeroptera
1237,4000.018200278282,729.9308776855469,4041.844985961914,809.7225341796875,1.4104002730164211e-05,Ephemeroptera
1238,1311.330795288086,761.9093933105469,1361.5983276367188,825.8045043945312,1.4098717656452209e-05,Ephemeroptera
1239,2067.0670471191406,2000.0,2188.8091735839844,2007.3823227882385,1.4086084775044583e-05,Ephemeroptera
1240,6.135124206542969,665.4299011230469,138.69920349121094,776.983154296875,1.4068939890421461e-05,Ephemeroptera
1241,0.14716386795043945,2800,94.96485137939453,2837.1398315429688,1.4028866644366644e-05,Ephemeroptera
1242,3463.5926208496094,2461.987030029297,3516.5778198242188,2499.054229736328,1.3964982827019412e-05,Ephemeroptera
1243,298.8883056640625,2452.3020629882812,375.3377990722656,2499.96728515625,1.3962479897600133e-05,Ephemeroptera
1244,2000.1307010650635,2946.881393432617,2123.689498901367,3029.6851196289062,1.3900925296184141e-05,Ephemeroptera
1245,3067.3157348632812,32.08588409423828,3187.2804565429688,97.22347259521484,1.3870004295313265e-05,Ephemeroptera
1246,3600.2440214157104,2624.399948120117,3627.222806930542,2730.9459838867188,1.3826884242007509e-05,Ephemeroptera
1247,4441.0391845703125,2003.5457134246826,4499.822052001953,2123.932960510254,1.3811531971441582e-05,Ephemeroptera
1248,1285.0009765625,2980.7256774902344,1299.9114990234375,3084.5000610351562,1.375755437038606e-05,Ephemeroptera
1249,2485.6646423339844,3011.6614379882812,2499.952423095703,3121.398910522461,1.3737874724029098e-05,Ephemeroptera
1250,1823.787109375,3177.254150390625,2004.2198181152344,3250.780731201172,1.3733302694163285e-05,Ephemeroptera
1251,0.32782554626464844,2475.5938568115234,24.209074020385742,2571.5913696289062,1.3715792192670051e-05,Ephemeroptera
1252,3062.9518127441406,3287.8585815429688,3139.0435180664062,3297.7843322753906,1.368187804473564e-05,Ephemeroptera
1253,2455.9686584472656,2000.0,2500.0,2099.8524780273438,1.3641047189594246e-05,Ephemeroptera
1254,2575.6092071533203,2469.1740112304688,2667.6592712402344,2499.944122314453,1.3635869436257053e-05,Ephemeroptera
1255,4472.4775390625,476.7991943359375,4559.527587890625,499.9227600097656,1.362700368190417e-05,Ephemeroptera
1256,1620.9300518035889,637.866455078125,1757.8912048339844,724.0122375488281,1.3605643289338332e-05,Ephemeroptera
1257,910.5377807617188,400,1139.2513732910156,430.94724464416504,1.3561728337663226e-05,Ephemeroptera
1258,3257.0964965820312,2620.1588134765625,3299.9407653808594,2755.2259521484375,1.3491037861967925e-05,Ephemeroptera
1259,2319.5707092285156,3268.940460205078,2500.0,3292.503448486328,1.3460529771691654e-05,Ephemeroptera
1260,3119.3402709960938,2886.9990234375,3204.4476623535156,2899.2301025390625,1.3454369764076546e-05,Ephemeroptera
1261,2087.541534423828,3294.201629638672,2301.1353454589844,3348.029083251953,1.3444030628306791e-05,Ephemeroptera
1262,2487.8743286132812,1507.9971923828125,2499.8646850585938,1600.6828308105469,1.342295672657201e-05,Ephemeroptera
1263,800.0003382563591,2156.0199279785156,816.8878288269043,2402.2413635253906,1.3372820831136778e-05,Ephemeroptera
1264,4129.796051025391,3286.0548095703125,4252.526184082031,3359.4144287109375,1.326478104601847e-05,Ephemeroptera
1265,3052.6570739746094,1200,3131.8440856933594,1211.8200979232788,1.316238285653526e-05,Ephemeroptera
1266,2800.097033381462,2607.728073120117,2840.107131958008,2701.5155334472656,1.3140635928721167e-05,Ephemeroptera
1267,2279.8880920410156,2079.8679809570312,2500.0,2099.9134521484375,1.3067216968920548e-05,Ephemeroptera
1268,4340.780166625977,481.90191650390625,4415.1842041015625,500.0,1.3014535397815052e-05,Ephemeroptera
1269,4321.434646606445,2451.04638671875,4360.494186401367,2500.0,1.2982838597963564e-05,Ephemeroptera
1270,3024.0592498779297,2800.0,3128.1476440429688,2814.2669353485107,1.2864545169577468e-05,Ephemeroptera
1271,3200.120931863785,407.6150817871094,3329.8384399414062,500.0,1.2848557162215002e-05,Ephemeroptera
1272,4466.55029296875,1619.483757019043,4499.95703125,1754.7493438720703,1.2798296666005626e-05,Ephemeroptera
1273,3757.065155029297,887.8175659179688,3827.5369567871094,899.9353332519531,1.2706659617833793e-05,Ephemeroptera
1274,4485.743804931641,2550.2039489746094,4500.0,2670.9760131835938,1.2692608834186103e-05,Ephemeroptera
1275,2474.458251953125,3156.6416778564453,2500.0,3300.0,1.2646309187402949e-05,Ephemeroptera
1276,4084.153045654297,2473.561668395996,4099.985992431641,2579.6319274902344,1.2635147868422791e-05,Ephemeroptera
1277,4173.67073059082,3444.264373779297,4264.295684814453,3456.0,1.251282446901314e-05,Ephemeroptera
1278,4108.0,1549.2420654296875,4142.068683624268,1770.8180084228516,1.2507169230957516e-05,Ephemeroptera
1279,4177.609634399414,487.9034118652344,4289.116485595703,500.0,1.2498143405537121e-05,Ephemeroptera
1280,303.2090759277344,3242.8479614257812,473.06085205078125,3339.500518798828,1.2453442650439683e-05,Ephemeroptera
1281,400.284218788147,2615.7601318359375,429.7413387298584,2706.3096923828125,1.2443079867807683e-05,Ephemeroptera
1282,4083.5608520507812,2400.0,4099.9019775390625,2427.7770137786865,1.2419831364240963e-05,Ephemeroptera
1283,2878.913116455078,2687.368927001953,2900.0,2812.576873779297,1.2412644537107553e-05,Ephemeroptera
1284,102.01480102539062,1733.3370208740234,166.31407165527344,1787.1085357666016,1.239185166923562e-05,Ephemeroptera
1285,2800.495809316635,2288.789093017578,2827.195375442505,2399.172607421875,1.2382921340758912e-05,Ephemeroptera
1286,133.14500427246094,2720.519775390625,223.32716369628906,2795.122344970703,1.2317470464040525e-05,Ephemeroptera
1287,2554.203414916992,476.0869140625,2619.5780334472656,499.884521484375,1.2296180102566723e-05,Ephemeroptera
1288,3284.8045959472656,2271.174285888672,3300.0,2375.7212524414062,1.2275701010366902e-05,Ephemeroptera
1289,4108.0,2065.3749389648438,4274.590866088867,2099.981689453125,1.2193454494990874e-05,Ephemeroptera
1290,3683.347755432129,400,3753.2874603271484,429.11739921569824,1.2135694305470679e-05,Ephemeroptera
1291,2267.764923095703,2858.0507202148438,2327.1237182617188,2899.9421997070312,1.2060481822118163e-05,Ephemeroptera
1292,2060.0355224609375,3345.1000366210938,2099.6494140625,3431.6336059570312,1.2040886758768465e-05,Ephemeroptera
1293,2731.3280029296875,3214.2634887695312,2796.2421264648438,3245.9920043945312,1.2019536370644346e-05,Ephemeroptera
1294,4482.220275878906,636.6206207275391,4500.0,776.1151428222656,1.2016063919872977e-05,Ephemeroptera
1295,4451.951171875,888.2321472167969,4533.726593017578,899.9933166503906,1.1906919098692015e-05,Ephemeroptera
1296,4000.0,1350.169189453125,4023.5083560943604,1605.8336181640625,1.1904581697308458e-05,Ephemeroptera
1297,1664.9239501953125,34.24215316772461,1700.0,313.527099609375,1.1824427019746508e-05,Ephemeroptera
1298,3258.6567993164062,1660.6969299316406,3300.0,1699.9146423339844,1.181569132313598e-05,Ephemeroptera
1299,2813.702880859375,2800.0,2900.0,2886.323905944824,1.1808751878561452e-05,Ephemeroptera
1300,4585.475921630859,2800.0,4608.0,2999.7627716064453,1.1784273738157935e-05,Ephemeroptera
1301,4435.575408935547,400.0939376652241,4527.527160644531,406.32270336151123,1.1754338629543781e-05,Ephemeroptera
1302,2800.0,2771.3890991210938,2848.233818054199,2945.32275390625,1.1747782991733402e-05,Ephemeroptera
1303,3283.4527893066406,1348.4517059326172,3299.920928955078,1439.2938537597656,1.1742854439944495e-05,Ephemeroptera
1304,3947.028778076172,652.6179351806641,3976.7442321777344,711.7454528808594,1.1681477189995348e-05,Ephemeroptera
1305,1144.9384155273438,800.0259116292,1226.7633361816406,815.3577518463135,1.1654872650979087e-05,Ephemeroptera
1306,2491.2222290039062,2672.4337158203125,2499.983642578125,2756.2564392089844,1.1632032510533463e-05,Ephemeroptera
1307,0.4548609256744385,471.4486999511719,113.94207763671875,500.0,1.161929321824573e-05,Ephemeroptera
1308,118.75123596191406,1200.0,455.0562438964844,1250.711269378662,1.1578276826185174e-05,Ephemeroptera
1309,77.98164367675781,2000.0282175838947,148.64613342285156,2006.0595169067383,1.151910146290902e-05,Ephemeroptera
1310,4417.585174560547,444.5773620605469,4499.832336425781,499.8765563964844,1.1440834896347951e-05,Ephemeroptera
1311,4484.254821777344,1923.8419494628906,4500.0,2060.9647216796875,1.1434834959800355e-05,Ephemeroptera
1312,480.90897369384766,2470.1588745117188,524.2952346801758,2500.0,1.1337790965626482e-05,Ephemeroptera
1313,4079.2669677734375,890.9698486328125,4149.583511352539,899.9725341796875,1.132519082602812e-05,Ephemeroptera
1314,2828.586112976074,178.3821563720703,2881.911491394043,200.16839599609375,1.1252383046667092e-05,Ephemeroptera
1315,2213.2799072265625,2800,2277.8103942871094,2805.3418321609497,1.1221188287890982e-05,Ephemeroptera
1316,4590.395172119141,2664.3846435546875,4607.987121582031,2836.100860595703,1.1218427971471101e-05,Ephemeroptera
1317,1200.0,878.4991302490234,1227.9031524658203,991.5408630371094,1.1215272024855949e-05,Ephemeroptera
1318,3600.442862510681,1662.4420166015625,3710.2335357666016,1699.9069213867188,1.1206847375433426e-05,Ephemeroptera
1319,332.696044921875,2085.7506713867188,409.7373046875,2099.9051208496094,1.1130787243018858e-05,Ephemeroptera
1320,2086.3975524902344,2984.1720638275146,2100.0,3056.1047134399414,1.1129236554552335e-05,Ephemeroptera
1321,3368.295211791992,3206.2901611328125,3506.9507446289062,3276.913543701172,1.1003335202985909e-05,Ephemeroptera
1322,1574.1960144042969,2419.115447998047,1700.0,2499.970428466797,1.0990970622515306e-05,Ephemeroptera
1323,4000.0,400.0,4073.839988708496,473.72572326660156,1.0984181244566571e-05,Ephemeroptera
1324,4108.0,2538.104248046875,4153.909481048584,2617.5379333496094,1.0975164514093194e-05,Ephemeroptera
1325,1267.8844451904297,3230.6927185058594,1450.2635955810547,3281.396728515625,1.094433173420839e-05,Ephemeroptera
1326,4086.5549926757812,1893.0660400390625,4099.944030761719,1994.9044189453125,1.0930666576314252e-05,Ephemeroptera
1327,4473.355438232422,495.06883239746094,4500.0,689.8701171875,1.0889175428019371e-05,Ephemeroptera
1328,3219.6328735351562,1293.5680389404297,3267.5811157226562,1327.5212020874023,1.0830752216861583e-05,Ephemeroptera
1329,800.0,0.3049492835998535,847.1301498413086,153.65072631835938,1.0802601536852308e-05,Ephemeroptera
1330,3200,2000.063979625702,3256.2335510253906,2058.995319366455,1.0717104487412143e-05,Ephemeroptera
1331,2000.4093557596207,2626.0159454345703,2029.9370498657227,2715.8436279296875,1.0663041393854655e-05,Ephemeroptera
1332,2794.2730102539062,2058.683837890625,2940.4922485351562,2099.9788208007812,1.0641941116773523e-05,Ephemeroptera
1333,2493.759651184082,2878.2490234375,2543.5219116210938,2897.6044311523438,1.0601494068396278e-05,Ephemeroptera
1334,7.392120361328125,1196.7018127441406,129.71499633789062,1262.9765625,1.0588287295831833e-05,Ephemeroptera
1335,2867.1658630371094,3285.3307189941406,2899.64990234375,3333.6328125,1.0564766853349283e-05,Ephemeroptera
1336,1671.836898803711,2478.576171875,1913.5254516601562,2499.8746948242188,1.0474717782926746e-05,Ephemeroptera
1337,1411.4128112792969,3188.3182373046875,1616.8258056640625,3240.2389526367188,1.0440141522849444e-05,Ephemeroptera
1338,139.92462158203125,800.2367094159126,213.81167602539062,807.0885076522827,1.0424531865282916e-05,Ephemeroptera
1339,4082.188819885254,2283.5755004882812,4125.133224487305,2340.100860595703,1.04203172668349e-05,Ephemeroptera
1340,2000.0674784183502,3179.8844451904297,2039.6534996032715,3219.8125915527344,1.0371281859988812e-05,Ephemeroptera
1341,19.20943260192871,1749.1615600585938,137.70420837402344,1828.6889343261719,1.0356397979194298e-05,Ephemeroptera
1342,2573.0491638183594,2800.468249619007,2619.93310546875,2823.2497787475586,1.0352338904340286e-05,Ephemeroptera
1343,400.0,800.0,486.21253967285156,870.5214996337891,1.033077023748774e-05,Ephemeroptera
1344,3395.4469604492188,1503.3963317871094,3498.9283447265625,1573.8399658203125,1.0323482456442434e-05,Ephemeroptera
1345,1483.4647216796875,805.9167785644531,1588.6153259277344,824.8519897460938,1.029126997309504e-05,Ephemeroptera
1346,2857.902587890625,1558.0874938964844,2900.0,1700.0,1.027365851768991e-05,Ephemeroptera
1347,0.2948552370071411,3056.765182495117,38.30745315551758,3206.5196533203125,1.025093297357671e-05,Ephemeroptera
1348,2456.378173828125,2048.4764099121094,2499.8119506835938,2142.3189086914062,1.0248128091916442e-05,Ephemeroptera
1349,1255.5967712402344,1368.6363983154297,1299.8960571289062,1455.2023010253906,1.023502045427449e-05,Ephemeroptera
1350,759.5654602050781,2076.295654296875,866.0285034179688,2099.916778564453,1.0203289093624335e-05,Ephemeroptera
1351,4573.3232421875,2619.1487731933594,4608.0,2780.0426025390625,1.0146331078431103e-05,Ephemeroptera
1352,425.60748291015625,733.0080871582031,499.9884033203125,900.0,1.01368905234267e-05,Ephemeroptera
1353,4108.002522021532,326.24951171875,4136.5035190582275,432.6398010253906,1.0120884326170199e-05,Ephemeroptera
1354,3200.0,3157.7151794433594,3245.5065307617188,3254.6966552734375,1.011255881167017e-05,Ephemeroptera
1355,2771.9698791503906,2956,2845.204345703125,2963.4255170822144,1.0099094652105123e-05,Ephemeroptera
1356,968.3401947021484,2742.6483764648438,1116.5947875976562,2799.1455688476562,1.0076458238472696e-05,Ephemeroptera
1357,0.8152477741241455,2542.2378540039062,25.494421005249023,2657.699920654297,1.0031374586105812e-05,Ephemeroptera
1358,4000.0,961.3060455322266,4027.8384857177734,1267.5433654785156,1.002985482045915e-05,Ephemeroptera
1359,4169.974563598633,1271.7747802734375,4198.833755493164,1299.6399841308594,1.0014313374995254e-05,Ephemeroptera
1360,867.9374237060547,3277.8193359375,947.7612457275391,3300.0,1.0011210179072805e-05,Ephemeroptera
1361,715.0614318847656,2885.7890014648438,798.9230651855469,2899.9370727539062,9.98136238195002e-06,Ephemeroptera
1362,3600.4796028137207,754.8791809082031,3628.2819747924805,830.2864990234375,9.966124707716517e-06,Ephemeroptera
1363,1.4742732048034668,2090.400077819824,27.086544036865234,2148.2859802246094,9.951707397704013e-06,Ephemeroptera
1364,1321.1722869873047,1676.865478515625,1390.2800598144531,1699.7200927734375,9.902903912006877e-06,Ephemeroptera
1365,2635.0834350585938,2892.7319946289062,2736.2188415527344,2900.0,9.89743693935452e-06,Ephemeroptera
1366,2648.758514404297,3286.0777282714844,2745.1636352539062,3297.3019104003906,9.880622201308142e-06,Ephemeroptera
1367,3190.1441650390625,3225.2439575195312,3292.731658935547,3272.28173828125,9.8794716905104e-06,Ephemeroptera
1368,4592.097198486328,1297.4864501953125,4607.9542236328125,1409.0003662109375,9.877653610601556e-06,Ephemeroptera
1369,269.0093994140625,859.0020141601562,363.4727478027344,899.9283752441406,9.84846701612696e-06,Ephemeroptera
1370,3035.4015350341797,2055.515800476074,3136.6546630859375,2088.5223388671875,9.844522537605371e-06,Ephemeroptera
1371,3121.0744018554688,1337.2960052490234,3173.6232299804688,1362.5264129638672,9.81692301138537e-06,Ephemeroptera
1372,3164.9571838378906,1308.691551208496,3232.675994873047,1372.6063995361328,9.815817975322716e-06,Ephemeroptera
1373,4255.8360595703125,2400.0,4425.204559326172,2460.7361793518066,9.813729775487445e-06,Ephemeroptera
1374,2058.63916015625,400.0,2100.0,485.36206817626953,9.789577234187163e-06,Ephemeroptera
1375,886.2925109863281,2712.7972412109375,900.0,2801.495635986328,9.75816510617733e-06,Ephemeroptera
1376,1237.9394989013672,18.59579086303711,1410.8004302978516,130.04408264160156,9.748445336299483e-06,Ephemeroptera
1377,1089.7315063476562,2089.5553588867188,1167.1414794921875,2100.0,9.721057722344995e-06,Ephemeroptera
1378,3304.0806198120117,1024.3463287353516,3375.8140411376953,1097.9422912597656,9.706707714940421e-06,Ephemeroptera
1379,4222.760444641113,2309.030242919922,4294.301940917969,2365.92236328125,9.696808774606325e-06,Ephemeroptera
1380,3654.0132446289062,131.4505157470703,3700.0,217.14572143554688,9.693156243884005e-06,Ephemeroptera
1381,800.1763820648193,557.1937561035156,843.287052154541,661.2925415039062,9.676503395894542e-06,Ephemeroptera
1382,1580.9098510742188,2829.5538940429688,1713.8788681030273,2900.0,9.65536673902534e-06,Ephemeroptera
1383,259.78564453125,3331.7577209472656,398.7099609375,3381.092498779297,9.616275747248437e-06,Ephemeroptera
1384,4454.6212158203125,275.175537109375,4499.882781982422,310.7215576171875,9.579160177963786e-06,Ephemeroptera
1385,400.0,2244.2249755859375,420.1463394165039,2500.0,9.567693268763833e-06,Ephemeroptera
1386,3600.0,3413.647003173828,3739.4364166259766,3455.865020751953,9.554316420690157e-06,Ephemeroptera
1387,2400.020907819271,2943.0641174316406,2407.026101589203,3035.6203002929688,9.547065928927623e-06,Ephemeroptera
1388,429.36415672302246,3175.9781799316406,579.819580078125,3255.319366455078,9.486368071520701e-06,Ephemeroptera
1389,2400.0,850.3716468811035,2418.856664657593,1128.6485595703125,9.463778042118065e-06,Ephemeroptera
1390,2031.5426025390625,2390.1871948242188,2099.9898071289062,2499.7598571777344,9.428832527191844e-06,Ephemeroptera
1391,3523.8905334472656,2800.0301092863083,3590.311737060547,2811.3009910583496,9.361250704387203e-06,Ephemeroptera
1392,3600.0,3225.8966369628906,3676.9866485595703,3271.9778442382812,9.353209861728828e-06,Ephemeroptera
1393,1594.2452087402344,846.1965637207031,1714.2301330566406,899.908447265625,9.33288629312301e-06,Ephemeroptera
1394,4417.133728027344,3175.888702392578,4565.768524169922,3238.393585205078,9.316720024798997e-06,Ephemeroptera
1395,2082.4742431640625,2808.5436820983887,2100.0,2939.655776977539,9.313183909398504e-06,Ephemeroptera
1396,3255.0628662109375,122.87855529785156,3299.796112060547,188.2708740234375,9.307013897341676e-06,Ephemeroptera
1397,1600.0,2774.176513671875,1642.7214546203613,2931.5567321777344,9.268898793379776e-06,Ephemeroptera
1398,4572.204040527344,2132.3121948242188,4608.0,2275.473602294922,9.238356142304838e-06,Ephemeroptera
1399,2400,1346.3003234863281,2422.445281982422,1606.549560546875,9.228449926013127e-06,Ephemeroptera
1400,457.7295227050781,1689.411636352539,500.0,1779.3219604492188,9.219583262165543e-06,Ephemeroptera
1401,0.05404949188232422,1666.9083557128906,113.08519744873047,1699.8953857421875,9.197337931254879e-06,Ephemeroptera
1402,2524.740264892578,2488.2347106933594,2609.841339111328,2499.939453125,9.18467321753269e-06,Ephemeroptera
1403,1686.2741088867188,1361.9858703613281,1699.9564514160156,1466.5351867675781,9.164129551209044e-06,Ephemeroptera
1404,2212.241653442383,3287.411834716797,2299.3748779296875,3299.531707763672,9.146160664386116e-06,Ephemeroptera
1405,187.62051391601562,2133.4078369140625,217.3715057373047,2180.042755126953,9.141844202531502e-06,Ephemeroptera
1406,489.70203399658203,2209.0338745117188,584.0193786621094,2278.194580078125,9.13658004719764e-06,Ephemeroptera
1407,2169.8924560546875,1600.0,2396.6245727539062,1625.5962409973145,9.109965503739659e-06,Ephemeroptera
1408,4108.071316957474,800,4200.474769592285,831.844705581665,9.090595085581299e-06,Ephemeroptera
1409,800.3088921308517,2455.586051940918,822.6155910491943,2540.018035888672,9.084146768145729e-06,Ephemeroptera
1410,2400.021393597126,3259.767822265625,2430.5344047546387,3394.6240844726562,9.074856279767118e-06,Ephemeroptera
1411,4337.673034667969,867.3870239257812,4404.818786621094,899.9700927734375,9.024171049532015e-06,Ephemeroptera
1412,853.6585693359375,2240.3013305664062,899.8538818359375,2327.4048767089844,8.99327642400749e-06,Ephemeroptera
1413,2400.007590651512,2689.4984130859375,2422.2021617889404,2801.2294921875,8.972306204668712e-06,Ephemeroptera
1414,2000.0,2487.8202514648438,2219.6928100585938,2500.0,8.959258593677077e-06,Ephemeroptera
1415,3549.5672302246094,1286.8119201660156,3639.8135986328125,1299.8827819824219,8.945623449108098e-06,Ephemeroptera
1416,851.4752502441406,2400,900.0,2463.3794479370117,8.942203749029431e-06,Ephemeroptera
1417,4297.290100097656,3432.2593383789062,4499.4010009765625,3455.9693908691406,8.928654096962418e-06,Ephemeroptera
1418,3264.906219482422,1539.8796081542969,3299.77197265625,1609.2292785644531,8.922840606828686e-06,Ephemeroptera
1419,4594.539123535156,218.8274383544922,4607.886383056641,319.05499267578125,8.91357831278583e-06,Ephemeroptera
1420,668.325439453125,1706.2504196166992,850.4811401367188,1766.275375366211,8.9132036009687e-06,Ephemeroptera
1421,3287.5447387695312,1022.4169311523438,3299.881072998047,1148.6868286132812,8.86195084603969e-06,Ephemeroptera
1422,33.8404426574707,1762.4274291992188,114.7870864868164,1820.3629913330078,8.846162018016912e-06,Ephemeroptera
1423,2891.9290466308594,2893.6942596435547,2900.0,2966.938446044922,8.843664545565844e-06,Ephemeroptera
1424,4108.629398226738,245.98426818847656,4134.900302886963,352.84747314453125,8.833979336486664e-06,Ephemeroptera
1425,800.4003167152405,2534.6558532714844,829.3377342224121,2621.0711517333984,8.79204071679851e-06,Ephemeroptera
1426,2400.0,60.1125602722168,2556.4149322509766,140.00308227539062,8.770040949457325e-06,Ephemeroptera
1427,1620.1783409118652,84.81588745117188,1833.597640991211,156.28878784179688,8.748181244300213e-06,Ephemeroptera
1428,4514.732757568359,2840.8776359558105,4547.934356689453,2907.7928924560547,8.71135762281483e-06,Ephemeroptera
1429,3661.4808044433594,2209.0061950683594,3699.9096069335938,2323.943115234375,8.681418876221869e-06,Ephemeroptera
1430,4074.7378845214844,651.1441650390625,4109.040618896484,696.6430053710938,8.666785106470343e-06,Ephemeroptera
1431,596.4364013671875,1275.6534423828125,680.4191589355469,1299.7987670898438,8.659556442580651e-06,Ephemeroptera
1432,4570.826263427734,2895.482635498047,4607.929901123047,3056.558807373047,8.59621650306508e-06,Ephemeroptera
1433,2923.790786743164,3435.075958251953,3119.9757690429688,3455.8838500976562,8.584189345128834e-06,Ephemeroptera
1434,744.8713684082031,3377.32958984375,944.8647918701172,3455.8812561035156,8.583723683841527e-06,Ephemeroptera
1435,3686.3945922851562,2999.263530731201,3700.0,3082.2808837890625,8.566305041313171e-06,Ephemeroptera
1436,0.0,2030.4004516601562,83.3145751953125,2099.9834899902344,8.564263225707691e-06,Ephemeroptera
1437,1600.0298544764519,538.6447601318359,1616.3895778656006,779.3852233886719,8.56354472489329e-06,Ephemeroptera
1438,795.3017272949219,3155.6053161621094,899.7489929199219,3300.0,8.529329534212593e-06,Ephemeroptera
1439,455.07928466796875,1600,500.0,1662.3080596923828,8.514301953255199e-06,Ephemeroptera
1440,1887.3248901367188,1679.2322082519531,2183.0598754882812,1699.9112243652344,8.511647138220724e-06,Ephemeroptera
1441,4451.520690917969,1698.9737548828125,4540.863220214844,1729.7133483886719,8.505682671966497e-06,Ephemeroptera
1442,3667.795768737793,665.9706726074219,3715.0955200195312,706.7433471679688,8.49001753522316e-06,Ephemeroptera
1443,2604.4021606445312,2083.168182373047,2900.0,2099.873260498047,8.425418855040334e-06,Ephemeroptera
1444,3951.3571166992188,3273.836700439453,4048.8743896484375,3300.0,8.39779204397928e-06,Ephemeroptera
1445,2778.9554138183594,1285.390869140625,2871.9296875,1299.574462890625,8.385482942685485e-06,Ephemeroptera
1446,4393.878845214844,1286.2202758789062,4548.9437255859375,1299.9400024414062,8.382964551856276e-06,Ephemeroptera
1447,4061.0305786132812,1286.2983703613281,4170.927810668945,1299.9103393554688,8.380527106055524e-06,Ephemeroptera
1448,3800.5030670166016,2076.9832763671875,3865.471160888672,2099.5670166015625,8.37603602121817e-06,Ephemeroptera
1449,4094.585906982422,2902.4688034057617,4100.0,2960.675094604492,8.373567652597558e-06,Ephemeroptera
1450,43.321250915527344,1889.9870300292969,104.10957336425781,1953.2083129882812,8.354337296623271e-06,Ephemeroptera
1451,4030.559803009033,1273.4883422851562,4086.750816345215,1299.6521911621094,8.330080163432285e-06,Ephemeroptera
1452,4392.021881103516,1276.9689636230469,4478.812164306641,1300.0,8.29328564577736e-06,Ephemeroptera
1453,1258.0548400878906,1738.1090240478516,1299.9819641113281,1845.119613647461,8.24505423224764e-06,Ephemeroptera
1454,4323.272705078125,1262.7734985351562,4372.102935791016,1300.0,8.24044764158316e-06,Ephemeroptera
1455,4084.088134765625,3026.7167053222656,4100.0,3107.0159912109375,8.174387403414585e-06,Ephemeroptera
1456,2400.437581539154,2079.9037475585938,2436.7450256347656,2164.299041748047,8.17359978100285e-06,Ephemeroptera
1457,0.0,864.7291259765625,142.2153778076172,899.948974609375,8.163216079992708e-06,Ephemeroptera
1458,1672.2801818847656,2727.9481811523438,1699.9626770019531,2822.059112548828,8.158203854691237e-06,Ephemeroptera
1459,1.781296730041504,1.653730869293213,190.4012908935547,48.42395782470703,8.153179805958644e-06,Ephemeroptera
1460,2886.7174072265625,3051.832061767578,2899.8493041992188,3119.0369262695312,8.144848834490404e-06,Ephemeroptera
1461,1030.1743927001953,3289.0984497070312,1228.6168518066406,3299.5894470214844,8.140934369293973e-06,Ephemeroptera
1462,2718.565216064453,0,2900.0,23.154569625854492,8.137177246680949e-06,Ephemeroptera
1463,4378.653961181641,800.8213371038437,4473.7947998046875,815.522985458374,8.132585207931697e-06,Ephemeroptera
1464,1014.7850494384766,2874.5926818847656,1090.5264892578125,2899.6127014160156,8.115880518744234e-06,Ephemeroptera
1465,747.4012451171875,2061.2354125976562,825.9830322265625,2099.5573120117188,8.097024874587078e-06,Ephemeroptera
1466,2006.2525634765625,2451.9794311523438,2099.3582763671875,2499.8146057128906,8.03560033091344e-06,Ephemeroptera
1467,4495.193359375,3271.4269104003906,4552.2677001953125,3299.5575561523438,8.0310655903304e-06,Ephemeroptera
1468,4452.654693603516,1658.1982727050781,4525.843292236328,1699.0281066894531,8.030023309402168e-06,Ephemeroptera
1469,4483.074615478516,2224.327896118164,4499.973052978516,2308.588897705078,8.02435079094721e-06,Ephemeroptera
1470,3293.4822998046875,3315.334228515625,3300.0,3402.1649475097656,7.998717592272442e-06,Ephemeroptera
1471,2313.8381958007812,1673.8318481445312,2370.6282958984375,1699.8229064941406,7.987321623659227e-06,Ephemeroptera
1472,758.9627990722656,2886.1572265625,870.3276672363281,2900.0,7.986057426023763e-06,Ephemeroptera
1473,4108.03909766674,2956.808262825012,4125.183881759644,3079.7399368286133,7.979738256835844e-06,Ephemeroptera
1474,3285.659698486328,2838.159252166748,3300.0,2954.320053100586,7.975439984875266e-06,Ephemeroptera
1475,2485.7261657714844,978.1509399414062,2500.0,1087.8299560546875,7.955803084769286e-06,Ephemeroptera
1476,4108.334519147873,1412.497802734375,4134.811050415039,1584.3683166503906,7.944385288283229e-06,Ephemeroptera
1477,3600.1625537872314,2304.9600524902344,3641.372417449951,2420.0101013183594,7.935752364574e-06,Ephemeroptera
1478,4401.565887451172,3038.4544677734375,4520.514099121094,3164.211639404297,7.850602742109913e-06,Ephemeroptera
1479,2090.8462524414062,2888.250419616699,2107.599235534668,2946.0121154785156,7.84873918746598e-06,Ephemeroptera
1480,4108.824534893036,1090.3684692382812,4129.870889663696,1177.870361328125,7.832273695385084e-06,Ephemeroptera
1481,0.0,2956.0,42.942108154296875,3104.874481201172,7.817297046130989e-06,Ephemeroptera
1482,4472.276397705078,2475.7100524902344,4608.0,2499.904296875,7.757691491860896e-06,Ephemeroptera
1483,294.47515869140625,2237.8841400146484,315.2236328125,2347.2636108398438,7.743299647700042e-06,Ephemeroptera
1484,2418.2812213897705,3388.0136108398438,2516.4935913085938,3412.093505859375,7.736959560133982e-06,Ephemeroptera
1485,3268.0926818847656,1086.0531921386719,3299.9236450195312,1177.3571166992188,7.717770131421275e-06,Ephemeroptera
1486,1286.4599304199219,3035.2517700195312,1299.9157104492188,3182.6416625976562,7.703878509346396e-06,Ephemeroptera
1487,3200.439602136612,1112.9369812011719,3226.77898979187,1194.2929382324219,7.677474968659226e-06,Ephemeroptera
1488,3858.0713806152344,3400.2792053222656,3954.66455078125,3455.1083984375,7.637208909727633e-06,Ephemeroptera
1489,2000.2974420785904,3042.655990600586,2027.7695140838623,3113.41552734375,7.626611477462575e-06,Ephemeroptera
1490,2074.0027465820312,26.45416259765625,2099.910125732422,152.0699462890625,7.596538125653751e-06,Ephemeroptera
1491,4081.255828857422,3136.8211364746094,4099.955078125,3265.444793701172,7.59600925448467e-06,Ephemeroptera
1492,1600.5119264125824,1675.6388702392578,1624.384105682373,1760.3443603515625,7.573736638732953e-06,Ephemeroptera
1493,3.5681724548339844,963.7319946289062,159.9456787109375,988.9068450927734,7.5615544119500555e-06,Ephemeroptera
1494,2261.9644165039062,67.160400390625,2422.125762939453,109.82929229736328,7.556999207736226e-06,Ephemeroptera
1495,2885.516876220703,747.9673461914062,2899.9637451171875,842.6872863769531,7.548046596639324e-06,Ephemeroptera
1496,554.3822937011719,2295.4747619628906,604.4540100097656,2364.8718872070312,7.547312179667642e-06,Ephemeroptera
1497,2079.117057800293,2074.134002685547,2128.9071350097656,2097.3455505371094,7.540577826148365e-06,Ephemeroptera
1498,4586.726379394531,121.14241027832031,4607.930572509766,250.91893005371094,7.5402263064461295e-06,Ephemeroptera
1499,0,2486.174102783203,52.00831985473633,2499.7818908691406,7.538126737927087e-06,Ephemeroptera
1500,1648.9400024414062,3418.6173095703125,1700.0,3451.6195678710938,7.537932106060907e-06,Ephemeroptera
1501,1674.9420166015625,1307.714584350586,1699.9481201171875,1387.5289001464844,7.531013579864521e-06,Ephemeroptera
1502,3200,2112.3490829467773,3215.050827026367,2241.7843627929688,7.52497544453945e-06,Ephemeroptera
1503,2800,170.72190856933594,2815.599994659424,375.1185302734375,7.517042377003236e-06,Ephemeroptera
1504,2027.4326171875,3253.71728515625,2106.722869873047,3300.0,7.500672836613376e-06,Ephemeroptera
1505,270.2543640136719,2427.1727600097656,321.6616516113281,2500.0,7.498756076529389e-06,Ephemeroptera
1506,2331.5545043945312,1270.3304443359375,2406.0289916992188,1298.6729736328125,7.493150860682363e-06,Ephemeroptera
1507,1875.8389892578125,2875.2659912109375,1935.4532775878906,2899.652099609375,7.492450095014647e-06,Ephemeroptera
1508,4593.516021728516,653.7654418945312,4608.0,788.0706787109375,7.483588433387922e-06,Ephemeroptera
1509,3600.14805495739,1379.1764221191406,3631.166660308838,1484.600341796875,7.452614681824343e-06,Ephemeroptera
1510,56.5434455871582,2083.1393127441406,135.13446044921875,2099.9440307617188,7.4455883805057965e-06,Ephemeroptera
1511,125.93848419189453,1680.6709289550781,229.19235229492188,1699.9994201660156,7.438201009790646e-06,Ephemeroptera
1512,2081.1375732421875,201.9522705078125,2099.930633544922,322.1548156738281,7.369471859419718e-06,Ephemeroptera
1513,859.87890625,1092.5322875976562,899.9473571777344,1171.360595703125,7.342638582485961e-06,Ephemeroptera
1514,1244.0309143066406,3346.0972595214844,1299.5451354980469,3418.709991455078,7.302525773411617e-06,Ephemeroptera
1515,800.6996393203735,2864.3428955078125,853.7675743103027,2899.688995361328,7.274978997884318e-06,Ephemeroptera
1516,87.3344955444336,1044.4515228271484,153.65762329101562,1162.2388305664062,7.265050953719765e-06,Ephemeroptera
1517,240.12850952148438,2051.6138916015625,284.8711853027344,2099.203125,7.260915936058154e-06,Ephemeroptera
1518,78.60231018066406,877.835075378418,200.43272399902344,929.1028289794922,7.255503078340553e-06,Ephemeroptera
1519,4474.094482421875,2696.8873596191406,4499.937927246094,2816.0272216796875,7.254118827404454e-06,Ephemeroptera
1520,3255.8657035827637,1503.5511474609375,3309.5784759521484,1534.5079345703125,7.250190719787497e-06,Ephemeroptera
1521,690.9277954101562,800.0,899.4992370605469,826.6642627716064,7.247992016345961e-06,Ephemeroptera
1522,2274.7377014160156,2058.698944091797,2325.839385986328,2099.726776123047,7.2380248639092315e-06,Ephemeroptera
1523,3493.8285217285156,3398.509521484375,3571.6671142578125,3454.106231689453,7.201293101388728e-06,Ephemeroptera
1524,0.18517374992370605,2120.3401107788086,40.67437744140625,2197.5985107421875,7.192534667410655e-06,Ephemeroptera
1525,4002.3810863494873,3410.271026611328,4178.820251464844,3430.6210021972656,7.161372195696458e-06,Ephemeroptera
1526,354.7285461425781,21.655345916748047,473.028564453125,88.58199310302734,7.152457783377031e-06,Ephemeroptera
1527,306.3443298339844,3174.9673461914062,499.6477966308594,3241.94384765625,7.140838533814531e-06,Ephemeroptera
1528,4443.309417724609,2052.213897705078,4608.0,2100.0,7.132779501262121e-06,Ephemeroptera
1529,632.1627655029297,1280.9081115722656,816.7695922851562,1299.869140625,7.082565844029887e-06,Ephemeroptera
1530,178.53082275390625,1230.753469467163,314.0374755859375,1528.8555297851562,7.049324722174788e-06,Ephemeroptera
1531,3964.6344604492188,1216.6491737365723,4005.9415283203125,1334.8179168701172,7.0127939579833765e-06,Ephemeroptera
1532,4076.4283752441406,91.92877197265625,4100.0,328.62457275390625,6.998763637966476e-06,Ephemeroptera
1533,2800.3315329551697,867.8955078125,2909.2080612182617,899.9584350585938,6.986906555539463e-06,Ephemeroptera
1534,3136.2376098632812,1266.7921142578125,3209.656524658203,1299.9105529785156,6.909485364303691e-06,Ephemeroptera
1535,3855.7173767089844,2084.9526977539062,4100.0,2099.6918334960938,6.909433068358339e-06,Ephemeroptera
1536,0.6117701530456543,401.1499047279358,94.31169128417969,465.03385162353516,6.892427336424589e-06,Ephemeroptera
1537,800.0023394823074,1518.9953918457031,826.1242485046387,1700.0,6.878132808196824e-06,Ephemeroptera
1538,471.99244689941406,2076.543182373047,578.3092498779297,2099.8724975585938,6.8726317294931505e-06,Ephemeroptera
1539,4108.068259239197,514.9660568237305,4145.778644561768,611.3836364746094,6.869570825074334e-06,Ephemeroptera
1540,4579.088165283203,1616.0550231933594,4608.0,1699.9182739257812,6.869368007755838e-06,Ephemeroptera
1541,4432.070739746094,2880.8696899414062,4500.0,2899.9226684570312,6.848240445833653e-06,Ephemeroptera
1542,856.0151062011719,1355.7847900390625,900.0,1462.8770446777344,6.84241103954264e-06,Ephemeroptera
1543,198.1375732421875,1664.6260375976562,276.65380859375,1699.9695739746094,6.835243766545318e-06,Ephemeroptera
1544,3720.344451904297,2490.9100646972656,3800.3077239990234,2500.0,6.831209702795604e-06,Ephemeroptera
1545,4000.6315261125565,619.0195770263672,4034.9604148864746,725.0013122558594,6.830421625636518e-06,Ephemeroptera
1546,1684.8535461425781,2480.9809188842773,1699.9559326171875,2583.4603271484375,6.8243075475038495e-06,Ephemeroptera
1547,886.5475769042969,1157.6934814453125,899.912353515625,1232.895751953125,6.812661467847647e-06,Ephemeroptera
1548,140.1278533935547,2903.8029403686523,196.17214965820312,2952.1951446533203,6.803298674640246e-06,Ephemeroptera
1549,1797.6063232421875,2886.7557373046875,1864.9062194824219,2899.8475036621094,6.796068646508502e-06,Ephemeroptera
1550,4480.706878662109,2087.2784576416016,4499.938293457031,2184.4502716064453,6.789953204133781e-06,Ephemeroptera
1551,1200.0,651.6760864257812,1229.3099517822266,710.2746887207031,6.755314643669408e-06,Ephemeroptera
1552,1971.4029541015625,845.6865234375,2100.0,900.0,6.753743036824744e-06,Ephemeroptera
1553,2999.575469970703,3434.3473510742188,3062.997772216797,3455.5658264160156,6.73173872201005e-06,Ephemeroptera
1554,1600.3215342760086,1744.53125,1631.6037273406982,1835.2574310302734,6.710201887472067e-06,Ephemeroptera
1555,2060.302459716797,1731.1707916259766,2099.8889770507812,1845.4405822753906,6.698693596263183e-06,Ephemeroptera
1556,4005.3580322265625,0.0,4100.0,110.99505615234375,6.691746875731042e-06,Ephemeroptera
1557,848.6116333007812,1512.5502624511719,899.9049072265625,1625.3637390136719,6.687962923024315e-06,Ephemeroptera
1558,1939.9429931640625,93.6920166015625,2019.0264282226562,115.59710693359375,6.682269940938568e-06,Ephemeroptera
1559,0.320163369178772,988.3108215332031,24.028398513793945,1071.38330078125,6.647856480412884e-06,Ephemeroptera
1560,2400.316697359085,1268.4675674438477,2427.0007610321045,1373.898910522461,6.643344931944739e-06,Ephemeroptera
1561,1346.238525390625,2067.6624145507812,1619.2208251953125,2100.0,6.642191692662891e-06,Ephemeroptera
1562,1655.3149108886719,930.9873657226562,1699.700439453125,1016.2831268310547,6.6305019572610036e-06,Ephemeroptera
1563,0.0,1253.6634216308594,16.543842315673828,1554.8533325195312,6.6159745983895846e-06,Ephemeroptera
1564,1441.0285034179688,2887.0878295898438,1533.4896240234375,2899.9735412597656,6.612284778384492e-06,Ephemeroptera
1565,4486.564361572266,120.29156494140625,4499.905303955078,198.1117706298828,6.597633273486281e-06,Ephemeroptera
1566,2520.3473587036133,475.09027099609375,2573.040008544922,499.68267822265625,6.531810413434869e-06,Ephemeroptera
1567,16.32240104675293,960.3478393554688,93.38459777832031,1062.4465026855469,6.528572612296557e-06,Ephemeroptera
1568,4410.262390136719,2069.5097045898438,4449.860687255859,2098.7102661132812,6.488976850960171e-06,Ephemeroptera
1569,1928.3987121582031,1284.6058959960938,2026.2648620605469,1299.91064453125,6.486433449026663e-06,Ephemeroptera
1570,1698.3465881347656,2462.404815673828,1768.7939147949219,2499.8338623046875,6.479298917838605e-06,Ephemeroptera
1571,4169.33740234375,2484.9931640625,4324.53125,3247.862548828125,6.440235210902756e-06,Ephemeroptera
1572,3687.7059020996094,176.25732421875,3699.901092529297,261.1749572753906,6.4228465816995595e-06,Ephemeroptera
1573,4052.0409393310547,2429.3179626464844,4079.3436584472656,2488.842498779297,6.4121240939130075e-06,Ephemeroptera
1574,1956.4791564941406,2873.1975708007812,2013.036865234375,2899.4562072753906,6.38286974208313e-06,Ephemeroptera
1575,253.6021728515625,2086.682418823242,301.322509765625,2277.031036376953,6.362340172927361e-06,Ephemeroptera
1576,728.3576049804688,42.4722785949707,802.3217163085938,87.90836334228516,6.341774223983521e-06,Ephemeroptera
1577,2044.7439270019531,510.25457763671875,2099.924560546875,603.6449890136719,6.281384230533149e-06,Ephemeroptera
1578,2461.0571899414062,163.2643280029297,2499.717041015625,247.07933044433594,6.280360594246304e-06,Ephemeroptera
1579,400,2401.4999628067017,415.9383249282837,2559.4911499023438,6.278857199504273e-06,Ephemeroptera
1580,3259.731475830078,1750.1393280029297,3299.842071533203,1818.0936584472656,6.243651569093345e-06,Ephemeroptera
1581,1196.3937683105469,476.42822265625,1300.0,499.9180908203125,6.240823495318182e-06,Ephemeroptera
1582,3008.0071868896484,685.7181396484375,3056.474822998047,734.7280578613281,6.240317816263996e-06,Ephemeroptera
1583,4484.287689208984,2800,4499.90380859375,2876.0525665283203,6.2253920987132005e-06,Ephemeroptera
1584,2287.8046875,2000.0,2369.4843139648438,2006.8254389762878,6.221961484698113e-06,Ephemeroptera
1585,2800.0,3245.9671936035156,2985.6575927734375,3300.0,6.199773451953661e-06,Ephemeroptera
1586,1685.1080627441406,3287.3272399902344,1773.642807006836,3299.891815185547,6.189765827002702e-06,Ephemeroptera
1587,1108.7315673828125,119.25276184082031,1185.3359680175781,150.96279907226562,6.183181994856568e-06,Ephemeroptera
1588,3293.011199951172,2222.661880493164,3300.0,2320.9495544433594,6.174577720230445e-06,Ephemeroptera
1589,4577.968414306641,2052.4617195129395,4608.0,2310.2600708007812,6.1734772316413e-06,Ephemeroptera
1590,2055.4744262695312,2631.3711700439453,2100.0,2729.639434814453,6.172888333821902e-06,Ephemeroptera
1591,2859.6216735839844,381.11749267578125,2900.0,499.9165954589844,6.168704203446396e-06,Ephemeroptera
1592,400.1444160938263,999.8928527832031,428.1266746520996,1087.8978881835938,6.161613782751374e-06,Ephemeroptera
1593,400,1240.9725341796875,638.1533203125,1300.0,6.153439244371839e-06,Ephemeroptera
1594,1271.987548828125,1866.4369506835938,1299.9998474121094,1987.4615783691406,6.120314537838567e-06,Ephemeroptera
1595,4474.7183837890625,1776.502670288086,4499.130157470703,1830.9130249023438,6.089057023928035e-06,Ephemeroptera
1596,524.1833648681641,3297.0,635.36962890625,3339.7393188476562,6.062710326659726e-06,Ephemeroptera
1597,2023.1590270996094,3163.9529724121094,2063.547836303711,3219.0960998535156,6.0487336668302305e-06,Ephemeroptera
1598,4455.485076904297,1044.3646697998047,4555.231140136719,1076.0354614257812,6.014336577209178e-06,Ephemeroptera
1599,4132.51220703125,635.8884887695312,4169.3937911987305,681.4588012695312,6.010191100358497e-06,Ephemeroptera
1600,400.01122653484344,1600,419.91333961486816,1827.5149841308594,5.994415460008895e-06,Ephemeroptera
1601,4132.008483886719,2334.4828491210938,4174.27326965332,2401.7388305664062,5.98147516939207e-06,Ephemeroptera
1602,2507.0372619628906,85.6599349975586,2642.026382446289,100.66358947753906,5.959275313216494e-06,Ephemeroptera
1603,4075.1288452148438,2486.0272521972656,4135.156173706055,2499.871063232422,5.9441827033879235e-06,Ephemeroptera
1604,4028.152099609375,2485.4476928710938,4092.5731811523438,2497.628204345703,5.941502422501799e-06,Ephemeroptera
1605,1662.5449523925781,2000.0,1700.0,2085.1412353515625,5.94080529481289e-06,Ephemeroptera
1606,1200.0001847743988,0.3466367721557617,1321.8924255371094,112.56584167480469,5.939898528595222e-06,Ephemeroptera
1607,4000.4281908273697,499.0186233520508,4031.446828842163,563.3387603759766,5.934994987910613e-06,Ephemeroptera
1608,3655.6987915039062,154.68594360351562,3699.676788330078,198.58596801757812,5.90423951507546e-06,Ephemeroptera
1609,1870.7321166992188,2488.3244018554688,1951.8081665039062,2499.477325439453,5.873861937288893e-06,Ephemeroptera
1610,1058.7939758300781,0.09765885770320892,1219.7020874023438,12.595820426940918,5.825583684782032e-06,Ephemeroptera
1611,4525.735015869141,800.0507563352585,4583.059783935547,844.8176307678223,5.816468728880864e-06,Ephemeroptera
1612,4478.510192871094,1046.071762084961,4499.743377685547,1191.7933044433594,5.796666300739162e-06,Ephemeroptera
1613,2330.3298950195312,2000.0764220952988,2411.6477966308594,2013.259412765503,5.778964350611204e-06,Ephemeroptera
1614,3549.1624755859375,3222.5748901367188,3631.7894897460938,3257.0641479492188,5.751473963755416e-06,Ephemeroptera
1615,2020.9958801269531,73.7669448852539,2137.5303802490234,101.64518737792969,5.7402080528845545e-06,Ephemeroptera
1616,2848.2016563415527,1263.0968017578125,2917.8054809570312,1300.0,5.738631443819031e-06,Ephemeroptera
1617,4472.667297363281,951.7268218994141,4499.9864501953125,1093.3049621582031,5.717420208384283e-06,Ephemeroptera
1618,2491.870880126953,66.90438079833984,2641.2876586914062,93.16134643554688,5.714809049095493e-06,Ephemeroptera
1619,2169.636764526367,2000.0271648168564,2234.2686157226562,2006.617896080017,5.690943908120971e-06,Ephemeroptera
1620,4187.841506958008,1286.1629943847656,4211.602401733398,1334.5470886230469,5.669725396728609e-06,Ephemeroptera
1621,3053.405288696289,1275.0699157714844,3089.269073486328,1299.3781127929688,5.646630143019138e-06,Ephemeroptera
1622,4000.0,2772.1964416503906,4024.6973419189453,2900.0,5.631701242236886e-06,Ephemeroptera
1623,3200.0,3278.2088623046875,3385.0458221435547,3299.60791015625,5.624729055853095e-06,Ephemeroptera
1624,2400,2082.9759521484375,2632.4444732666016,2099.838836669922,5.589974989561597e-06,Ephemeroptera
1625,3020.2777404785156,2801.99032497406,3077.8316040039062,2823.976099014282,5.584268365055323e-06,Ephemeroptera
1626,4465.9908447265625,2431.554412841797,4499.8984375,2533.568572998047,5.581202003668295e-06,Ephemeroptera
1627,7.412815093994141,1216.5423755645752,119.1825180053711,1310.3065948486328,5.54870121050044e-06,Ephemeroptera
1628,3600.0260047614574,300.6462097167969,3611.5188512802124,381.37359619140625,5.5420646276616026e-06,Ephemeroptera
1629,2042.4291076660156,3221.58984375,2099.663604736328,3261.625946044922,5.528940164367668e-06,Ephemeroptera
1630,258.339599609375,835.0251770019531,317.5615234375,900.0,5.525841061171377e-06,Ephemeroptera
1631,2650.996871948242,57.322086334228516,2765.196319580078,75.88180541992188,5.524607786355773e-06,Ephemeroptera
1632,4343.005523681641,2086.0452575683594,4407.834625244141,2099.949920654297,5.508587946678745e-06,Ephemeroptera
1633,1600.0055730342865,689.8010864257812,1645.4242897033691,760.4997253417969,5.491714546224102e-06,Ephemeroptera
1634,1613.6624336242676,2874.5346069335938,1687.3054504394531,2899.3750610351562,5.474400950333802e-06,Ephemeroptera
1635,2706.992919921875,1270.7430725097656,2769.1353759765625,1299.9403991699219,5.467451956064906e-06,Ephemeroptera
1636,1200.0309437513351,836.6765022277832,1208.2311344146729,941.9328155517578,5.4655070016451646e-06,Ephemeroptera
1637,3209.110736846924,248.8514404296875,3253.2841758728027,294.61871337890625,5.418899945652811e-06,Ephemeroptera
1638,3687.4133911132812,48.48694610595703,3699.9679565429688,152.0560302734375,5.4181246014195494e-06,Ephemeroptera
1639,1686.4881591796875,458.45394134521484,1699.7880859375,539.9712524414062,5.407903699961025e-06,Ephemeroptera
1640,78.94825744628906,1143.0232543945312,139.7154998779297,1250.0926513671875,5.404346666182391e-06,Ephemeroptera
1641,4000.5972921848297,1822.8807373046875,4028.760772705078,1918.6435546875,5.3803819355380256e-06,Ephemeroptera
1642,3832.4602661132812,33.58129119873047,3892.8833618164062,90.27422332763672,5.34645005245693e-06,Ephemeroptera
1643,610.2120361328125,3224.298583984375,777.8218383789062,3291.8074645996094,5.332792625267757e-06,Ephemeroptera
1644,1676.9773864746094,2576.8402557373047,1699.9388122558594,2682.0204162597656,5.317358954926021e-06,Ephemeroptera
1645,2484.8345642089844,3242.917694091797,2499.9329528808594,3345.6551208496094,5.3054304771649186e-06,Ephemeroptera
1646,1480.4775695800781,2076.7359619140625,1556.518798828125,2099.8646850585938,5.292341938911704e-06,Ephemeroptera
1647,4121.967987060547,1258.0017700195312,4176.1319580078125,1299.4699096679688,5.280434379528742e-06,Ephemeroptera
1648,3013.4632110595703,2082.432647705078,3245.429229736328,2099.7485961914062,5.249795322015416e-06,Ephemeroptera
1649,4329.576690673828,2000.139319896698,4362.0875244140625,2053.9505615234375,5.242161023488734e-06,Ephemeroptera
1650,2124.3582763671875,1274.7773742675781,2242.350051879883,1299.8760375976562,5.229248472460313e-06,Ephemeroptera
1651,2086.6319885253906,1276.4184875488281,2129.6861572265625,1298.62841796875,5.214080374571495e-06,Ephemeroptera
1652,1670.925048828125,2442.775909423828,1699.9276123046875,2500.0,5.1997785703861155e-06,Ephemeroptera
1653,4311.075988769531,3273.444366455078,4431.833068847656,3299.872772216797,5.172364581085276e-06,Ephemeroptera
1654,684.0853881835938,2078.276580810547,751.2578125,2099.7179565429688,5.16587215315667e-06,Ephemeroptera
1655,1200.3516235351562,1649.7732238769531,1299.3026733398438,1699.8637084960938,5.1588763199106324e-06,Ephemeroptera
1656,141.1202850341797,3216.9478149414062,229.5518341064453,3277.8834533691406,5.135305400472134e-06,Ephemeroptera
1657,3270.721923828125,1152.8480529785156,3299.9922790527344,1237.8869018554688,5.1208294280513655e-06,Ephemeroptera
1658,3200.1632392406464,3253.976806640625,3251.0402870178223,3300.0,5.094696007290622e-06,Ephemeroptera
1659,4131.35139465332,2867.0489807128906,4184.881134033203,2892.980255126953,5.073464308225084e-06,Ephemeroptera
1660,4001.4805376529694,1029.1901092529297,4051.746726989746,1073.6560363769531,5.072738531453069e-06,Ephemeroptera
1661,865.74365234375,2043.07421875,899.8638305664062,2099.8802185058594,5.059881914348807e-06,Ephemeroptera
1662,4085.453483581543,2889.102508544922,4128.241226196289,2899.819580078125,5.057040198153118e-06,Ephemeroptera
1663,0.6399601697921753,1286.8419876098633,28.955265045166016,1351.6355590820312,5.029610747442348e-06,Ephemeroptera
1664,875.5315780639648,3315.2408142089844,984.7540435791016,3379.507110595703,5.00961050420301e-06,Ephemeroptera
1665,893.4097290039062,1845.946792602539,900.0,1924.9471130371094,4.995279596187174e-06,Ephemeroptera
1666,439.9857521057129,74.93926239013672,554.1968994140625,106.86071014404297,4.97046903547016e-06,Ephemeroptera
1667,4123.241134643555,2400.6052806973457,4206.390716552734,2412.3081579208374,4.91732862428762e-06,Ephemeroptera
1668,1253.5288696289062,1485.5098876953125,1299.973388671875,1569.6661987304688,4.894688572676387e-06,Ephemeroptera
1669,834.5087890625,584.0897521972656,899.6327514648438,639.7268829345703,4.88529212816502e-06,Ephemeroptera
1670,2239.3977661132812,2487.9334411621094,2486.8076171875,2499.862579345703,4.881473159912275e-06,Ephemeroptera
1671,0.3934204578399658,1200.0136315822601,91.32705688476562,1255.2586212158203,4.8579045142105315e-06,Ephemeroptera
1672,4492.436798095703,2480.918815612793,4500.0,2558.8262634277344,4.831444584851852e-06,Ephemeroptera
1673,4569.944396972656,3155.3750915527344,4608.0,3241.921142578125,4.825168161914917e-06,Ephemeroptera
1674,855.8124389648438,400.0,900.0,537.0396575927734,4.824270945391618e-06,Ephemeroptera
1675,843.0879516601562,878.7882843017578,899.8229064941406,953.1553344726562,4.7986577556002885e-06,Ephemeroptera
1676,3312.69474029541,178.9529266357422,3428.3341674804688,248.52896118164062,4.7808662202442065e-06,Ephemeroptera
1677,767.1969909667969,544.9873199462891,836.3716735839844,580.4099731445312,4.780168637807947e-06,Ephemeroptera
1678,400.01795291900635,1655.7973937988281,531.9980621337891,1699.9361877441406,4.777124559041113e-06,Ephemeroptera
1679,3421.7312774658203,2800.002506002784,3506.6649475097656,2806.6510038375854,4.73973113912507e-06,Ephemeroptera
1680,2004.1138648986816,1285.5397338867188,2096.8094787597656,1299.8764953613281,4.733217792818323e-06,Ephemeroptera
1681,3697.333122253418,468.6965026855469,3762.5641174316406,499.9345703125,4.707603238784941e-06,Ephemeroptera
1682,4483.672515869141,792.3456726074219,4500.0,898.3548278808594,4.699847522715572e-06,Ephemeroptera
1683,4259.580841064453,3443.5367736816406,4352.9468994140625,3455.7715454101562,4.696052201325074e-06,Ephemeroptera
1684,4000,2956,4073.9254455566406,2987.0877075195312,4.691790763899917e-06,Ephemeroptera
1685,4108,1712.136459350586,4126.086137771606,1956.7799682617188,4.691120011557359e-06,Ephemeroptera
1686,2085.117156982422,942.3594665527344,2100.0,1021.3007965087891,4.680189704231452e-06,Ephemeroptera
1687,2073.1663208007812,1181.796630859375,2099.9078369140625,1242.50830078125,4.677057404478546e-06,Ephemeroptera
1688,1684.4635925292969,1655.3535461425781,1699.9732055664062,1754.4412536621094,4.6615878090960905e-06,Ephemeroptera
1689,2800,400.0401496887207,2859.853733062744,461.71484756469727,4.62412890556152e-06,Ephemeroptera
1690,4108.549793243408,1510.8126525878906,4135.020799636841,1639.8599548339844,4.591365723172203e-06,Ephemeroptera
1691,4199.113082885742,1686.5543212890625,4301.770782470703,1699.9570007324219,4.563188213069225e-06,Ephemeroptera
1692,1678.2211303710938,2882.7190551757812,1789.3356323242188,2899.9283752441406,4.531915237748763e-06,Ephemeroptera
1693,862.5498657226562,800,900.0,892.1203994750977,4.489029379328713e-06,Ephemeroptera
1694,2284.9007263183594,1273.9580078125,2351.552520751953,1299.130615234375,4.4604125832847785e-06,Ephemeroptera
1695,4171.536178588867,1623.7180786132812,4216.609786987305,1643.0829162597656,4.426718987815548e-06,Ephemeroptera
1696,2485.629638671875,905.8894424438477,2499.9340209960938,994.2315063476562,4.419893684826093e-06,Ephemeroptera
1697,1322.9411849975586,959.4257659912109,1387.687973022461,976.9928741455078,4.4149601308163255e-06,Ephemeroptera
1698,4108,2046.30517578125,4188.4253005981445,2099.9583129882812,4.40197345596971e-06,Ephemeroptera
1699,3264.2291870117188,465.82298278808594,3299.7168579101562,539.6986541748047,4.387572516861837e-06,Ephemeroptera
1700,1276.3674774169922,918.2370529174805,1395.7833251953125,946.8480682373047,4.383703526400495e-06,Ephemeroptera
1701,3826.977584838867,2488.2710571289062,3897.184051513672,2499.7149353027344,4.37582639278844e-06,Ephemeroptera
1702,38.27962875366211,785.6492004394531,157.08621215820312,813.4018859863281,4.370350325189065e-06,Ephemeroptera
1703,4562.4833984375,2472.336769104004,4607.614715576172,2544.0025787353516,4.3651102714648005e-06,Ephemeroptera
1704,1292.5486450195312,225.64053344726562,1300.0,307.5551452636719,4.364765118225478e-06,Ephemeroptera
1705,1600.1452207565308,2058.090118408203,1684.2237243652344,2099.8419799804688,4.330038336775033e-06,Ephemeroptera
1706,4485.303955078125,1677.3474731445312,4554.174713134766,1698.7327575683594,4.315029400459025e-06,Ephemeroptera
1707,4579.892364501953,2294.0343322753906,4608.0,2411.6931762695312,4.268627435521921e-06,Ephemeroptera
1708,1100.0704345703125,4.846268653869629,1181.15576171875,28.82428550720215,4.259717570676003e-06,Ephemeroptera
1709,30.002748489379883,1253.2272262573242,68.09803009033203,1370.62353515625,4.181835720373783e-06,Ephemeroptera
1710,1434.3948364257812,2471.4310607910156,1507.7825012207031,2499.7324829101562,4.179778443358373e-06,Ephemeroptera
1711,3937.8279724121094,2488.0728759765625,3975.8777465820312,2499.7542419433594,4.169224212091649e-06,Ephemeroptera
1712,449.6919631958008,3272.238037109375,574.2326507568359,3329.993682861328,4.125460236537037e-06,Ephemeroptera
1713,1282.5430374145508,2049.7390480041504,1348.9849090576172,2079.064109802246,4.1003222577273846e-06,Ephemeroptera
1714,4355.66357421875,400.22470355033875,4419.927398681641,437.36827850341797,4.043596163683105e-06,Ephemeroptera
1715,4546.725189208984,1726.3153991699219,4607.815277099609,1762.2716674804688,4.043252374685835e-06,Ephemeroptera
1716,2083.6044311523438,458.01963806152344,2099.8653564453125,543.1056976318359,4.0212453313870355e-06,Ephemeroptera
1717,854.0213623046875,660.0508728027344,899.8515014648438,710.8702697753906,4.016638285975205e-06,Ephemeroptera
1718,622.6590118408203,3186.0614318847656,706.6442565917969,3226.4847412109375,4.014030764665222e-06,Ephemeroptera
1719,3507.2061462402344,484.21026611328125,3573.069610595703,499.84918212890625,3.998327883891761e-06,Ephemeroptera
1720,2083.8934936523438,1600,2099.8585815429688,1668.0753707885742,3.8887296796019655e-06,Ephemeroptera
1721,859.0086059570312,1200,900.0,1270.6591033935547,3.837945314444369e-06,Ephemeroptera
1722,4422.13134765625,2000,4511.3726806640625,2031.9456825256348,3.7771933421026915e-06,Ephemeroptera
1723,4158.347503662109,1687.0881042480469,4237.948684692383,1699.9447937011719,3.7540773973887553e-06,Ephemeroptera
1724,417.98895263671875,3363.7599487304688,500.0,3456.0,3.743662546185078e-06,Ephemeroptera
1725,2085.044708251953,1837.1915893554688,2099.8973388671875,1945.03515625,3.73229818251275e-06,Ephemeroptera
1726,3200,2800,3214.787021636963,3014.3241424560547,3.6820392779191025e-06,Ephemeroptera
1727,4068.845771789551,621.2460021972656,4123.3642578125,672.734130859375,3.6201249713485595e-06,Ephemeroptera
1728,4468.572509765625,1231.8503818511963,4497.265350341797,1275.3659744262695,3.524363819451537e-06,Ephemeroptera
1729,0.3445535898208618,223.87295532226562,37.70540237426758,311.926513671875,3.4408678857289487e-06,Ephemeroptera
1730,4462.545593261719,1200.508052110672,4499.290283203125,1241.2595748901367,3.3862656891869847e-06,Ephemeroptera
1731,2474.1608276367188,2200.3634490966797,2499.9783935546875,2275.023651123047,3.383318698979565e-06,Ephemeroptera
1732,3200.0342696905136,2872.207206726074,3233.1813201904297,2953.0201873779297,3.3753967727534473e-06,Ephemeroptera
1733,1936.2112121582031,2074.9810791015625,1989.9141235351562,2099.6303100585938,3.311661203042604e-06,Ephemeroptera
1734,893.2423706054688,1736.9941711425781,900.0,1823.5487976074219,3.2363263926526997e-06,Ephemeroptera
1735,487.84271240234375,2956,499.8765563964844,3004.8580932617188,3.2223263133346336e-06,Ephemeroptera
1736,1980.7097778320312,884.7268981933594,2053.1849975585938,899.9275207519531,3.091973212576704e-06,Ephemeroptera
1737,605.3153076171875,1744.7523651123047,651.5921630859375,1800.5787353515625,2.85671376332175e-06,Ephemeroptera
1738,439.0740165710449,1901.3512268066406,619.6562347412109,1956.62646484375,2.6511354462854797e-06,Ephemeroptera
1739,101.14116668701172,485.6625671386719,153.0272979736328,499.8978576660156,2.6240272745781112e-06,Ephemeroptera
1740,0.0,2132.91357421875,479.7174072265625,3340.78857421875,0.106316477060318,Hemiptera
1741,4108.0,2138.932846069336,4220.911079406738,2584.9556732177734,0.037549808621406555,Hemiptera
1742,2531.768753051758,1243.5412292480469,2900.0,1300.0,0.03721974045038223,Hemiptera
1743,373.4938659667969,1018.0140075683594,545.8897552490234,1394.8448486328125,0.03396742418408394,Hemiptera
1744,1004.4029693603516,124.49990844726562,1351.2595825195312,640.588134765625,0.03264506906270981,Hemiptera
1745,3152.8644409179688,3200.1714935302734,3264.7459030151367,3311.7091064453125,0.021051796153187752,Hemiptera
1746,415.81134033203125,1281.1341171264648,512.7309799194336,1595.1687927246094,0.016267843544483185,Hemiptera
1747,3645.2010192871094,135.48651123046875,3700.0,510.4082565307617,0.015714887529611588,Hemiptera
1748,965.7127380371094,361.23388671875,1300.0,482.9287414550781,0.013667669147253036,Hemiptera
1749,3626.5423278808594,3227.4801330566406,3700.0,3283.9872436523438,0.007196676451712847,Hemiptera
1750,4491.6534423828125,1603.506103515625,4608.0,2191.33349609375,0.004706440027803183,Hemiptera
1751,1613.1194477081299,2751.4898376464844,1742.4553833007812,2857.916305541992,0.004579379688948393,Hemiptera
1752,3600.0,836.2686386108398,3641.220748901367,1267.579833984375,0.0033740682993084192,Hemiptera
1753,4108.0,939.1234283447266,4184.798873901367,1387.2085876464844,0.0031052702106535435,Hemiptera
1754,4480.488830566406,844.524284362793,4608.0,900.0,0.002855778904631734,Hemiptera
1755,408.646240234375,1824.7577209472656,533.4649963378906,2080.4851684570312,0.002275928156450391,Hemiptera
1756,2737.65771484375,0.0,2912.5198364257812,164.66400146484375,0.002262823050841689,Hemiptera
1757,0.0,189.33477783203125,67.61699676513672,511.2170944213867,0.002131886314600706,Hemiptera
1758,2721.0559692382812,1180.9415588378906,2926.981605529785,1432.9422454833984,0.0019254909129813313,Hemiptera
1759,1574.4495239257812,1148.6440124511719,1746.0817565917969,1359.6481475830078,0.0017315089935436845,Hemiptera
1760,2800.0,2932.6377868652344,3201.5743408203125,3225.0084838867188,0.0016110981814563274,Hemiptera
1761,2800.0,1828.2900390625,2831.9390354156494,2218.092086791992,0.0015559002058580518,Hemiptera
1762,800.0,2011.1576318740845,826.1411933898926,2386.7928161621094,0.001491027302108705,Hemiptera
1763,4425.576354980469,3108.2989196777344,4500.0,3419.2218322753906,0.0014321000780910254,Hemiptera
1764,1987.38232421875,0.0,2042.4186630249023,392.23480224609375,0.0014139438280835748,Hemiptera
1765,1834.880859375,1153.885009765625,2288.6362915039062,1294.487548828125,0.0014064909191802144,Hemiptera
1766,4199.83935546875,0.0,4608.0,815.9384155273438,0.0013548854039981961,Hemiptera
1767,4450.97021484375,0.0,4608.0,873.1314086914062,0.0013194751227274537,Hemiptera
1768,4582.6768798828125,557.5183868408203,4608.0,737.0712280273438,0.0012895175023004413,Hemiptera
1769,800.0,1670.5171585083008,825.8768863677979,2016.6189270019531,0.0012627154355868697,Hemiptera
1770,395.0918884277344,2000.0,687.7517700195312,2127.6055068969727,0.0011864478001371026,Hemiptera
1771,3285.8243103027344,2557.125946044922,3300.0,2795.6979370117188,0.0011763301445171237,Hemiptera
1772,4000.0,3303.633758544922,4032.79402923584,3456.0,0.0011063746642321348,Hemiptera
1773,0.0,400.0,35.1081657409668,783.4091186523438,0.001056559500284493,Hemiptera
1774,4529.166717529297,2341.9305725097656,4608.0,2531.849319458008,0.00104953208938241,Hemiptera
1775,4108.0,3046.116455078125,4188.730308532715,3456.0,0.0010449821129441261,Hemiptera
1776,3497.979248046875,2741.7713623046875,3788.6891326904297,2948.132064819336,0.0009451713995076716,Hemiptera
1777,400.0,1200.0,445.88896560668945,1574.1893310546875,0.000888531852979213,Hemiptera
1778,2085.6788635253906,1082.0746459960938,2100.0,1299.1175537109375,0.000873425102327019,Hemiptera
1779,1582.2530212402344,1533.7007446289062,1634.546573638916,1778.1932830810547,0.0008604282629676163,Hemiptera
1780,1962.9833374023438,1600.0447988510132,2071.522560119629,1751.2071075439453,0.0008602159796282649,Hemiptera
1781,2498.234893798828,1200.0,2755.559814453125,1234.3103828430176,0.0008594786049798131,Hemiptera
1782,2043.7193908691406,3056.021453857422,2125.796630859375,3339.9156799316406,0.0008503776625730097,Hemiptera
1783,2087.6480102539062,884.7990036010742,2100.0,1017.8499450683594,0.000834891339763999,Hemiptera
1784,4378.448822021484,3244.473846435547,4535.1201171875,3300.0,0.0008254297426901758,Hemiptera
1785,3684.13232421875,2488.8358154296875,3700.0,2701.1968688964844,0.0007988822180777788,Hemiptera
1786,2454.7025146484375,2402.5750122070312,2500.0,2532.8617553710938,0.0007801707834005356,Hemiptera
1787,4554.20703125,1720.5556640625,4608.0,2388.4716796875,0.000746283563785255,Hemiptera
1788,3649.6207275390625,2880.4159622192383,3700.0,3099.6041412353516,0.0007435519364662468,Hemiptera
1789,3600.0,1200.0,3654.594326019287,1519.9889526367188,0.0007069864077493548,Hemiptera
1790,3295.3760299682617,1200.0,3652.8983154296875,1235.1892166137695,0.0006785340374335647,Hemiptera
1791,800.0,651.8134155273438,831.0020503997803,1086.8785095214844,0.0006152692367322743,Hemiptera
1792,4000.0,45.063209533691406,4035.364143371582,500.0,0.0006024247268214822,Hemiptera
1793,0.0,2404.314875602722,29.814035415649414,2852.0701904296875,0.0005819319048896432,Hemiptera
1794,1.7192504405975342,2071.806396484375,281.3860168457031,2404.76416015625,0.0005640899762511253,Hemiptera
1795,1981.4009399414062,3325.7362060546875,2100.0,3456.0,0.0005521014682017267,Hemiptera
1796,811.2200975418091,0.0,906.21630859375,13.223420143127441,0.0005309749394655228,Hemiptera
1797,4499.09912109375,2800.0,4608.0,3093.891815185547,0.0005296145100146532,Hemiptera
1798,1200.0,1461.8394775390625,1276.6119689941406,1796.175033569336,0.0005181634332984686,Hemiptera
1799,2800.0,1238.0423545837402,2825.4462604522705,1581.11328125,0.0004905489040538669,Hemiptera
1800,1977.1195373535156,400.1571297645569,2064.3256454467773,546.4212341308594,0.0004841646004933864,Hemiptera
1801,3200.0,1600.0,3235.815662384033,1801.7157287597656,0.0004637265228666365,Hemiptera
1802,4108.0,0.0,4142.749652862549,404.8972473144531,0.00046245165867730975,Hemiptera
1803,4432.244476318359,0.0,4608.0,71.7868423461914,0.00046203797683119774,Hemiptera
1804,3600.0,400.0,3825.297622680664,454.33666610717773,0.000431070220656693,Hemiptera
1805,1600.0,400.0,1639.2554931640625,774.9500122070312,0.0004186290316283703,Hemiptera
1806,347.24127197265625,1241.9646301269531,586.2732543945312,1299.9971313476562,0.0004156992363277823,Hemiptera
1807,3200.0,1200.0,3227.1428546905518,1428.068115234375,0.00041392489220015705,Hemiptera
1808,289.7791748046875,2974.396240234375,874.5807495117188,3372.554412841797,0.00041316167335025966,Hemiptera
1809,1200.0,3102.952392578125,1228.9801864624023,3456.0,0.00041143802809529006,Hemiptera
1810,3641.1100463867188,2956.0,3700.0,2987.3997173309326,0.0003960468457080424,Hemiptera
1811,400.0,34.50803756713867,453.7943000793457,427.6139221191406,0.00039366132114082575,Hemiptera
1812,3196.1778869628906,765.6133117675781,3329.573944091797,904.7158203125,0.00038610686897300184,Hemiptera
1813,400.0,338.60205078125,470.0057373046875,612.4894866943359,0.00038051989395171404,Hemiptera
1814,3611.266326904297,400.0,3700.0,528.9516143798828,0.00038044032407924533,Hemiptera
1815,3870.4884033203125,1551.7156982421875,4198.917022705078,1814.8057861328125,0.0003798760299105197,Hemiptera
1816,2400.0,1600.0,2426.475393295288,1944.3983459472656,0.00036891887430101633,Hemiptera
1817,3200.0,2302.8955078125,3283.688018798828,2500.0,0.0003592765424400568,Hemiptera
1818,0.0,622.637939453125,32.53084945678711,900.0,0.0003577623865567148,Hemiptera
1819,3958.4520874023438,1270.5542602539062,4023.9492797851562,1300.0,0.00035252480302006006,Hemiptera
1820,1647.7134704589844,3349.641082763672,1700.0,3456.0,0.00035121888504363596,Hemiptera
1821,772.6174926757812,1646.9364013671875,1017.9022369384766,1700.0,0.0003462460299488157,Hemiptera
1822,193.6135711669922,2200.464584350586,234.3248291015625,2216.7125244140625,0.0003363694413565099,Hemiptera
1823,400.0,1397.1216583251953,427.0245113372803,1731.92041015625,0.0003340361872687936,Hemiptera
1824,800.0,2533.6138916015625,826.1704444885254,2933.3687744140625,0.00032930335146375,Hemiptera
1825,1200.029769539833,3152.260452270508,1250.469352722168,3275.9762268066406,0.000327478745020926,Hemiptera
1826,3139.1542358398438,378.2751159667969,3300.0,550.5113372802734,0.0003259848162997514,Hemiptera
1827,1725.788185119629,1681.658935546875,1826.6441040039062,1699.9170227050781,0.00032415080931968987,Hemiptera
1828,0.0,3013.5635375976562,38.97039031982422,3407.464569091797,0.00032391538843512535,Hemiptera
1829,1600.0,1115.5209655761719,1625.105697631836,1355.9644927978516,0.00031463406048715115,Hemiptera
1830,3200.0,800.0,3226.7224407196045,1217.6513671875,0.00030321613303385675,Hemiptera
1831,400.0,206.61659240722656,422.7339172363281,578.0050964355469,0.0003007536579389125,Hemiptera
1832,3979.0556030273438,344.10028076171875,4099.937164306641,500.0,0.00029167940374463797,Hemiptera
1833,1200.0,1829.8357543945312,1229.9600715637207,2211.6683502197266,0.0002913456119131297,Hemiptera
1834,3685.0810546875,2057.6152572631836,3700.0,2300.9283447265625,0.00029062735848128796,Hemiptera
1835,1666.78857421875,20.072864532470703,1700.0,326.68133544921875,0.00028972243308089674,Hemiptera
1836,3605.288330078125,1575.0840148925781,3700.62393951416,1726.489761352539,0.00028953273431397974,Hemiptera
1837,3200.0,488.6081085205078,3230.539249420166,885.0498046875,0.00028492510318756104,Hemiptera
1838,788.5884399414062,854.3008728027344,855.7763977050781,900.0,0.00028154937899671495,Hemiptera
1839,2485.162353515625,2009.116005897522,2500.0,2169.7647094726562,0.00027805904392153025,Hemiptera
1840,3200.0,757.6355590820312,3231.06791305542,967.8903503417969,0.00027698243502527475,Hemiptera
1841,4108.0,1255.6788444519043,4136.676445007324,1697.8504028320312,0.0002720249176491052,Hemiptera
1842,4108.0,1200.0,4147.214199066162,1479.8924560546875,0.0002644001506268978,Hemiptera
1843,2291.013153076172,1131.0564880371094,2564.364974975586,1353.8858337402344,0.00026400969363749027,Hemiptera
1844,491.4128723144531,47.451175689697266,500.0,144.82269287109375,0.0002597469720058143,Hemiptera
1845,1177.0264587402344,2708.9737548828125,1307.237777709961,2953.285385131836,0.0002561780856922269,Hemiptera
1846,4511.7777099609375,3098.1483001708984,4608.0,3358.5645751953125,0.0002547658223193139,Hemiptera
1847,1586.1985778808594,414.2319641113281,1716.5741806030273,500.0,0.0002518452820368111,Hemiptera
1848,0.0,1472.60302734375,153.0610809326172,2602.1952209472656,0.0002479531103745103,Hemiptera
1849,2830.2836303710938,2000.0,2921.7217407226562,2117.989944458008,0.00024357282381970435,Hemiptera
1850,0.0,800.0,28.30730628967285,1201.0623779296875,0.000242484689806588,Hemiptera
1851,0.0,795.7156066894531,63.28982162475586,904.3602676391602,0.00024119463341776282,Hemiptera
1852,3300.0897369384766,3224.9549255371094,3509.3868713378906,3269.9942932128906,0.0002400747616775334,Hemiptera
1853,0.0,2898.271324157715,30.04373550415039,3260.672088623047,0.00023828369739931077,Hemiptera
1854,1974.8760375976562,2048.134796142578,2066.9774856567383,2100.0,0.0002377553901169449,Hemiptera
1855,3175.7119140625,859.1781616210938,3263.835235595703,900.0,0.00023643342137802392,Hemiptera
1856,960.9849243164062,2909.430694580078,1018.5815124511719,2932.312698364258,0.00023642777523491532,Hemiptera
1857,1688.7094116210938,2743.430145263672,1700.0,2895.6135864257812,0.00023440610675606877,Hemiptera
1858,2804.2124633789062,1668.3706359863281,2958.4935455322266,1700.0,0.00022729136981070042,Hemiptera
1859,2085.7042846679688,2269.8998413085938,2100.0,2398.73828125,0.0002256683656014502,Hemiptera
1860,3600.0,3267.4517822265625,3628.6569652557373,3456.0,0.00022185742272995412,Hemiptera
1861,800.0,2800.0,830.2349872589111,3064.656982421875,0.00021933726384304464,Hemiptera
1862,2436.1301651000977,879.7555847167969,2747.3246154785156,900.0,0.000217992695979774,Hemiptera
1863,1600.0,2057.9030990600586,1634.3616943359375,2490.106964111328,0.00021618262690026313,Hemiptera
1864,2400.0,478.91893768310547,2439.7084426879883,620.8042602539062,0.00021513146930374205,Hemiptera
1865,3200,2387.709716796875,3207.880534172058,2493.6121826171875,0.00021364213898777962,Hemiptera
1866,3200.0,1130.2744750976562,3263.0699615478516,1300.0,0.00021123803162481636,Hemiptera
1867,2410.9576721191406,784.8448791503906,2500.0,901.1923217773438,0.0002098866825690493,Hemiptera
1868,3471.566925048828,400.01536160707474,3556.9951171875,417.25477409362793,0.00020956472144462168,Hemiptera
1869,2881.3623657226562,3431.959503173828,3116.8235778808594,3456.0,0.00020267657237127423,Hemiptera
1870,0.0,2635.726837158203,33.862613677978516,3004.383804321289,0.00020238498109392822,Hemiptera
1871,400.0,1800.0023803710938,435.4717330932617,2100.0,0.00019956922915298492,Hemiptera
1872,1600.002759695053,400.0,1637.0010795593262,447.52600860595703,0.00019935621821787208,Hemiptera
1873,2484.2736206054688,2226.2466888427734,2500.0,2393.4968872070312,0.00019851895922329277,Hemiptera
1874,4601.868927001953,737.081298828125,4608.0,837.9687194824219,0.000196422595763579,Hemiptera
1875,2686.2164916992188,2078.8324279785156,2900.0,2100.0,0.00019639564561657608,Hemiptera
1876,1284.9387512207031,2503.7143020629883,1300.0,2611.9847717285156,0.0001946890988619998,Hemiptera
1877,2405.8595581054688,2482.6876525878906,2500.0,2500.0,0.0001903755619423464,Hemiptera
1878,1600.0,3025.287872314453,1638.8058547973633,3454.9735717773438,0.00018959066073875874,Hemiptera
1879,4460.885040283203,2972.1415576934814,4497.9346923828125,3084.7279052734375,0.0001895705790957436,Hemiptera
1880,1600.0,2400.0,1631.3053493499756,2718.7174682617188,0.00018739316146820784,Hemiptera
1881,1600.0,2000.0,1629.043716430664,2249.6952056884766,0.00018459859711583704,Hemiptera
1882,2364.1553955078125,3357.3131103515625,2488.3784790039062,3456.0,0.00018256128532812,Hemiptera
1883,4561.336822509766,47.39561080932617,4608.0,325.86175537109375,0.00018166405789088458,Hemiptera
1884,2876.1129455566406,625.9905853271484,2900.0,790.3642578125,0.00018128995725419372,Hemiptera
1885,1200.0,1665.7711029052734,1237.0634956359863,2013.958740234375,0.0001789774396456778,Hemiptera
1886,3200.0,1863.1033935546875,3246.872013092041,2100.0,0.00017379964992869645,Hemiptera
1887,3386.84912109375,2076.423370361328,3700.0,2100.0,0.00017319929611403495,Hemiptera
1888,4108.0,634.8090209960938,4136.536474227905,1082.3518676757812,0.0001720235013635829,Hemiptera
1889,3589.694091796875,3222.8045654296875,3673.399627685547,3275.6439819335938,0.00017139266128651798,Hemiptera
1890,3200.0,1256.783203125,3319.1267700195312,1300.0,0.00017084588762372732,Hemiptera
1891,4571.267333984375,315.2924499511719,4608.0,505.45555114746094,0.0001697664993116632,Hemiptera
1892,484.0220031738281,2161.375045776367,500.0,2379.4072265625,0.00016813412366900593,Hemiptera
1893,2883.3139038085938,2000.0,2900.0,2071.4933013916016,0.00016761678853072226,Hemiptera
1894,4482.641021728516,2003.536570072174,4500.0,2132.8216247558594,0.00016592895553912967,Hemiptera
1895,3644.90625,2800.0,3700.0,2986.314010620117,0.00016190155292861164,Hemiptera
1896,2400.0,1200.0,2431.0164070129395,1565.6489562988281,0.0001612246414879337,Hemiptera
1897,4522.014831542969,2400.312840938568,4608.0,2571.927749633789,0.00015834740770515054,Hemiptera
1898,3287.3944396972656,1702.8912506103516,3300.0,1844.9227752685547,0.00015605198859702796,Hemiptera
1899,3403.0088500976562,400.0,3493.810089111328,416.12400817871094,0.00015029084170237184,Hemiptera
1900,2000.0,1202.6206016540527,2017.5254669189453,1522.2417907714844,0.00014672157703898847,Hemiptera
1901,800.0,876.607177734375,832.2092094421387,1128.6370849609375,0.00014623106108047068,Hemiptera
1902,2834.0728759765625,2400.0,2899.9403076171875,2450.8315620422363,0.0001446767128072679,Hemiptera
1903,1687.2923889160156,1170.3427124023438,1700.0,1276.283432006836,0.00014381349319592118,Hemiptera
1904,925.707763671875,2452.175537109375,1061.2094421386719,2531.090087890625,0.00014362848014570773,Hemiptera
1905,2000.0037387013435,3197.4993286132812,2059.5674743652344,3278.8299560546875,0.00014313084830064327,Hemiptera
1906,2477.6304321289062,24.430322647094727,2500.0,278.140625,0.00014106441813055426,Hemiptera
1907,1202.8554992675781,1966.6314392089844,1313.1064987182617,2100.0,0.00014063235721550882,Hemiptera
1908,2086.991973876953,1672.5249328613281,2100.0,1844.6725311279297,0.0001404348440701142,Hemiptera
1909,3174.8890075683594,2470.986846923828,3354.463333129883,2500.0,0.00013991276500746608,Hemiptera
1910,877.86669921875,492.9396057128906,900.0,621.0808715820312,0.0001398992899339646,Hemiptera
1911,4468.209930419922,3236.4871520996094,4500.0,3411.8375244140625,0.00013886898523196578,Hemiptera
1912,2487.560272216797,265.38214111328125,2500.0,409.0640563964844,0.00013860294711776078,Hemiptera
1913,4000.0,1235.8988647460938,4074.1597900390625,1300.0,0.0001374133280478418,Hemiptera
1914,737.8492736816406,650.4467468261719,796.2091979980469,691.9669494628906,0.00013715701061300933,Hemiptera
1915,2800.0,2201.419448852539,2826.737537384033,2500.0,0.00013671671331394464,Hemiptera
1916,3623.2319946289062,0.0,3700.0,165.7283477783203,0.00013555167242884636,Hemiptera
1917,2961.419921875,191.45236206054688,3308.8798828125,290.49066162109375,0.00013233162462711334,Hemiptera
1918,2437.6834869384766,3411.832244873047,2531.3688049316406,3456.0,0.00013063556980341673,Hemiptera
1919,2893.117431640625,3406.4591064453125,2900.0,3455.8336791992188,0.00012952320685144514,Hemiptera
1920,2887.948974609375,895.3964233398438,2900.0,1011.4849090576172,0.00012881989823654294,Hemiptera
1921,2796.388397216797,1200.0,2869.506561279297,1317.9044723510742,0.00012771447654813528,Hemiptera
1922,2085.602294921875,1450.364761352539,2100.0,1565.0256042480469,0.00012718315701931715,Hemiptera
1923,1455.2672424316406,0.013094395399093628,1581.4459838867188,8.392534255981445,0.0001247114996658638,Hemiptera
1924,2400.075578689575,2050.2261962890625,2559.116241455078,2100.0,0.00012437316763680428,Hemiptera
1925,2386.1596069335938,827.8894348144531,2552.3897399902344,900.0,0.00012434327800292522,Hemiptera
1926,3600.0,2027.4284362792969,3762.2324981689453,2100.0,0.00012198578042443842,Hemiptera
1927,1088.5022583007812,1286.9296875,1171.9550476074219,1299.9197998046875,0.00012108448572689667,Hemiptera
1928,1600.0,65.3432388305664,1629.320966720581,393.4765319824219,0.00011953109060414135,Hemiptera
1929,0.0,1090.8993835449219,29.883691787719727,1381.589126586914,0.00011894688213942572,Hemiptera
1930,400.0,869.3821640014648,422.8145160675049,1237.7500610351562,0.0001181401385110803,Hemiptera
1931,0.0,991.7530822753906,36.20466995239258,1238.9654235839844,0.00011791066208388656,Hemiptera
1932,3283.3822326660156,535.5777740478516,3300.0,691.0440368652344,0.00011716409062501043,Hemiptera
1933,4489.9266357421875,851.9529228210449,4500.0,908.4930267333984,0.00011581934813875705,Hemiptera
1934,886.5278625488281,2235.772750854492,900.0,2338.650146484375,0.00011477685620775446,Hemiptera
1935,1219.8546752929688,2766.51123046875,1300.0,2915.6537322998047,0.00011258503946010023,Hemiptera
1936,1373.055435180664,1742.27783203125,1441.149658203125,1770.0884552001953,0.00011182750313309953,Hemiptera
1937,3280.022247314453,870.5321807861328,3300.0,1054.6202392578125,0.00011012852337444201,Hemiptera
1938,792.4753112792969,2000.0,900.0,2151.9905395507812,0.00010978618229273707,Hemiptera
1939,1753.3490600585938,481.081298828125,2015.9787292480469,500.0,0.00010967494745273143,Hemiptera
1940,2536.5001678466797,477.09942626953125,2662.9104614257812,500.0,0.00010856491280719638,Hemiptera
1941,4000.0,0.0,4039.0633659362793,212.78662109375,0.00010849827231140807,Hemiptera
1942,2985.504837036133,3444.572509765625,3086.9071350097656,3456.0,0.00010812655818881467,Hemiptera
1943,1600.0,1204.8376083374023,1618.802598953247,1478.7174987792969,0.00010793504770845175,Hemiptera
1944,1967.4219665527344,2956.0,2023.0368041992188,2975.901662826538,0.00010688705515349284,Hemiptera
1945,4108.0,0.0,4123.491956710815,111.37468719482422,0.00010620774992275983,Hemiptera
1946,1600.0,643.1143798828125,1637.5811386108398,893.8101196289062,0.00010583116090856493,Hemiptera
1947,4000.0,1600.0,4027.1756019592285,1885.7647094726562,0.00010524132812861353,Hemiptera
1948,950.5308837890625,1280.3842468261719,1068.759521484375,1300.0,0.00010344699694542214,Hemiptera
1949,2945.920379638672,3002.754383087158,3076.5899658203125,3142.273880004883,0.00010320382716599852,Hemiptera
1950,3286.9061889648438,995.2774047851562,3300.0,1160.6116638183594,0.00010314853716408834,Hemiptera
1951,1286.50732421875,28.474044799804688,1300.0,165.21517944335938,0.00010295759420841932,Hemiptera
1952,400.00568330287933,2000.0808954238892,500.0,2134.1439208984375,0.00010292717342963442,Hemiptera
1953,1324.988914489746,2645.010467529297,1383.868911743164,2673.942901611328,0.00010272703366354108,Hemiptera
1954,4285.498886108398,2800.0,4327.698669433594,2843.9354667663574,0.00010233497596345842,Hemiptera
1955,1200.0019129365683,1930.7261352539062,1233.989559173584,2038.5186767578125,0.00010210434993496165,Hemiptera
1956,2484.0503540039062,1165.4406433105469,2500.0,1280.6180114746094,0.00010181423567701131,Hemiptera
1957,1200.0,2419.0550327301025,1242.8387298583984,2520.93270111084,9.897598647512496e-05,Hemiptera
1958,4565.694427490234,139.8653106689453,4608.0,314.616455078125,9.82587444013916e-05,Hemiptera
1959,3600.0,2623.875762939453,3645.9032135009766,2975.7469787597656,9.80648910626769e-05,Hemiptera
1960,1191.4254150390625,2077.1285400390625,1440.1392517089844,2100.0,9.778112143976614e-05,Hemiptera
1961,800.00881254673,735.2919006347656,833.0242919921875,864.3446960449219,9.761640831129625e-05,Hemiptera
1962,2093.6080017089844,1509.9629516601562,2100.0,1587.3104248046875,9.602455247659236e-05,Hemiptera
1963,4480.960357666016,2802.3379921913147,4500.0,2974.3805389404297,9.601924102753401e-05,Hemiptera
1964,1661.74365234375,1484.5572509765625,1711.3706130981445,1564.6408081054688,9.552825940772891e-05,Hemiptera
1965,2359.5320739746094,400,2429.2972412109375,406.0039176940918,9.490195952821523e-05,Hemiptera
1966,2400.0,1990.57861328125,2427.9411945343018,2172.2743225097656,9.472375677432865e-05,Hemiptera
1967,0.0,71.57588195800781,35.03047180175781,401.2342529296875,9.336824587080628e-05,Hemiptera
1968,4494.171722412109,2273.814422607422,4500.0,2357.2286376953125,9.333112393505871e-05,Hemiptera
1969,3600.0,1312.4156951904297,3628.1606979370117,1700.0,9.276070341002196e-05,Hemiptera
1970,1200.0,1631.7225341796875,1301.935432434082,1735.461685180664,9.237240010406822e-05,Hemiptera
1971,1287.3702087402344,2870.271659851074,1300.0,2936.270263671875,9.151179256150499e-05,Hemiptera
1972,4227.515274047852,2956.0,4366.984375,2984.118076324463,9.058635623659939e-05,Hemiptera
1973,3658.744110107422,0.0,3699.9685668945312,40.08651351928711,9.056423732545227e-05,Hemiptera
1974,4585.435974121094,2437.9342079162598,4608.0,2542.6272888183594,9.039185533765703e-05,Hemiptera
1975,1200.0,1200.0,1342.1570587158203,1245.2778625488281,9.032749221660197e-05,Hemiptera
1976,3600.0,62.60177993774414,3620.7262001037598,384.6749267578125,8.967463509179652e-05,Hemiptera
1977,3350.7993774414062,2956,3590.5138549804688,2989.1111946105957,8.898464875528589e-05,Hemiptera
1978,448.5160827636719,1241.1550979614258,500.0,1527.0870361328125,8.860547677613795e-05,Hemiptera
1979,1613.4313659667969,3033.5257110595703,1700.0,3359.2129821777344,8.836128836264834e-05,Hemiptera
1980,3456.5293884277344,3224.8228149414062,3537.8064575195312,3258.682830810547,8.76059420988895e-05,Hemiptera
1981,2795.3723754882812,400.0,2900.0,517.2495574951172,8.739409531699494e-05,Hemiptera
1982,3600.0,1600.0,3643.182762145996,1919.6551208496094,8.7276246631518e-05,Hemiptera
1983,2800.0,3151.068359375,2842.4272232055664,3409.5311279296875,8.500098192598671e-05,Hemiptera
1984,3600.0,2530.2486724853516,3620.5343112945557,2836.2988891601562,8.301127672893927e-05,Hemiptera
1985,884.300048828125,1289.067367553711,900.0,1415.2802276611328,8.300186163978651e-05,Hemiptera
1986,1275.9357299804688,1243.844295501709,1300.0,1359.7344360351562,8.260311733465642e-05,Hemiptera
1987,1222.0760498046875,400.0,1323.463996887207,518.2073364257812,8.242426702054217e-05,Hemiptera
1988,800.0,2400.0,818.849702835083,2758.2619018554688,8.226477802963927e-05,Hemiptera
1989,3673.5841674804688,1748.6674346923828,3700.0,1888.0543823242188,8.169941429514438e-05,Hemiptera
1990,1272.0323944091797,2000.0,1543.2791748046875,2060.9743881225586,8.117475226754323e-05,Hemiptera
1991,2054.0654296875,1984.9370727539062,2100.0,2095.6210021972656,8.034165512071922e-05,Hemiptera
1992,4066.7200927734375,1127.2107238769531,4099.952697753906,1191.00439453125,8.022834663279355e-05,Hemiptera
1993,800.0,2284.7847595214844,885.5859603881836,2500.0,8.009831071831286e-05,Hemiptera
1994,4000.0,127.51331329345703,4045.4121894836426,217.23780822753906,7.989921141415834e-05,Hemiptera
1995,1600.0,1600.4387378692627,1629.1361083984375,1915.9549865722656,7.858785829739645e-05,Hemiptera
1996,2800.0,3407.5594482421875,2853.2793159484863,3456.0,7.761792949168012e-05,Hemiptera
1997,4494.446075439453,1362.7989807128906,4500.0,1431.3599548339844,7.760164589853957e-05,Hemiptera
1998,1822.5300750732422,3444.1466064453125,1927.0304870605469,3455.883758544922,7.720740541117266e-05,Hemiptera
1999,2800.0238820910454,0.061577558517456055,2818.108076095581,40.52097702026367,7.705853931838647e-05,Hemiptera
2000,4347.094879150391,3434.815460205078,4473.942474365234,3456.0,7.685855962336063e-05,Hemiptera
2001,4047.1115913391113,2433.6055908203125,4079.456817626953,2494.117919921875,7.56828740122728e-05,Hemiptera
2002,2400.0,400.0,2436.178855895996,791.0245971679688,7.5341115007177e-05,Hemiptera
2003,823.313045501709,2473.8117065429688,984.0425109863281,2500.0,7.475828169845045e-05,Hemiptera
2004,1584.8733520507812,459.96727752685547,1650.2622680664062,550.8480987548828,7.395385910058394e-05,Hemiptera
2005,3601.314377784729,2800.0,3883.759246826172,2836.8105545043945,7.392268889816478e-05,Hemiptera
2006,4559.253509521484,2956.0,4607.863037109375,3004.1399726867676,7.269056368386373e-05,Hemiptera
2007,3280.820556640625,3211.6700286865234,3300.0,3321.4434204101562,7.268723857123405e-05,Hemiptera
2008,556.3558654785156,2884.9716186523438,638.3566436767578,2899.8199462890625,7.265307067427784e-05,Hemiptera
2009,2867.0328979492188,1626.0549545288086,2900.0,1742.5777435302734,7.206854206742719e-05,Hemiptera
2010,4087.397491455078,2052.8156127929688,4100.0,2164.4136352539062,7.19275267329067e-05,Hemiptera
2011,2459.3329010009766,875.4265747070312,2607.128448486328,899.9320068359375,7.174639904405922e-05,Hemiptera
2012,1154.7608947753906,2071.276153564453,1241.8865013122559,2099.970733642578,7.160498353186995e-05,Hemiptera
2013,1681.1361389160156,860.8040809631348,1700.0,1017.1858825683594,7.158381049521267e-05,Hemiptera
2014,4000.0,1658.7065734863281,4054.4945106506348,1700.0,7.142568938434124e-05,Hemiptera
2015,3693.9856567382812,2999.9712524414062,3700.0,3116.6290893554688,7.130985613912344e-05,Hemiptera
2016,2197.1102447509766,878.2989501953125,2350.7438049316406,900.0,7.116590131772682e-05,Hemiptera
2017,2884.459197998047,374.9123229980469,2900.0,496.9372253417969,7.114921027095988e-05,Hemiptera
2018,2949.1472778320312,486.6494140625,3052.1693420410156,499.916259765625,7.097072375472635e-05,Hemiptera
2019,400.0,2552.0032958984375,426.43753814697266,2852.8540649414062,7.095029286574572e-05,Hemiptera
2020,2493.0111389160156,3368.616729736328,2500.0,3455.897186279297,7.023008947726339e-05,Hemiptera
2021,2453.1524047851562,2832.352626800537,2500.0,2930.2749938964844,6.96847855579108e-05,Hemiptera
2022,1574.1973266601562,3405.2166442871094,1681.1368103027344,3456.0,6.967003719182685e-05,Hemiptera
2023,4108.0,1600.0,4133.048616409302,1917.1723327636719,6.93465699441731e-05,Hemiptera
2024,2873.4608154296875,1571.0895690917969,2900.0,1667.381980895996,6.91474779159762e-05,Hemiptera
2025,3262.268566131592,879.5113220214844,3352.259063720703,900.0,6.864401802886277e-05,Hemiptera
2026,1600.1238733530045,800.0105604529381,1634.833236694336,818.1085300445557,6.860318535473198e-05,Hemiptera
2027,0.053191184997558594,2728.888427734375,47.489410400390625,2791.5235900878906,6.843017035862431e-05,Hemiptera
2028,4108,2401.839065551758,4132.190994262695,2647.0078887939453,6.798917456762865e-05,Hemiptera
2029,3771.8707275390625,1200,3861.7842407226562,1207.0368857383728,6.741496326867491e-05,Hemiptera
2030,3576.7205810546875,1282.5477600097656,3704.9769134521484,1300.0,6.709147419314831e-05,Hemiptera
2031,1904.8139038085938,2956,1981.5439147949219,2963.0547251701355,6.606253737118095e-05,Hemiptera
2032,861.9760131835938,293.2265319824219,900.0,426.4226989746094,6.586193921975791e-05,Hemiptera
2033,1200,1600,1247.8637962341309,1607.6404542922974,6.563271745108068e-05,Hemiptera
2034,4316.491806030273,1200.0,4421.9093017578125,1258.6247940063477,6.536663568112999e-05,Hemiptera
2035,4082.8204040527344,382.51336669921875,4100.0,491.4844055175781,6.533192936331034e-05,Hemiptera
2036,956.9678955078125,0.2782743573188782,1023.5415649414062,5.739640712738037,6.505080818897113e-05,Hemiptera
2037,4108.02803504467,914.778923034668,4121.4634046554565,1027.2586517333984,6.496692367363721e-05,Hemiptera
2038,400.0,2835.174072265625,470.6272964477539,2900.0,6.464618491008878e-05,Hemiptera
2039,1257.0432739257812,2929.8027954101562,1681.7510986328125,3118.41064453125,6.408615445252508e-05,Hemiptera
2040,2060.844696044922,1628.5809631347656,2100.0,1702.6545028686523,6.381209823302925e-05,Hemiptera
2041,4555.7783203125,1365.3625946044922,4608.0,2109.84033203125,6.335794023470953e-05,Hemiptera
2042,2887.315185546875,2403.2551407814026,2900.0,2538.573272705078,6.335521902656183e-05,Hemiptera
2043,1608.1566772460938,2000.0,1726.6563186645508,2137.827880859375,6.272276368690655e-05,Hemiptera
2044,1286.5642700195312,2557.1742248535156,1300.0,2676.5235900878906,6.271588790696114e-05,Hemiptera
2045,2834.61572265625,2829.908935546875,2955.0830078125,2914.45703125,6.247907731449232e-05,Hemiptera
2046,4593.966644287109,1031.578353881836,4608.0,1134.6207580566406,6.221877265488729e-05,Hemiptera
2047,1612.6202697753906,593.4385375976562,1757.2689361572266,756.8132934570312,6.200908683240414e-05,Hemiptera
2048,3200.0,2862.9195251464844,3257.082321166992,2899.9810180664062,6.167094397824258e-05,Hemiptera
2049,2474.4088134765625,2000.0,2499.896514892578,2039.9671669006348,6.146440136944875e-05,Hemiptera
2050,3191.2781372070312,1269.0299072265625,3272.597442626953,1300.0,6.0838734498247504e-05,Hemiptera
2051,2206.7461547851562,1200.0,2448.9732093811035,1244.1689949035645,6.066516652936116e-05,Hemiptera
2052,0.0,1552.598876953125,66.0329818725586,2284.3909606933594,6.0550326452357695e-05,Hemiptera
2053,1285.1347961425781,2263.9603576660156,1300.0,2392.5609130859375,6.047478746040724e-05,Hemiptera
2054,2847.5248413085938,445.5261688232422,2900.0,529.6277008056641,6.029208088875748e-05,Hemiptera
2055,3287.6752319335938,497.17893981933594,3300.0,600.111572265625,5.978687113383785e-05,Hemiptera
2056,2093.3697204589844,2890.5317459106445,2107.272789001465,2947.2254333496094,5.972003054921515e-05,Hemiptera
2057,2000.0,1275.0900268554688,2329.0241088867188,1300.0,5.9240395785309374e-05,Hemiptera
2058,892.531494140625,1365.7161712646484,900.0,1463.1346740722656,5.922926720813848e-05,Hemiptera
2059,3599.6958618164062,2000.2933740615845,3716.0812606811523,2111.4214630126953,5.885395148652606e-05,Hemiptera
2060,3273.247589111328,2800.043885409832,3299.735870361328,2816.4078636169434,5.855836207047105e-05,Hemiptera
2061,3200.0,1834.7832641601562,3242.7643280029297,2072.9869995117188,5.851158493896946e-05,Hemiptera
2062,2798.4020385742188,2000.0,2873.0867767333984,2005.7320504188538,5.84031586186029e-05,Hemiptera
2063,4085.9668579101562,1866.0579223632812,4100.0,1993.3850708007812,5.711543417419307e-05,Hemiptera
2064,1600.0,3243.2657165527344,1747.655990600586,3300.0,5.7070956245297566e-05,Hemiptera
2065,4600.682830810547,2675.7472229003906,4608.0,2830.7483520507812,5.690432953997515e-05,Hemiptera
2066,4000.0,1732.0972747802734,4021.2986183166504,2040.9802551269531,5.6872377172112465e-05,Hemiptera
2067,400.0,467.8047180175781,435.5071716308594,805.051025390625,5.563474041991867e-05,Hemiptera
2068,2000.0,508.0759506225586,2029.8335399627686,865.85693359375,5.530123962671496e-05,Hemiptera
2069,2400.0,1535.7548828125,2439.822353363037,1700.0,5.5106243962654844e-05,Hemiptera
2070,2691.1685485839844,2086.839874267578,2776.840301513672,2099.9078674316406,5.5063010222511366e-05,Hemiptera
2071,3699.624755859375,2105.646728515625,3750.364013671875,2196.740234375,5.468775634653866e-05,Hemiptera
2072,2739.891387939453,1600.0,2878.493453979492,1726.5249938964844,5.463968773256056e-05,Hemiptera
2073,2883.2796936035156,961.3462677001953,2900.0,1022.7294464111328,5.319551928550936e-05,Hemiptera
2074,800.0,0.0,836.0209579467773,316.0887145996094,5.306100501911715e-05,Hemiptera
2075,0.0,0.0,427.3857421875,249.4010467529297,5.303384023136459e-05,Hemiptera
2076,2800.0,1600.121283531189,2816.163167953491,1733.2905578613281,5.301022974890657e-05,Hemiptera
2077,2800.0,843.2365417480469,2827.066219329834,1188.9313354492188,5.278162279864773e-05,Hemiptera
2078,0.0,2929.930160522461,66.8136978149414,3097.189483642578,5.2711806347360834e-05,Hemiptera
2079,2000.0,2881.0397033691406,2069.754364013672,2899.9574279785156,5.238028461462818e-05,Hemiptera
2080,800.0,1215.8388137817383,818.3959865570068,1463.6087036132812,5.231035174801946e-05,Hemiptera
2081,1298.84619140625,2905.243408203125,1594.5196533203125,3018.094970703125,5.2262683311710134e-05,Hemiptera
2082,3642.815216064453,2000.0,3700.0,2065.616165161133,5.208421862334944e-05,Hemiptera
2083,1899.3720397949219,2671.4436950683594,1924.7998962402344,2685.995574951172,5.2072544349357486e-05,Hemiptera
2084,2894.242950439453,3426.4888305664062,2961.437728881836,3455.8328247070312,5.2032042731298134e-05,Hemiptera
2085,2000.0,87.99797058105469,2018.6014213562012,179.7548065185547,5.1805429393425584e-05,Hemiptera
2086,790.8165283203125,883.6898803710938,875.4810180664062,900.0,5.167566268937662e-05,Hemiptera
2087,1600.0042967498302,3373.4471740722656,1619.5503387451172,3456.0,5.1406954298727214e-05,Hemiptera
2088,4595.168121337891,3196.408660888672,4608.0,3341.231201171875,5.1360155339352787e-05,Hemiptera
2089,2474.534782409668,473.909423828125,2584.782455444336,500.0,5.1180915761506185e-05,Hemiptera
2090,766.0239562988281,1648.7292785644531,850.6762161254883,1712.7672653198242,5.107823380967602e-05,Hemiptera
2091,800.0,395.2953186035156,843.007682800293,763.4219970703125,5.081142080598511e-05,Hemiptera
2092,800.0,2473.6980590820312,900.0,2500.0,5.077397509012371e-05,Hemiptera
2093,1286.3164978027344,1828.551010131836,1300.0,1994.1594543457031,5.0722097512334585e-05,Hemiptera
2094,477.37288665771484,1685.1372680664062,685.07763671875,1700.0,5.0336180720478296e-05,Hemiptera
2095,2860.1547241210938,2452.7854919433594,2900.0,2500.0,5.016720751882531e-05,Hemiptera
2096,2800.0,2400.0,2826.972925186157,2604.380081176758,5.00275164085906e-05,Hemiptera
2097,882.3352661132812,1048.8654174804688,900.0,1191.2054443359375,4.9857964768307284e-05,Hemiptera
2098,4108.0,3310.486846923828,4148.8402099609375,3456.0,4.96555476274807e-05,Hemiptera
2099,2000.0,2237.5579833984375,2016.3830661773682,2488.7457885742188,4.9623031372902915e-05,Hemiptera
2100,4594.887451171875,3334.449981689453,4608.0,3427.3975830078125,4.948527566739358e-05,Hemiptera
2101,1200.0,2925.789306640625,1217.4416522979736,3207.4566192626953,4.937233461532742e-05,Hemiptera
2102,3200.0025421380997,0.0,3269.3399047851562,95.08120727539062,4.9324189603794366e-05,Hemiptera
2103,840.1237487792969,2368.893829345703,900.0,2468.2320709228516,4.905222522211261e-05,Hemiptera
2104,2886.020233154297,496.2148666381836,2900.0,618.52587890625,4.8652371333446354e-05,Hemiptera
2105,4092.406463623047,31.551027297973633,4100.0,177.44662475585938,4.8433925257995725e-05,Hemiptera
2106,1256.9751586914062,164.3533935546875,1300.0,276.3893737792969,4.8402613174403086e-05,Hemiptera
2107,2880.5809936523438,712.3154296875,2900.0,802.2078857421875,4.832296690437943e-05,Hemiptera
2108,855.255615234375,1200.0,899.9312438964844,1244.3723449707031,4.807806544704363e-05,Hemiptera
2109,2000.0,2484.686897277832,2021.3761653900146,2883.4524536132812,4.7861049097264186e-05,Hemiptera
2110,933.9120330810547,2879.22021484375,1181.7462158203125,2900.0,4.749576692120172e-05,Hemiptera
2111,4168.6898193359375,2065.076385498047,4439.230072021484,2100.0,4.73303698527161e-05,Hemiptera
2112,2493.1024169921875,776.1358642578125,2500.0,896.3941650390625,4.718449054053053e-05,Hemiptera
2113,3600.0,400.0,3637.443099975586,613.7729187011719,4.672405339078978e-05,Hemiptera
2114,3250.1163024902344,2044.1976623535156,3300.0,2099.9698486328125,4.6654193283757195e-05,Hemiptera
2115,1600.0,585.8022766113281,1629.1505603790283,765.5738830566406,4.6451797970803455e-05,Hemiptera
2116,3294.2960815429688,957.1625671386719,3300.0,1056.8544006347656,4.630580224329606e-05,Hemiptera
2117,1207.8415870666504,2452.855255126953,1325.6972351074219,2500.0,4.628509486792609e-05,Hemiptera
2118,3682.696044921875,2800.0,3699.9141845703125,2831.573497772217,4.621373591362499e-05,Hemiptera
2119,2086.904327392578,2493.1356201171875,2100.0,2622.1353302001953,4.6213026507757604e-05,Hemiptera
2120,1417.6312866210938,3195.075714111328,1479.2475280761719,3232.915008544922,4.612128032022156e-05,Hemiptera
2121,2000.0,2861.9680404663086,2030.2947311401367,3216.2320556640625,4.61180716229137e-05,Hemiptera
2122,127.71279907226562,3286.8201293945312,218.93841552734375,3300.0,4.568350414047018e-05,Hemiptera
2123,1281.7455444335938,400.16043335199356,1299.9287719726562,419.38603019714355,4.55872796010226e-05,Hemiptera
2124,2000.0,383.844482421875,2015.092411994934,612.1703186035156,4.519708818406798e-05,Hemiptera
2125,1600.0,993.4109802246094,1632.4153137207031,1115.6292419433594,4.4937205530004576e-05,Hemiptera
2126,2800.0,851.5937881469727,2814.750554084778,1004.7137298583984,4.48206665168982e-05,Hemiptera
2127,2493.4877319335938,3069.681640625,2500.0,3213.6553344726562,4.445513695827685e-05,Hemiptera
2128,2800.01667663455,1600.0,2818.6084938049316,1652.012050628662,4.414336945046671e-05,Hemiptera
2129,2487.8323669433594,1495.2513122558594,2500.0,1608.9645385742188,4.4035521568730474e-05,Hemiptera
2130,400.0,2039.276840209961,415.84920024871826,2309.4197387695312,4.391566835693084e-05,Hemiptera
2131,4081.0252227783203,3185.8156127929688,4271.796813964844,3300.0,4.3844618630828336e-05,Hemiptera
2132,2400.0,2069.7681884765625,2493.161834716797,2100.0,4.3796560930786654e-05,Hemiptera
2133,800.0065624713898,1602.4374961853027,808.7175664901733,1700.1459579467773,4.3730324250645936e-05,Hemiptera
2134,0.0,2700.7410583496094,15.252195358276367,2846.8662719726562,4.357633588369936e-05,Hemiptera
2135,3808.443313598633,2077.2153930664062,4083.87451171875,2100.0,4.248019104124978e-05,Hemiptera
2136,2660.020263671875,2000.0,2746.492919921875,2006.3117923736572,4.237160464981571e-05,Hemiptera
2137,3286.6229858398438,2552.373077392578,3300.0,2647.8547973632812,4.220473056193441e-05,Hemiptera
2138,4549.048522949219,1600.0,4608.0,1638.4816055297852,4.1901668737409636e-05,Hemiptera
2139,3652.9723205566406,1571.407958984375,3700.0,1696.3780517578125,4.16239163314458e-05,Hemiptera
2140,3675.232696533203,1429.9076538085938,3700.0,1566.9877624511719,4.003913272754289e-05,Hemiptera
2141,3681.9278564453125,1600.0243350863457,3699.7199096679688,1620.8698062896729,3.991439371020533e-05,Hemiptera
2142,3199.479736328125,3443.0675048828125,3296.055694580078,3456.0,3.990537516074255e-05,Hemiptera
2143,1646.1579284667969,3436.4863891601562,1699.9386901855469,3456.0,3.981851114076562e-05,Hemiptera
2144,2041.3022270202637,1328.2090759277344,2081.4365615844727,1356.373779296875,3.948601442971267e-05,Hemiptera
2145,0.0,3305.773651123047,28.819808959960938,3435.4132080078125,3.915551496902481e-05,Hemiptera
2146,1200.0,1109.0328979492188,1239.8839645385742,1335.6297912597656,3.912352622137405e-05,Hemiptera
2147,1674.1898498535156,2179.8737182617188,1700.0,2304.447998046875,3.894712062901817e-05,Hemiptera
2148,1250.7709350585938,3189.920913696289,1300.0,3263.123321533203,3.859439311781898e-05,Hemiptera
2149,492.5664367675781,2450.3683433532715,500.0,2550.436309814453,3.807535540545359e-05,Hemiptera
2150,1673.1192474365234,1325.5377807617188,1715.404167175293,1418.1601257324219,3.806366657954641e-05,Hemiptera
2151,1901.6221618652344,3417.9600219726562,2100.0,3456.0,3.796839155256748e-05,Hemiptera
2152,2400.0,899.2142562866211,2420.97066116333,1156.3734130859375,3.796201781369746e-05,Hemiptera
2153,2487.0250854492188,2199.0030212402344,2500.0,2303.0098571777344,3.79431621695403e-05,Hemiptera
2154,449.40338134765625,3229.756134033203,500.0,3348.1348571777344,3.790215487242676e-05,Hemiptera
2155,1661.0475463867188,400.0,1700.0,452.98354721069336,3.765033761737868e-05,Hemiptera
2156,4094.0149841308594,279.45709228515625,4100.0,371.2191467285156,3.740647662198171e-05,Hemiptera
2157,2790.007080078125,2481.7677612304688,2962.5625915527344,2500.0,3.7183835956966504e-05,Hemiptera
2158,2094.14013671875,1430.1751098632812,2100.0,1501.7323913574219,3.718117295647971e-05,Hemiptera
2159,4000.0,2023.7860717773438,4077.8508682250977,2100.0,3.7146408430999145e-05,Hemiptera
2160,2492.9212646484375,83.77251434326172,2500.0,180.11119079589844,3.694394399644807e-05,Hemiptera
2161,1600.0,2814.350700378418,1624.4908657073975,3220.0003051757812,3.6463443393586203e-05,Hemiptera
2162,697.0597229003906,1687.3458862304688,814.0279846191406,1700.0,3.618169648689218e-05,Hemiptera
2163,834.012866973877,2332.9883728027344,906.902946472168,2399.7618408203125,3.611853753682226e-05,Hemiptera
2164,1007.5187683105469,2874.4280700683594,1103.5868530273438,2900.0,3.610421117627993e-05,Hemiptera
2165,1600.0,1728.3795318603516,1620.1745204925537,1978.271240234375,3.5739758459385484e-05,Hemiptera
2166,4108.0,1840.0048217773438,4115.28529548645,1984.9635009765625,3.5656998079502955e-05,Hemiptera
2167,2343.725860595703,2487.071746826172,2457.1302490234375,2499.9371643066406,3.524327985360287e-05,Hemiptera
2168,4583.196472167969,2292.8283081054688,4608.0,2407.3748474121094,3.4910048270830885e-05,Hemiptera
2169,1285.7587890625,1330.6084594726562,1300.0,1481.890380859375,3.4857483115047216e-05,Hemiptera
2170,4000.0,319.4048156738281,4020.3172874450684,573.0167694091797,3.484123226371594e-05,Hemiptera
2171,1002.8670349121094,1218.257122039795,1050.1894989013672,1238.3018684387207,3.4824923204723746e-05,Hemiptera
2172,4445.093933105469,1288.6878967285156,4499.977783203125,1300.0,3.469531293376349e-05,Hemiptera
2173,4471.2740478515625,2673.994598388672,4500.0,2800.1038208007812,3.466789348749444e-05,Hemiptera
2174,3101.6571655273438,2073.4049682617188,3239.820281982422,2100.0,3.432782250456512e-05,Hemiptera
2175,1600.0,2299.5902099609375,1667.684555053711,2499.905487060547,3.417443440412171e-05,Hemiptera
2176,3656.64066696167,1285.691162109375,3787.0003967285156,1300.0,3.4069817047566175e-05,Hemiptera
2177,643.4930267333984,1279.4938049316406,779.689453125,1300.0,3.402098809601739e-05,Hemiptera
2178,1293.109619140625,3099.323944091797,1300.0,3192.935501098633,3.4018328733509406e-05,Hemiptera
2179,873.0236206054688,1642.1823272705078,900.0,1700.0107727050781,3.384304727660492e-05,Hemiptera
2180,1600.046768784523,673.5831604003906,1617.7494316101074,770.6919555664062,3.3683088986435905e-05,Hemiptera
2181,1284.9476928710938,2716.7437438964844,1300.0,2821.446563720703,3.3570882806088775e-05,Hemiptera
2182,2081.124542236328,766.8745422363281,2100.0,852.9182319641113,3.341868068673648e-05,Hemiptera
2183,127.53239440917969,1869.41357421875,261.2758483886719,2024.17529296875,3.333051790832542e-05,Hemiptera
2184,4600.893280029297,865.2191848754883,4608.0,967.4032897949219,3.3317774068564177e-05,Hemiptera
2185,1017.7112579345703,400,1217.917724609375,430.78039932250977,3.325079887872562e-05,Hemiptera
2186,2839.142463684082,1286.9017639160156,2916.3223266601562,1299.9895935058594,3.3166117646032944e-05,Hemiptera
2187,1266.1988830566406,1059.6797485351562,1300.0,1151.95947265625,3.3108699426520616e-05,Hemiptera
2188,4597.217193603516,319.54296875,4608.0,444.0884704589844,3.28861569869332e-05,Hemiptera
2189,1986.3345947265625,2487.4805297851562,2056.112819671631,2499.9625244140625,3.282634497736581e-05,Hemiptera
2190,3999.774932861328,3428.0797424316406,4086.917549133301,3456.0,3.264518454670906e-05,Hemiptera
2191,2000.0,2800.0,2020.6726531982422,3068.14404296875,3.2625761377858e-05,Hemiptera
2192,2242.248062133789,1677.8790588378906,2383.8597412109375,1700.0,3.2312440453097224e-05,Hemiptera
2193,2377.6292724609375,863.5167236328125,2467.6739196777344,900.0,3.218622805434279e-05,Hemiptera
2194,1200.0019542872906,2871.2491912841797,1206.4749212265015,2968.6730194091797,3.2183557777898386e-05,Hemiptera
2195,803.9910278320312,2000.0,900.0,2074.404167175293,3.215619290131144e-05,Hemiptera
2196,2909.686492919922,886.9523010253906,3025.444107055664,900.0,3.202704101568088e-05,Hemiptera
2197,800.2776145935059,891.1101837158203,821.5847225189209,955.7308959960938,3.200508945155889e-05,Hemiptera
2198,3420.7601776123047,3288.7843627929688,3527.852783203125,3299.6250610351562,3.18999336741399e-05,Hemiptera
2199,173.32470703125,276.2948913574219,207.81639099121094,290.5276184082031,3.188910341123119e-05,Hemiptera
2200,1285.4463653564453,1287.296875,1394.0472412109375,1300.0,3.184251909260638e-05,Hemiptera
2201,3249.917793273926,2083.1117553710938,3339.6680908203125,2099.9872131347656,3.174443554598838e-05,Hemiptera
2202,4466.644287109375,1171.2449951171875,4500.0,1248.3612060546875,3.171338903484866e-05,Hemiptera
2203,44.75360107421875,1286.5813293457031,147.01144409179688,1299.969970703125,3.16945843223948e-05,Hemiptera
2204,1713.7023239135742,486.0233154296875,1851.9964752197266,500.0,3.165404996252619e-05,Hemiptera
2205,1791.9367980957031,485.60369873046875,1903.1667785644531,499.9385986328125,3.159463813062757e-05,Hemiptera
2206,2050.8365478515625,2021.9544372558594,2100.0,2118.035743713379,3.1486055377172306e-05,Hemiptera
2207,1255.0952758789062,2076.083839416504,1300.0,2202.128128051758,3.146000381093472e-05,Hemiptera
2208,1294.5390930175781,1685.711181640625,1397.8157501220703,1700.0,3.139310865662992e-05,Hemiptera
2209,3781.4393920898438,2083.2774047851562,3941.764892578125,2100.0,3.137108069495298e-05,Hemiptera
2210,3683.2843627929688,1807.182357788086,3700.0,1940.9933471679688,3.136671512038447e-05,Hemiptera
2211,2800.014701485634,1921.6052856445312,2808.1664819717407,2043.9508056640625,3.1280622351914644e-05,Hemiptera
2212,3600.0,3406.1788940429688,3665.5589599609375,3455.977294921875,3.11666117340792e-05,Hemiptera
2213,2777.9756469726562,2886.735595703125,2826.6265869140625,2899.829620361328,3.095373176620342e-05,Hemiptera
2214,1600.0,1633.129737854004,1637.8291625976562,1719.4190063476562,3.09265851683449e-05,Hemiptera
2215,3600.0,0.919651985168457,3615.864016532898,169.74844360351562,3.061965253436938e-05,Hemiptera
2216,737.3830871582031,1688.3374328613281,827.5474548339844,1700.0,3.0617316951975226e-05,Hemiptera
2217,4108.0,3444.027587890625,4254.783248901367,3456.0,3.060876042582095e-05,Hemiptera
2218,4108.0,2000.0,4138.017412185669,2271.162078857422,3.055725755984895e-05,Hemiptera
2219,0,401.7792663574219,80.7742919921875,499.88623046875,3.0499260901706293e-05,Hemiptera
2220,800,2478.8118286132812,854.7145385742188,2499.941436767578,3.049841870961245e-05,Hemiptera
2221,1961.4987487792969,486.8703918457031,2095.1793212890625,500.0,3.0401546609937213e-05,Hemiptera
2222,1675.1954956054688,450.7811050415039,1700.0,619.6361541748047,3.0394616260309704e-05,Hemiptera
2223,2247.175552368164,1200.0,2339.5540161132812,1230.474105834961,3.0226705348468386e-05,Hemiptera
2224,2487.6331787109375,613.3204040527344,2500.0,717.7613830566406,3.0142655305098742e-05,Hemiptera
2225,2113.2470626831055,879.3425903320312,2274.430450439453,900.0,3.0092620363575406e-05,Hemiptera
2226,1200.0,31.570220947265625,1219.3432788848877,310.40228271484375,3.0053502996452153e-05,Hemiptera
2227,2800.0,1058.4649963378906,2820.1730346679688,1300.0,3.0024595616851002e-05,Hemiptera
2228,3020.3412475585938,484.41162109375,3129.8695068359375,500.0,3.000164360855706e-05,Hemiptera
2229,1679.1045532226562,320.6067199707031,1700.0,430.53656005859375,2.9973902201163583e-05,Hemiptera
2230,2892.610076904297,2333.021270751953,2900.0,2426.9747619628906,2.997224328282755e-05,Hemiptera
2231,3693.8741760253906,3365.478759765625,3700.0,3456.0,2.995181239384692e-05,Hemiptera
2232,400.0,259.08447265625,425.0811367034912,385.29571533203125,2.982796104333829e-05,Hemiptera
2233,1292.9614868164062,2626.9052734375,1300.0,2749.0819091796875,2.97986225632485e-05,Hemiptera
2234,4571.4205322265625,2478.912094116211,4608.0,2593.1561737060547,2.9504488338716328e-05,Hemiptera
2235,4492.5062255859375,3073.6094284057617,4500.0,3236.6253967285156,2.9360915505094454e-05,Hemiptera
2236,3528.3338012695312,1232.8424797058105,3636.2394409179688,1336.4561309814453,2.93418561341241e-05,Hemiptera
2237,3920.036865234375,473.93836975097656,4219.02587890625,737.7193603515625,2.926006527559366e-05,Hemiptera
2238,1251.2828369140625,2000.0,1299.9792175292969,2039.5818367004395,2.9136046578059904e-05,Hemiptera
2239,2850.310791015625,1815.2729949951172,2900.0,1920.4831237792969,2.9041313609923236e-05,Hemiptera
2240,800.0,1330.4353637695312,816.9684829711914,1483.9085693359375,2.8948463295819238e-05,Hemiptera
2241,2368.2745361328125,1200.009173899889,2446.1361083984375,1209.6067991256714,2.8825103072449565e-05,Hemiptera
2242,2087.2443237304688,377.6929931640625,2100.0,491.9775695800781,2.8751992431352846e-05,Hemiptera
2243,846.4179039001465,3194.633819580078,946.66748046875,3244.3917236328125,2.866971590265166e-05,Hemiptera
2244,2765.9378051757812,460.50213623046875,2849.162353515625,499.9750671386719,2.862242763512768e-05,Hemiptera
2245,4597.880554199219,2041.5288200378418,4608.0,2149.699478149414,2.8562904844875447e-05,Hemiptera
2246,2081.9896850585938,495.98863220214844,2100.0,618.4585113525391,2.8449354431359097e-05,Hemiptera
2247,1588.1866149902344,2886.5716552734375,1694.1136474609375,2900.0,2.8369728170218877e-05,Hemiptera
2248,1692.647216796875,1456.6060180664062,1700.0,1601.4069213867188,2.8299769837758504e-05,Hemiptera
2249,1292.9729614257812,1438.3496704101562,1300.0,1529.9193725585938,2.8156342523288913e-05,Hemiptera
2250,1670.9857788085938,913.8337860107422,1700.0,1020.3419952392578,2.8124271921114996e-05,Hemiptera
2251,3296.9176330566406,3444.9816284179688,3378.7013092041016,3455.992950439453,2.804451469273772e-05,Hemiptera
2252,1065.1264038085938,0.08025243878364563,1146.5390319824219,21.833938598632812,2.802641574817244e-05,Hemiptera
2253,1507.3650512695312,1284.1685180664062,1698.2514343261719,1300.0,2.797204979287926e-05,Hemiptera
2254,4029.0291748046875,1540.1272888183594,4112.698173522949,1700.0,2.7934009267482907e-05,Hemiptera
2255,400.0,2864.340805053711,420.0900020599365,3154.6410522460938,2.772567495412659e-05,Hemiptera
2256,857.1379089355469,1449.2451171875,900.0,1546.67578125,2.7511490770848468e-05,Hemiptera
2257,2400.0,706.3992004394531,2426.356002807617,803.0985412597656,2.7411344490246847e-05,Hemiptera
2258,3103.998016357422,0.04642419517040253,3158.071533203125,6.151536464691162,2.730594133026898e-05,Hemiptera
2259,2827.544921875,484.0760192871094,2926.731788635254,499.9902648925781,2.713474168558605e-05,Hemiptera
2260,1460.8529663085938,2400.017488002777,1557.4736022949219,2421.7874965667725,2.7118083380628377e-05,Hemiptera
2261,1511.3625183105469,3437.222869873047,1623.7330322265625,3455.9228515625,2.706741724978201e-05,Hemiptera
2262,3200.3199994564056,878.8917465209961,3230.064785003662,974.6562957763672,2.699418291740585e-05,Hemiptera
2263,4000.0,1832.3121490478516,4019.0020122528076,2201.400619506836,2.698162461456377e-05,Hemiptera
2264,4579.311187744141,1240.3114318847656,4608.0,1299.9708251953125,2.651945578691084e-05,Hemiptera
2265,800.0,1200.0,846.8185195922852,1311.2470626831055,2.6407607947476208e-05,Hemiptera
2266,3100.4190979003906,2886.8761596679688,3199.2666625976562,2899.5455627441406,2.6378538677818142e-05,Hemiptera
2267,2493.1091918945312,1269.0455169677734,2500.0,1424.4505462646484,2.62034845945891e-05,Hemiptera
2268,2457.0611724853516,1247.1059875488281,2526.062080383301,1300.0,2.6160114430240355e-05,Hemiptera
2269,2660.178955078125,3222.8429565429688,2777.2132873535156,3252.065673828125,2.5981427825172432e-05,Hemiptera
2270,2848.4771118164062,848.4786071777344,2904.995964050293,900.0,2.5959359845728613e-05,Hemiptera
2271,3693.76611328125,3075.080352783203,3700.0,3191.0852966308594,2.594337274786085e-05,Hemiptera
2272,838.28515625,3403.7304077148438,900.0,3456.0,2.5935136363841593e-05,Hemiptera
2273,2894.0850219726562,423.39792251586914,2900.0,503.4588317871094,2.577786654001102e-05,Hemiptera
2274,4000.0,1280.7745056152344,4120.038963317871,1299.9916687011719,2.5672645278973505e-05,Hemiptera
2275,2681.08154296875,2488.1707153320312,2763.664337158203,2500.0,2.559652057243511e-05,Hemiptera
2276,893.2071228027344,1164.8450927734375,900.0,1269.0060577392578,2.5556713808327913e-05,Hemiptera
2277,2485.0790405273438,852.0086364746094,2500.0,900.0,2.5440142053412274e-05,Hemiptera
2278,2471.7020874023438,2400.0,2499.9501342773438,2457.5366249084473,2.5391251256223768e-05,Hemiptera
2279,39.86875915527344,1200.148456543684,105.79791259765625,1207.6546659469604,2.5257024390157312e-05,Hemiptera
2280,2127.411018371582,481.97802734375,2386.9219665527344,499.9983825683594,2.50324828812154e-05,Hemiptera
2281,1200.0,1337.5304718017578,1249.4375839233398,1644.4073791503906,2.4980903617688455e-05,Hemiptera
2282,870.7522277832031,324.04107666015625,899.9271240234375,367.72833251953125,2.4962302632047795e-05,Hemiptera
2283,592.8200225830078,1276.3921813964844,691.7040710449219,1300.0,2.4912718799896538e-05,Hemiptera
2284,884.0238037109375,72.71855163574219,900.0,154.64520263671875,2.4904498786781915e-05,Hemiptera
2285,493.3965759277344,2800.0,500.0,2908.0310821533203,2.4767459763097577e-05,Hemiptera
2286,3292.9217834472656,3400.731414794922,3300.0,3455.5676879882812,2.4677443434484303e-05,Hemiptera
2287,2511.686538696289,2087.006103515625,2605.9151458740234,2100.0,2.4674691303516738e-05,Hemiptera
2288,1600.0,374.84844970703125,1615.9909963607788,490.6288146972656,2.4551905880798586e-05,Hemiptera
2289,1681.9671630859375,2488.746406555176,1700.0,2579.5110473632812,2.450133797538001e-05,Hemiptera
2290,3293.3998107910156,806.8309936523438,3300.0,927.2158126831055,2.4462464352836832e-05,Hemiptera
2291,400.0,643.2718200683594,430.42356300354004,811.9156799316406,2.4326578568434343e-05,Hemiptera
2292,3600.0079095363617,0.040844082832336426,3629.6900157928467,17.775266647338867,2.4317141651408747e-05,Hemiptera
2293,3021.7303771972656,1275.6842651367188,3108.3218688964844,1300.0,2.4298640710185282e-05,Hemiptera
2294,3679.417510986328,1684.9991760253906,3799.559051513672,1700.0,2.426909122732468e-05,Hemiptera
2295,2141.8192596435547,3226.842010498047,2259.5778198242188,3263.0972290039062,2.4268791094073094e-05,Hemiptera
2296,800.0304669141769,3166.9815673828125,864.3311233520508,3246.3516845703125,2.4253637093352154e-05,Hemiptera
2297,1041.5416717529297,1154.7438049316406,1088.0288696289062,1185.3086853027344,2.42430924117798e-05,Hemiptera
2298,4055.7916221618652,1286.110107421875,4166.2841796875,1299.9707336425781,2.422649777145125e-05,Hemiptera
2299,3466.4832458496094,1686.2417297363281,3539.9671936035156,1699.7995300292969,2.4086524717858993e-05,Hemiptera
2300,800.0,3372.9815979003906,830.2707614898682,3456.0,2.4081495212158188e-05,Hemiptera
2301,857.9193115234375,600.9990234375,900.0,744.332275390625,2.407495048828423e-05,Hemiptera
2302,1200.0,2728.5010375976562,1232.9508590698242,2832.6651611328125,2.4030796339502558e-05,Hemiptera
2303,2016.4460144042969,3184.9147338867188,2057.9315185546875,3207.4454345703125,2.4026856408454478e-05,Hemiptera
2304,2400.0,2940.878875732422,2420.8077869415283,3208.00830078125,2.3997954485821538e-05,Hemiptera
2305,2800.0,1655.5159606933594,2835.864284515381,1700.0,2.384190338489134e-05,Hemiptera
2306,3517.7798767089844,1686.810791015625,3586.9815979003906,1699.8983459472656,2.3686958229518496e-05,Hemiptera
2307,842.58447265625,2477.646682739258,900.0,2634.0293884277344,2.3572347345179878e-05,Hemiptera
2308,3600.0,1802.9882507324219,3637.554843902588,2066.5050659179688,2.34212311625015e-05,Hemiptera
2309,400.2760738134384,489.0960006713867,438.16925048828125,565.4272613525391,2.3318152670981362e-05,Hemiptera
2310,884.0874633789062,2339.040557861328,900.0,2423.6981506347656,2.3270082238013856e-05,Hemiptera
2311,887.1338806152344,1484.3589172363281,900.0,1609.2383422851562,2.3233895262819715e-05,Hemiptera
2312,1126.4452819824219,3288.6396484375,1227.3400268554688,3300.0,2.32118800340686e-05,Hemiptera
2313,1200.0040218234062,2617.9442443847656,1207.3043184280396,2715.73046875,2.320844760106411e-05,Hemiptera
2314,1291.7932434082031,326.4311828613281,1300.0,465.0141296386719,2.3113849238143303e-05,Hemiptera
2315,3649.983238220215,2071.286590576172,3763.0140380859375,2100.0,2.3103601051843725e-05,Hemiptera
2316,4000.0,1914.9984436035156,4028.945499420166,2007.0237121582031,2.3066881112754345e-05,Hemiptera
2317,3600,1576.5181579589844,3607.0823154449463,1670.0695190429688,2.2970751160755754e-05,Hemiptera
2318,1305.9853515625,2070.8717346191406,1577.5059814453125,2100.0,2.2970161808189005e-05,Hemiptera
2319,3288.015838623047,648.8027648925781,3300.0,778.5722351074219,2.2966918550082482e-05,Hemiptera
2320,1408.199935913086,2430.3980827331543,1553.7905578613281,2525.628662109375,2.2943102521821856e-05,Hemiptera
2321,2400.0059075653553,2167.0685272216797,2405.9106121063232,2248.555938720703,2.2749673007638194e-05,Hemiptera
2322,4000.0359684228897,0.03496110439300537,4028.622007369995,23.014514923095703,2.2695498046232387e-05,Hemiptera
2323,1484.1264343261719,2487.625213623047,1575.3951416015625,2500.0,2.2639294911641628e-05,Hemiptera
2324,2400.0,27.45838165283203,2431.738048553467,345.2557067871094,2.2604886908084154e-05,Hemiptera
2325,3816.573043823242,1285.9539489746094,3904.4874267578125,1299.9991760253906,2.2533837181981653e-05,Hemiptera
2326,4601.562683105469,2351.9443969726562,4608.0,2434.2649841308594,2.2510168491862714e-05,Hemiptera
2327,2400.0,2250.5970916748047,2405.7315640449524,2353.5570068359375,2.2476877347799018e-05,Hemiptera
2328,2099.5439071655273,1686.6924743652344,2181.4605712890625,1699.9089660644531,2.2434323909692466e-05,Hemiptera
2329,2432.7081336975098,1646.7137756347656,2516.6036376953125,1700.0,2.238715569546912e-05,Hemiptera
2330,1280.4044799804688,2338.2845764160156,1300.0,2443.9612426757812,2.237838452856522e-05,Hemiptera
2331,2068.4976501464844,1574.9512634277344,2099.992462158203,1676.7149963378906,2.232185761386063e-05,Hemiptera
2332,1241.7631225585938,1676.0716552734375,1349.0643005371094,1700.0,2.2225740394787863e-05,Hemiptera
2333,3678.1412963867188,3149.8084411621094,3700.0,3369.984588623047,2.218906047346536e-05,Hemiptera
2334,1600.0032022595406,285.94012451171875,1607.6451711654663,374.6994934082031,2.218398185505066e-05,Hemiptera
2335,2400.0,3136.1446838378906,2433.9851989746094,3375.991973876953,2.2158252249937505e-05,Hemiptera
2336,2493.442626953125,2337.1485595703125,2500.0,2425.1870727539062,2.2118243578006513e-05,Hemiptera
2337,3811.4451904296875,1682.0139465332031,4043.480438232422,1699.98779296875,2.2099206034909002e-05,Hemiptera
2338,4143.412200927734,1538.9863891601562,4185.619232177734,1599.2447509765625,2.2083129806560464e-05,Hemiptera
2339,4592.355438232422,2998.6273803710938,4608.0,3099.6959228515625,2.2025458747521043e-05,Hemiptera
2340,384.01312255859375,2932.7234954833984,797.3341674804688,3188.4913635253906,2.1963289327686653e-05,Hemiptera
2341,2484.3938903808594,3010.3406372070312,2500.0,3154.718017578125,2.1940390070085414e-05,Hemiptera
2342,1200.0,461.86656951904297,1207.0038900375366,621.2665252685547,2.192829742853064e-05,Hemiptera
2343,3294.4612426757812,3134.2301025390625,3300.0,3210.32958984375,2.1838101019966416e-05,Hemiptera
2344,704.9717407226562,2800,800.4323120117188,2807.954620361328,2.1787864170619287e-05,Hemiptera
2345,800.0,1075.912109375,832.8808631896973,1174.2383117675781,2.178657814511098e-05,Hemiptera
2346,2891.292999267578,2198.771286010742,2900.0,2316.412872314453,2.1745147023466416e-05,Hemiptera
2347,2886.0266723632812,2486.666015625,2989.383819580078,2500.0,2.1736581402365118e-05,Hemiptera
2348,800.0,619.8348541259766,807.770571231842,734.4994506835938,2.1716276023653336e-05,Hemiptera
2349,2493.515625,2540.176223754883,2500.0,2630.2943267822266,2.1665016902261414e-05,Hemiptera
2350,3748.4288635253906,2088.585174560547,3859.6211547851562,2099.9259033203125,2.1658430341631174e-05,Hemiptera
2351,3287.3899841308594,1801.5441131591797,3300.0,1913.37109375,2.1651778297382407e-05,Hemiptera
2352,1474.246826171875,2.270777463912964,1522.3409118652344,17.3398494720459,2.1621510313707404e-05,Hemiptera
2353,2336.2162475585938,3441.1815185546875,2478.5115661621094,3455.8507385253906,2.1589490643236786e-05,Hemiptera
2354,4493.872314453125,3042.6782455444336,4500.0,3158.942626953125,2.1565580027527176e-05,Hemiptera
2355,2687.323516845703,1274.9892501831055,2733.8323974609375,1329.7353820800781,2.147458326362539e-05,Hemiptera
2356,3268.859909057617,3233.6788330078125,3297.134765625,3254.3218994140625,2.134658097929787e-05,Hemiptera
2357,4602.190216064453,1307.055305480957,4608.0,1356.129150390625,2.1247931726975366e-05,Hemiptera
2358,1915.5569458007812,2076.8978271484375,2018.3583679199219,2099.977264404297,2.1229237972875126e-05,Hemiptera
2359,887.0882873535156,224.09353637695312,900.0,341.440673828125,2.1216144887148403e-05,Hemiptera
2360,2597.7534942626953,3211.488067626953,2611.785202026367,3224.0923767089844,2.117077019647695e-05,Hemiptera
2361,1427.939697265625,1683.3372497558594,1574.1727294921875,1700.0,2.115577444783412e-05,Hemiptera
2362,2086.16796875,2832.3290824890137,2100.0,2950.8793182373047,2.1121100871823728e-05,Hemiptera
2363,205.75772094726562,2400.0,440.95147705078125,2448.6114616394043,2.1035009922343306e-05,Hemiptera
2364,3629.0401611328125,3103.6604919433594,3666.8941650390625,3124.5529174804688,2.0993404177716002e-05,Hemiptera
2365,1651.9064025878906,855.8029174804688,1717.4544219970703,899.9800109863281,2.0891946405754425e-05,Hemiptera
2366,4007.9942321777344,3444.35595703125,4094.8883666992188,3455.85107421875,2.0837665942963213e-05,Hemiptera
2367,2000.0,1600.0,2016.7616996765137,1720.7011489868164,2.081847924273461e-05,Hemiptera
2368,2892.8689880371094,2458.505271911621,2900.0,2587.0081481933594,2.081603633996565e-05,Hemiptera
2369,1600.0234603881836,208.91184997558594,1638.699649810791,314.321044921875,2.0814746676478535e-05,Hemiptera
2370,2463.3987350463867,3441.65234375,2546.7845916748047,3455.122802734375,2.072397001029458e-05,Hemiptera
2371,1610.1249694824219,2461.7543334960938,1743.9087371826172,2500.0,2.0707751900772564e-05,Hemiptera
2372,1293.2633361816406,3022.479637145996,1300.0,3143.1507110595703,2.0635738110286184e-05,Hemiptera
2373,879.551025390625,2937.760543823242,900.0,3061.61376953125,2.058226164081134e-05,Hemiptera
2374,2800.0,825.159502029419,2832.7811965942383,950.8201599121094,2.0571957065840252e-05,Hemiptera
2375,1237.1094932556152,1200.0,1314.4111862182617,1214.1189680099487,2.051899537036661e-05,Hemiptera
2376,3293.2601318359375,1093.5724182128906,3300.0,1188.279296875,2.0465548004722223e-05,Hemiptera
2377,2400.0,94.20480346679688,2429.5820293426514,183.15394592285156,2.042666710622143e-05,Hemiptera
2378,2493.2855529785156,2375.678955078125,2500.0,2481.4423294067383,2.027051232289523e-05,Hemiptera
2379,2400.0013887882233,1148.8446655273438,2406.3077630996704,1274.6007995605469,2.023671186179854e-05,Hemiptera
2380,3277.2623901367188,1883.2540588378906,3300.0,1955.470703125,2.0172607037238777e-05,Hemiptera
2381,1243.9613342285156,1652.79931640625,1300.0,1700.0,2.0129771655774675e-05,Hemiptera
2382,1687.8426208496094,2000.0,1700.0,2056.8542823791504,2.0129100448684767e-05,Hemiptera
2383,2024.7558116912842,481.9481506347656,2100.415756225586,500.0,1.9914201402571052e-05,Hemiptera
2384,4032.8569412231445,2061.0150451660156,4120.535041809082,2100.0,1.9748942577280104e-05,Hemiptera
2385,2400.0463366508484,3207.1853637695312,2442.724536895752,3268.1588745117188,1.9675366274896078e-05,Hemiptera
2386,400.0,828.3319244384766,437.8670539855957,1094.5703125,1.9591429008869454e-05,Hemiptera
2387,2101.184799194336,1275.7453002929688,2346.7926635742188,1300.0,1.95393331523519e-05,Hemiptera
2388,800.3640830516815,6.262105941772461,845.6164169311523,85.69143676757812,1.9491801140247844e-05,Hemiptera
2389,846.9415283203125,800.0,900.0,863.3255004882812,1.9456256268313155e-05,Hemiptera
2390,623.7131805419922,1200.0,701.9299011230469,1216.8393993377686,1.9451654225122184e-05,Hemiptera
2391,2000.0000819563866,954.0947418212891,2007.682993888855,1105.6626281738281,1.9408036678214557e-05,Hemiptera
2392,4348.941375732422,982.8633117675781,4379.573394775391,1075.1343383789062,1.931272890942637e-05,Hemiptera
2393,3640.202606201172,2048.330780029297,3699.9476318359375,2100.0,1.922280171129387e-05,Hemiptera
2394,2001.6336143016815,96.58484649658203,2029.8205604553223,141.78805541992188,1.9194574633729644e-05,Hemiptera
2395,226.90530395507812,2956.0,319.791015625,2965.293932914734,1.9179569790139794e-05,Hemiptera
2396,2058.404815673828,2471.6450805664062,2099.951171875,2499.9547424316406,1.899338349176105e-05,Hemiptera
2397,4451.608154296875,1685.6010437011719,4531.145568847656,1700.0,1.8914322936325334e-05,Hemiptera
2398,1743.3242797851562,2873.9544067382812,1857.3265991210938,2899.9752197265625,1.889187842607498e-05,Hemiptera
2399,1200.863802433014,2000.0,1284.0021591186523,2018.5025177001953,1.8882763470173813e-05,Hemiptera
2400,4071.196075439453,3354.84814453125,4100.0,3449.2920532226562,1.885073652374558e-05,Hemiptera
2401,37.69767379760742,3272.7295837402344,122.34566497802734,3299.9736938476562,1.8847933461074717e-05,Hemiptera
2402,1929.3968200683594,3443.3002014160156,2006.8997497558594,3456.0,1.8846116290660575e-05,Hemiptera
2403,3062.7908325195312,864.6359405517578,3183.503662109375,961.107666015625,1.871407039288897e-05,Hemiptera
2404,2458.3541870117188,2877.367645263672,2499.8587646484375,2899.8216247558594,1.8655233361641876e-05,Hemiptera
2405,3008.875030517578,886.1943664550781,3122.8513793945312,900.0,1.8653719962458126e-05,Hemiptera
2406,3660.1983032226562,1216.9447898864746,3700.0,1333.4466247558594,1.850128683145158e-05,Hemiptera
2407,4311.237396240234,377.61724853515625,4359.1461181640625,446.75741958618164,1.844361213443335e-05,Hemiptera
2408,4068.9918518066406,1913.305419921875,4100.0,2041.1323547363281,1.8298602299182676e-05,Hemiptera
2409,3200.0058472156525,2849.2427101135254,3207.763150215149,2964.007598876953,1.8201468265033327e-05,Hemiptera
2410,2891.3848876953125,2024.6845016479492,2900.0,2108.917594909668,1.8079677829518914e-05,Hemiptera
2411,3659.313446044922,3417.197479248047,3699.9583129882812,3456.0,1.7962676793104038e-05,Hemiptera
2412,1001.5771331787109,885.6387939453125,1077.9280700683594,899.7842712402344,1.7954489521798678e-05,Hemiptera
2413,4479.231536865234,1439.4869842529297,4500.0,1525.0611877441406,1.7937427401193418e-05,Hemiptera
2414,1330.1820678710938,1288.0407409667969,1415.1968078613281,1300.0,1.7850670701591298e-05,Hemiptera
2415,1600.0134706497192,1670.5538635253906,1650.7205848693848,1700.0,1.7839012798503973e-05,Hemiptera
2416,880.3840026855469,986.42138671875,900.0,1109.1101989746094,1.751336094457656e-05,Hemiptera
2417,4598.72265625,1573.3161315917969,4608.0,1642.6107749938965,1.7423353710910305e-05,Hemiptera
2418,3692.437744140625,1680.5861206054688,3700.0,1788.148208618164,1.7409583961125463e-05,Hemiptera
2419,3617.933837890625,3441.4920043945312,3735.9408569335938,3456.0,1.738890932756476e-05,Hemiptera
2420,4548.401275634766,3416.8715209960938,4608.0,3456.0,1.7339827536488883e-05,Hemiptera
2421,2000.0191148370504,362.3010559082031,2005.8559951782227,432.1072998046875,1.7321002815151587e-05,Hemiptera
2422,3567.5503845214844,1685.1269226074219,3687.2613830566406,1699.9742126464844,1.726820664771367e-05,Hemiptera
2423,2494.3530883789062,1924.1082153320312,2500.0,2012.4992370605469,1.7230388039024547e-05,Hemiptera
2424,2892.320831298828,2274.177276611328,2900.0,2348.3870849609375,1.718327621347271e-05,Hemiptera
2425,491.37152099609375,2911.1732025146484,500.0,3023.743911743164,1.7159794879262336e-05,Hemiptera
2426,1200.0194810330868,2985.0052795410156,1207.2740263938904,3083.8087158203125,1.7100868717534468e-05,Hemiptera
2427,583.1401977539062,2952.0289001464844,872.1248168945312,3112.58984375,1.702744521026034e-05,Hemiptera
2428,1600.0104248523712,3333.421600341797,1605.707410812378,3422.5655212402344,1.702651752566453e-05,Hemiptera
2429,861.935791015625,429.0215816497803,900.0,538.6694946289062,1.6945103197940625e-05,Hemiptera
2430,2000.0,475.4497528076172,2027.3316345214844,600.8637390136719,1.6926789612625726e-05,Hemiptera
2431,2452.4248046875,0.0,2500.0,72.47628784179688,1.6880347175174393e-05,Hemiptera
2432,800,2662.984375,830.4122695922852,2736.6271362304688,1.6848149243742228e-05,Hemiptera
2433,491.214599609375,2874.8518676757812,500.0,2950.6102294921875,1.6825042621348985e-05,Hemiptera
2434,4108.0,1203.371826171875,4226.964431762695,1300.0,1.677715226833243e-05,Hemiptera
2435,2040.8864974975586,1684.9564514160156,2122.245086669922,1699.5859069824219,1.6768610294093378e-05,Hemiptera
2436,3042.039306640625,3444.5542907714844,3116.7821350097656,3456.0,1.6752434021327645e-05,Hemiptera
2437,3740.788558959961,2889.1363220214844,3816.4546508789062,2899.1134643554688,1.6739866623538546e-05,Hemiptera
2438,3145.0979614257812,487.94427490234375,3234.138671875,500.0,1.6736306861275807e-05,Hemiptera
2439,1667.9619750976562,2841.604248046875,1699.9908447265625,2900.0,1.663632610870991e-05,Hemiptera
2440,4233.231262207031,2400.0,4398.476501464844,2518.645950317383,1.649573641770985e-05,Hemiptera
2441,2094.132049560547,2073.217842102051,2100.0,2135.0138397216797,1.6464053260278888e-05,Hemiptera
2442,2000.0,179.2833251953125,2006.7876205444336,304.39556884765625,1.645416341489181e-05,Hemiptera
2443,1205.8304748535156,2886.7069702148438,1308.1143264770508,2900.0,1.6424848581664264e-05,Hemiptera
2444,2400.0,800.6428718566895,2417.250494003296,959.8734893798828,1.636780689295847e-05,Hemiptera
2445,3200.0,1770.5350952148438,3217.194139480591,2024.6203308105469,1.6348336430382915e-05,Hemiptera
2446,2456.6303100585938,3251.6311645507812,2499.9981994628906,3318.7810974121094,1.6316049368469976e-05,Hemiptera
2447,841.0429992675781,2400,899.9229431152344,2409.440375328064,1.621112460270524e-05,Hemiptera
2448,0.20070374011993408,1769.7693786621094,29.527578353881836,1863.2079162597656,1.6195672287722118e-05,Hemiptera
2449,0.2416670322418213,3021.9774169921875,38.706295013427734,3112.425338745117,1.610979416000191e-05,Hemiptera
2450,1767.8498992919922,886.9259033203125,1887.7953491210938,899.9698486328125,1.6012165360734798e-05,Hemiptera
2451,1682.8539352416992,2487.0123901367188,1773.6055297851562,2500.0,1.5976731447153725e-05,Hemiptera
2452,1686.5341186523438,1352.8297882080078,1700.0,1495.3584594726562,1.5860174244153313e-05,Hemiptera
2453,892.8392028808594,2670.1068420410156,900.0,2759.8654174804688,1.5726684068795294e-05,Hemiptera
2454,914.069938659668,486.49578857421875,1008.1684112548828,499.91339111328125,1.5677105693612248e-05,Hemiptera
2455,848.1211547851562,847.327693939209,900.0,910.5796966552734,1.5670395441702567e-05,Hemiptera
2456,3292.57763671875,1612.590217590332,3300.0,1726.3093490600586,1.562026227475144e-05,Hemiptera
2457,1691.5351867675781,425.38440322875977,1700.0,530.4246673583984,1.559634256409481e-05,Hemiptera
2458,3164.814483642578,881.1716003417969,3299.6050720214844,899.8847961425781,1.5568715753033757e-05,Hemiptera
2459,400.0072941184044,570.0566711425781,439.38652420043945,698.85302734375,1.542266909382306e-05,Hemiptera
2460,892.8659057617188,2405.026865005493,900.0,2489.122772216797,1.5338126104325056e-05,Hemiptera
2461,2491.481689453125,986.356201171875,2500.0,1137.5928955078125,1.5334513591369614e-05,Hemiptera
2462,800.0,2264.443389892578,842.8848419189453,2361.418670654297,1.531701855128631e-05,Hemiptera
2463,893.7850952148438,3024.6375427246094,900.0,3090.827117919922,1.530578992969822e-05,Hemiptera
2464,4214.970642089844,488.078125,4281.899841308594,500.0,1.5299659935408272e-05,Hemiptera
2465,2240.1962280273438,1287.3880310058594,2406.9695434570312,1300.0,1.5197995708149392e-05,Hemiptera
2466,2894.101806640625,978.9205017089844,2900.0,1031.9608154296875,1.5182221432041842e-05,Hemiptera
2467,4492.6435546875,2874.8517532348633,4500.0,3007.224349975586,1.5129970051930286e-05,Hemiptera
2468,190.14688110351562,2272.892333984375,282.8281555175781,2403.809814453125,1.5103344594535884e-05,Hemiptera
2469,1692.8739013671875,2241.831024169922,1700.0,2315.6886596679688,1.5102177712833509e-05,Hemiptera
2470,2826.924041748047,2077.966583251953,2931.381134033203,2099.9862670898438,1.5019591046439018e-05,Hemiptera
2471,1100.9684143066406,1820.0918731689453,1136.7374877929688,1854.458480834961,1.497702396591194e-05,Hemiptera
2472,2111.7421646118164,1286.0082092285156,2182.1455993652344,1299.966064453125,1.4926875337550882e-05,Hemiptera
2473,0.021666288375854492,3286.9105834960938,6.34433126449585,3384.8878479003906,1.4799717064306606e-05,Hemiptera
2474,3373.615997314453,3228.2546997070312,3484.4313049316406,3258.8368530273438,1.4770204870728776e-05,Hemiptera
2475,2000.003507733345,1103.2197875976562,2018.9622974395752,1183.6597900390625,1.4766176718694624e-05,Hemiptera
2476,2880.433837890625,800.0,2899.9225463867188,844.2463989257812,1.4746251508768182e-05,Hemiptera
2477,3600.019807368517,800,3609.4391021728516,878.0561447143555,1.4740023289050441e-05,Hemiptera
2478,0.0,1332.4298858642578,19.818357467651367,1641.2321166992188,1.4685750102216844e-05,Hemiptera
2479,706.09423828125,3227.9535217285156,900.0,3299.7762756347656,1.4582462426915299e-05,Hemiptera
2480,1600.0014558434486,2683.0455932617188,1611.9989337921143,2790.6973266601562,1.4530211046803743e-05,Hemiptera
2481,1293.4063110351562,2152.7701873779297,1300.0,2238.9371948242188,1.4527217899740208e-05,Hemiptera
2482,730.7294311523438,1275.5546569824219,816.69921875,1299.8226318359375,1.4520985132548958e-05,Hemiptera
2483,2524.149085998535,487.37896728515625,2600.3577728271484,499.989990234375,1.4479416677204426e-05,Hemiptera
2484,2083.3677368164062,1265.4127197265625,2123.223175048828,1299.9580383300781,1.4453412404691335e-05,Hemiptera
2485,884.9668579101562,196.8885498046875,900.0,285.23345947265625,1.4247327271732502e-05,Hemiptera
2486,4453.984771728516,3404.733612060547,4500.0,3456.0,1.4190834917826578e-05,Hemiptera
2487,3673.7027740478516,3443.1760864257812,3760.243179321289,3456.0,1.4185004147293512e-05,Hemiptera
2488,0,2885.563995361328,52.075706481933594,2900.0,1.4177348930388689e-05,Hemiptera
2489,2094.03857421875,3106.0999755859375,2100.0,3186.6223754882812,1.41459086080431e-05,Hemiptera
2490,400.0,2808.181619644165,414.79322147369385,2926.7060012817383,1.4105441550782416e-05,Hemiptera
2491,2957.574920654297,887.5635070800781,3066.6674194335938,899.9967651367188,1.3982173186377622e-05,Hemiptera
2492,1034.4380798339844,2486.73876953125,1148.4927368164062,2500.0,1.3949422282166779e-05,Hemiptera
2493,3322.4496841430664,939.6179046630859,3372.626663208008,973.2770538330078,1.394293303746963e-05,Hemiptera
2494,2893.9927978515625,2614.023406982422,2900.0,2673.1829223632812,1.3939211385149974e-05,Hemiptera
2495,3674.449737548828,1802.5739135742188,3699.215118408203,1831.2261047363281,1.3888111425330862e-05,Hemiptera
2496,2687.7886657714844,885.788330078125,2798.2266540527344,899.8815612792969,1.3870559996576048e-05,Hemiptera
2497,4000.013628602028,3191.5311889648438,4041.8162689208984,3266.3522338867188,1.3855633369530551e-05,Hemiptera
2498,2494.146240234375,220.06907653808594,2500.0,314.4880676269531,1.3831883734383155e-05,Hemiptera
2499,2800.0,2136.4524688720703,2829.2620697021484,2373.1414794921875,1.3702743672183715e-05,Hemiptera
2500,3294.1236572265625,3003.113739013672,3300.0,3057.7351837158203,1.3690673767996486e-05,Hemiptera
2501,4296.441177368164,2884.9175415039062,4371.531646728516,2899.9369506835938,1.3688220860785805e-05,Hemiptera
2502,800.0,1282.4891052246094,916.8914794921875,1300.0,1.3655560906045139e-05,Hemiptera
2503,2492.7057189941406,566.9918518066406,2500.0,627.8472900390625,1.3608744666271377e-05,Hemiptera
2504,1285.8643493652344,2452.4547729492188,1300.0,2499.7330627441406,1.35853642859729e-05,Hemiptera
2505,832.9317016601562,468.6348876953125,899.8102722167969,500.0,1.3580066479335073e-05,Hemiptera
2506,1624.955177307129,886.8360595703125,1728.4467468261719,899.651611328125,1.3572079296864104e-05,Hemiptera
2507,4493.8271484375,2088.852119445801,4500.0,2178.717987060547,1.3546876289183274e-05,Hemiptera
2508,3293.6033630371094,0,3300.0,41.741878509521484,1.3529626812669449e-05,Hemiptera
2509,1693.862060546875,1639.3489990234375,1700.0,1747.3159790039062,1.3525086615118198e-05,Hemiptera
2510,4177.226837158203,3442.784454345703,4290.165466308594,3456.0,1.3496675819624215e-05,Hemiptera
2511,2447.454833984375,449.6212158203125,2500.0,500.0,1.3481675523507874e-05,Hemiptera
2512,1293.6709289550781,2206.8399963378906,1300.0,2280.4757690429688,1.3464535186358262e-05,Hemiptera
2513,1667.2926330566406,461.05767822265625,1699.9762878417969,499.831298828125,1.3379402844293509e-05,Hemiptera
2514,2944.4112854003906,1686.2901611328125,3070.452117919922,1699.8896484375,1.3343342288862914e-05,Hemiptera
2515,4385.956298828125,1288.5433349609375,4436.46240234375,1299.8340454101562,1.329807946603978e-05,Hemiptera
2516,4108.186386704445,2055.215545654297,4150.908920288086,2099.956512451172,1.3292740732140373e-05,Hemiptera
2517,1835.367202758789,2886.8672790527344,1977.33935546875,2899.9889526367188,1.3291068171383813e-05,Hemiptera
2518,800.0,675.2958374023438,836.3638801574707,773.6453857421875,1.326982874161331e-05,Hemiptera
2519,4601.457305908203,3080.858596801758,4608.0,3191.1283111572266,1.3236259292170871e-05,Hemiptera
2520,2185.345703125,2485.5423889160156,2298.5279541015625,2499.9598083496094,1.3234088328317739e-05,Hemiptera
2521,1921.4315795898438,1683.1598205566406,2011.4790954589844,1700.0,1.320374576607719e-05,Hemiptera
2522,3200.0069990754128,1083.8976440429688,3238.866081237793,1183.223876953125,1.3068226508039515e-05,Hemiptera
2523,168.61376953125,3298.2548828125,261.1011962890625,3394.2206420898438,1.3025500265939627e-05,Hemiptera
2524,3042.5648193359375,1686.6419677734375,3110.5602416992188,1699.9430541992188,1.3019265679758973e-05,Hemiptera
2525,4600.795623779297,2210.6988830566406,4608.0,2307.4815368652344,1.2995237739232834e-05,Hemiptera
2526,1018.6345825195312,1686.3219299316406,1117.6710205078125,1699.8146667480469,1.2928450814797543e-05,Hemiptera
2527,1600.022666156292,2587.214645385742,1607.391896724701,2696.609130859375,1.290914588025771e-05,Hemiptera
2528,1283.9285888671875,2956,1300.0,2991.188148498535,1.2877752851636615e-05,Hemiptera
2529,2094.0012817382812,4.398411750793457,2100.0,61.93796920776367,1.2867257282778155e-05,Hemiptera
2530,891.0397644042969,383.6645812988281,900.0,474.7652893066406,1.285122925764881e-05,Hemiptera
2531,2861.1615257263184,0.09403079748153687,2963.394027709961,14.293329238891602,1.2828087164962199e-05,Hemiptera
2532,1674.3958435058594,2578.1937103271484,1700.0,2687.8880615234375,1.2813794455723837e-05,Hemiptera
2533,436.6780776977539,868.0560913085938,516.5214309692383,900.0,1.2775175491697155e-05,Hemiptera
2534,2000.0,261.24273681640625,2007.262285232544,396.0906066894531,1.27201037685154e-05,Hemiptera
2535,4166.96257019043,2000.0,4398.689178466797,2063.299118041992,1.27178973343689e-05,Hemiptera
2536,4164.405059814453,2425.95654296875,4442.391784667969,2500.0,1.2682481610681862e-05,Hemiptera
2537,1379.6842956542969,2486.2283325195312,1468.0817260742188,2500.0,1.2669196621573064e-05,Hemiptera
2538,2093.410675048828,1562.4102172851562,2100.0,1670.8634338378906,1.2663834240811411e-05,Hemiptera
2539,2494.0576171875,30.091381072998047,2500.0,118.95880889892578,1.2660671018238645e-05,Hemiptera
2540,2493.0166625976562,1993.7903442382812,2500.0,2072.0007934570312,1.2649567906919401e-05,Hemiptera
2541,2494.4443359375,1388.7035675048828,2500.0,1454.3782501220703,1.2630436685867608e-05,Hemiptera
2542,3325.1711349487305,3444.6126098632812,3391.518112182617,3455.5077514648438,1.248178887180984e-05,Hemiptera
2543,1600.0063821673393,447.31788635253906,1606.7158856391907,551.6360321044922,1.2441370927263051e-05,Hemiptera
2544,1200.0,1098.37646484375,1241.5289764404297,1215.7583312988281,1.242464168171864e-05,Hemiptera
2545,2909.6477966308594,1273.7270812988281,2998.6534118652344,1299.9219360351562,1.2419002814567648e-05,Hemiptera
2546,4592.0174560546875,2828.953218460083,4608.0,2974.5791015625,1.2366152077447623e-05,Hemiptera
2547,2891.5147399902344,763.9535522460938,2900.0,849.328857421875,1.2326848263910506e-05,Hemiptera
2548,3200.0114113092422,2551.1259155273438,3206.921301841736,2626.4315643310547,1.2311469617998227e-05,Hemiptera
2549,2093.3575744628906,1927.2306518554688,2100.0,2018.890380859375,1.224047809955664e-05,Hemiptera
2550,2093.7807006835938,3269.8099060058594,2100.0,3336.7567749023438,1.2209921806061175e-05,Hemiptera
2551,400.0,3195.0670318603516,432.26030349731445,3454.5418701171875,1.220304056914756e-05,Hemiptera
2552,3697.099998474121,0.0,3857.269561767578,69.26685333251953,1.2197677278891206e-05,Hemiptera
2553,400.0,0.050133466720581055,443.2966995239258,87.52191925048828,1.2168734428996686e-05,Hemiptera
2554,3685.204376220703,2021.4689254760742,3700.0,2097.962677001953,1.2149358553870115e-05,Hemiptera
2555,1200.305837392807,448.83099365234375,1240.732982635498,500.0,1.2077596693416126e-05,Hemiptera
2556,847.0444183349609,1252.9502868652344,927.4647674560547,1311.7043228149414,1.2006040378764737e-05,Hemiptera
2557,4046.1524047851562,0.0,4100.0,77.12092590332031,1.1989233826170675e-05,Hemiptera
2558,2893.6807556152344,1634.2356567382812,2900.0,1699.3502502441406,1.1987690413661767e-05,Hemiptera
2559,1693.9502563476562,1600.0103149414062,1700.0,1688.6375427246094,1.1974070730502717e-05,Hemiptera
2560,1693.5086364746094,3310.1986083984375,1700.0,3394.941131591797,1.1953487046412192e-05,Hemiptera
2561,947.5451507568359,1685.6643676757812,1057.4111938476562,1700.0,1.1897351214429364e-05,Hemiptera
2562,1279.4374389648438,1823.0386505126953,1300.0,1908.9911804199219,1.1866472959809471e-05,Hemiptera
2563,894.11767578125,2801.22119140625,900.0,2874.3288040161133,1.184328539238777e-05,Hemiptera
2564,892.8550720214844,888.3479156494141,900.0,998.9473114013672,1.1841998457384761e-05,Hemiptera
2565,1635.7556838989258,1244.7333374023438,1700.6478424072266,1300.0,1.1818576240330003e-05,Hemiptera
2566,3688.302001953125,800,3699.999298095703,844.5638999938965,1.1774656741181388e-05,Hemiptera
2567,1675.5906066894531,533.5917205810547,1699.8532409667969,565.1507873535156,1.1753812032111455e-05,Hemiptera
2568,1200.0,1620.689655303955,1214.585304260254,1859.7333374023438,1.169418464996852e-05,Hemiptera
2569,1691.742431640625,1209.5556335449219,1700.0,1293.1195373535156,1.167731261375593e-05,Hemiptera
2570,4492.701904296875,2462.270664215088,4500.0,2550.436492919922,1.155371228378499e-05,Hemiptera
2571,800,464.0152893066406,847.9542961120605,499.9789123535156,1.1536284546309616e-05,Hemiptera
2572,3262.2919921875,3432.2840270996094,3299.8672485351562,3456.0,1.1521134183567483e-05,Hemiptera
2573,1200.0,480.9479675292969,1350.7374267578125,499.9214172363281,1.1499892934807576e-05,Hemiptera
2574,925.7484664916992,3444.0001220703125,1012.9182281494141,3455.6637268066406,1.1493962119857315e-05,Hemiptera
2575,2930.3933868408203,1687.2773742675781,2987.6673431396484,1699.3359985351562,1.1476742656668648e-05,Hemiptera
2576,2093.1683044433594,300.15740966796875,2100.0,408.6319580078125,1.1473241102066822e-05,Hemiptera
2577,3693.0340881347656,1233.5596084594727,3700.0,1321.9359893798828,1.1464568160590716e-05,Hemiptera
2578,4093.1581420898438,1723.0027160644531,4100.0,1811.008544921875,1.143936242442578e-05,Hemiptera
2579,2093.2688598632812,203.36666870117188,2100.0,283.9960021972656,1.1397067282814533e-05,Hemiptera
2580,3200.0108629465103,2591.9808807373047,3207.736876487732,2680.269805908203,1.1334612281643786e-05,Hemiptera
2581,1200.0,579.1116790771484,1226.602352142334,678.4029846191406,1.1288098903605714e-05,Hemiptera
2582,1809.7618560791016,1287.8718872070312,1909.9486389160156,1300.0,1.125470134866191e-05,Hemiptera
2583,1137.2845153808594,1658.4869995117188,1188.5608215332031,1668.377944946289,1.123271977121476e-05,Hemiptera
2584,2486.7113037109375,2185.958511352539,2500.0,2263.7349548339844,1.123112360801315e-05,Hemiptera
2585,2047.2353057861328,2487.2486572265625,2108.586410522461,2499.8067016601562,1.1198898391739931e-05,Hemiptera
2586,3764.140151977539,3440.4560546875,3892.747314453125,3456.0,1.1184660252183676e-05,Hemiptera
2587,1600.0,800.7395267486572,1615.2942581176758,898.3489990234375,1.1175650797667913e-05,Hemiptera
2588,1694.03515625,3038.769630432129,1700.0,3115.450454711914,1.117270949180238e-05,Hemiptera
2589,3293.1107482910156,3247.707000732422,3299.9979858398438,3335.8646545410156,1.1170504876645282e-05,Hemiptera
2590,3753.182632446289,3442.9535522460938,3806.5809020996094,3455.1399841308594,1.1167063348693773e-05,Hemiptera
2591,4250.939758300781,1600.0,4413.770538330078,1664.698829650879,1.1155472748214379e-05,Hemiptera
2592,3627.764820098877,1686.4055786132812,3728.4871520996094,1699.9554748535156,1.1117822396045085e-05,Hemiptera
2593,2744.2444763183594,487.75634765625,2831.4808959960938,500.0,1.1096562957391143e-05,Hemiptera
2594,1293.6264038085938,2243.2935791015625,1300.0,2310.8577880859375,1.107082516682567e-05,Hemiptera
2595,2892.15087890625,1500.3531799316406,2900.0,1603.421875,1.10621704152436e-05,Hemiptera
2596,3257.3290405273438,611.1301422119141,3300.0,704.8788452148438,1.1048854503314942e-05,Hemiptera
2597,4000.001998990774,1717.8186874389648,4006.706558704376,1796.7538757324219,1.1032840120606124e-05,Hemiptera
2598,1686.0619049072266,1684.674560546875,1763.6773834228516,1699.9376220703125,1.0979058970406186e-05,Hemiptera
2599,3422.453826904297,889.015625,3493.2264709472656,899.9388122558594,1.0910172932199202e-05,Hemiptera
2600,2492.8689880371094,3303.807159423828,2500.0,3425.3436584472656,1.0909506272582803e-05,Hemiptera
2601,1129.5233764648438,1686.8528442382812,1208.368408203125,1700.0,1.0894357728830073e-05,Hemiptera
2602,3979.1600341796875,483.80621337890625,4099.658111572266,500.0,1.0812825166794937e-05,Hemiptera
2603,1738.6787719726562,2486.1471252441406,1876.546875,2499.9995727539062,1.076873013516888e-05,Hemiptera
2604,2318.7933959960938,887.884521484375,2435.4906005859375,899.9896850585938,1.075899854185991e-05,Hemiptera
2605,2000.0070735812187,887.0837707519531,2038.8363075256348,1001.0997314453125,1.075586897059111e-05,Hemiptera
2606,800.033737719059,3239.466583251953,823.8888301849365,3300.0,1.0751397894637194e-05,Hemiptera
2607,4377.550750732422,3287.95166015625,4446.727508544922,3299.9677734375,1.073191288014641e-05,Hemiptera
2608,1280.3248291015625,2129.390853881836,1300.0,2204.326919555664,1.0721672879299149e-05,Hemiptera
2609,2400.0,400.0,2421.727434158325,575.9053649902344,1.0700171515054535e-05,Hemiptera
2610,4530.153289794922,2679.9788513183594,4567.274658203125,2694.5672912597656,1.0679405022528954e-05,Hemiptera
2611,4053.740966796875,3403.885498046875,4100.0,3456.0,1.0660621228453238e-05,Hemiptera
2612,2493.936309814453,1633.7203979492188,2500.0,1687.5654296875,1.062026512954617e-05,Hemiptera
2613,893.1923828125,168.5311737060547,900.0,260.7516784667969,1.060569138644496e-05,Hemiptera
2614,4108.018448382616,375.0935363769531,4115.94153881073,480.246826171875,1.0573979125183541e-05,Hemiptera
2615,1649.2615356445312,3447.977508544922,1699.7372131347656,3456.0,1.0528518032515422e-05,Hemiptera
2616,2092.4581604003906,2009.5183410644531,2100.0,2071.836944580078,1.0517438568058424e-05,Hemiptera
2617,2194.7293701171875,614.573486328125,2260.646209716797,672.6763610839844,1.0514690984564368e-05,Hemiptera
2618,2400.0,2610.5344848632812,2414.3970890045166,2696.0650329589844,1.0503285921004135e-05,Hemiptera
2619,0.0,1145.5047607421875,12.726956367492676,1258.6913146972656,1.0454279617988504e-05,Hemiptera
2620,2072.968650817871,1685.1273498535156,2139.1800689697266,1698.4728698730469,1.0393332559033297e-05,Hemiptera
2621,1600.0,1351.312728881836,1638.6699485778809,1424.7241668701172,1.036980847857194e-05,Hemiptera
2622,1046.23388671875,885.2064208984375,1146.67822265625,899.8102111816406,1.0361850399931427e-05,Hemiptera
2623,3804.811996459961,1687.5121154785156,3888.2347717285156,1700.0,1.0357908649893943e-05,Hemiptera
2624,1394.0513916015625,2881.5941467285156,1475.9631958007812,2900.0,1.0339246728108265e-05,Hemiptera
2625,0.0,1529.8138122558594,47.303016662597656,1718.8393325805664,1.0309501703886781e-05,Hemiptera
2626,3694.060577392578,3055.642906188965,3700.0,3123.0257568359375,1.030574640026316e-05,Hemiptera
2627,2898.91202545166,1674.3064880371094,2941.921905517578,1694.2413330078125,1.0303122508048546e-05,Hemiptera
2628,632.5493316650391,875.9381713867188,739.0258178710938,899.9740600585938,1.0259412192681339e-05,Hemiptera
2629,3693.842071533203,1879.103759765625,3700.0,1982.3992309570312,1.022598644340178e-05,Hemiptera
2630,2000.0105783343315,717.0703735351562,2008.2435503005981,787.7348937988281,1.021516709442949e-05,Hemiptera
2631,1173.6083679199219,2483.04727935791,1267.0112228393555,2548.901870727539,1.0208895218966063e-05,Hemiptera
2632,2893.5628051757812,586.1052093505859,2900.0,696.0469360351562,1.016793157759821e-05,Hemiptera
2633,3292.8172607421875,495.49341583251953,3300.0,554.5236511230469,1.0156359167012852e-05,Hemiptera
2634,2486.408416748047,2106.7036361694336,2500.0,2204.5601196289062,1.0153959010494873e-05,Hemiptera
2635,4493.933013916016,704.5567626953125,4500.0,765.2799682617188,1.0132377610716503e-05,Hemiptera
2636,2133.8263244628906,1600,2189.3975982666016,1605.056064605713,1.0125238986802287e-05,Hemiptera
2637,2577.7454376220703,2087.1759338378906,2701.8973083496094,2100.0,1.010663891065633e-05,Hemiptera
2638,2087.9632873535156,2451.0245094299316,2100.0,2555.764389038086,1.0099885912495665e-05,Hemiptera
2639,2800.0096768140793,1493.361083984375,2807.294714450836,1592.1644592285156,1.0090594514622353e-05,Hemiptera
2640,636.5079345703125,489.1838073730469,710.9191284179688,499.8663024902344,1.0078006198455114e-05,Hemiptera
2641,283.23095703125,1686.3884582519531,369.294921875,1699.9587097167969,1.0067295079352334e-05,Hemiptera
2642,3294.085418701172,1997.4042053222656,3300.0,2074.622833251953,1.0024614311987534e-05,Hemiptera
2643,3312.8345947265625,2478.621337890625,3409.949020385742,2500.0,1.0012232451117598e-05,Hemiptera
2644,2892.257568359375,400,2950.734848022461,405.70576095581055,9.93074536381755e-06,Hemiptera
2645,892.9778137207031,972.5823822021484,900.0,1056.4471130371094,9.865886568150017e-06,Hemiptera
2646,400.0,463.0802001953125,475.78688049316406,500.0,9.86235863820184e-06,Hemiptera
2647,3004.786590576172,2088.320098876953,3082.139862060547,2100.0,9.857844815996941e-06,Hemiptera
2648,3692.428497314453,2213.4615478515625,3700.0,2312.995849609375,9.82833171292441e-06,Hemiptera
2649,4300.045593261719,2400.065815448761,4334.642684936523,2430.7326488494873,9.792209311854094e-06,Hemiptera
2650,1294.4648742675781,2088.602264404297,1359.3058166503906,2099.8798217773438,9.764299647940788e-06,Hemiptera
2651,4479.597839355469,1479.8674011230469,4500.0,1510.6906433105469,9.75665716396179e-06,Hemiptera
2652,3693.4178771972656,1200,3700.0,1258.9328575134277,9.742533620737959e-06,Hemiptera
2653,800.0,198.90879821777344,837.9977111816406,327.313232421875,9.730667443363927e-06,Hemiptera
2654,2078.0003662109375,2304.3369140625,2098.2319946289062,2327.5916137695312,9.716145541460719e-06,Hemiptera
2655,2568.3314514160156,1676.5180969238281,2675.44970703125,1700.0,9.691723789728712e-06,Hemiptera
2656,3200.1652598381042,2886.2711486816406,3264.5931854248047,2899.8160705566406,9.685126315162051e-06,Hemiptera
2657,4093.986785888672,1824.6647338867188,4100.0,1894.9086608886719,9.678690730652306e-06,Hemiptera
2658,1604.545545578003,2800.0001944601536,1678.6620178222656,2817.8518238067627,9.663694072514772e-06,Hemiptera
2659,3691.5106811523438,2800.0,3700.0,2858.130813598633,9.6525764092803e-06,Hemiptera
2660,800.0,2854.656280517578,850.9243965148926,2899.943115234375,9.643182238505688e-06,Hemiptera
2661,2800.0097826123238,2636.7284240722656,2806.7095098495483,2713.2184143066406,9.640819371270481e-06,Hemiptera
2662,2000.0,1375.6453094482422,2015.4705286026,1472.439208984375,9.570703696226701e-06,Hemiptera
2663,1473.9866638183594,2075.9844665527344,1624.0320129394531,2099.9851684570312,9.530974239169154e-06,Hemiptera
2664,3693.1558532714844,178.5692138671875,3700.0,257.5854187011719,9.525749192107469e-06,Hemiptera
2665,2085.2320556640625,1380.80615234375,2100.0,1464.4883728027344,9.523831977276132e-06,Hemiptera
2666,3237.9805603027344,2858.9675903320312,3309.830009460449,2900.0,9.514626981399488e-06,Hemiptera
2667,3258.2042236328125,2490.762908935547,3318.4450759887695,2499.93505859375,9.465258699492551e-06,Hemiptera
2668,2476.1227111816406,1288.4330749511719,2542.3097381591797,1300.0,9.38363064051373e-06,Hemiptera
2669,2000.0121884047985,1035.1795196533203,2006.09574508667,1122.2808837890625,9.373533430334646e-06,Hemiptera
2670,136.16732788085938,2400.010534003377,218.86058044433594,2405.244101524353,9.373060493089724e-06,Hemiptera
2671,3075.8507385253906,2483.019317626953,3209.6686401367188,2500.0,9.368234714202117e-06,Hemiptera
2672,1826.0040283203125,878.4307861328125,1906.7334594726562,899.9715881347656,9.241616680810694e-06,Hemiptera
2673,853.4046020507812,2800.0,900.0,2835.1279258728027,9.226065230905078e-06,Hemiptera
2674,3076.1136779785156,2088.6149291992188,3165.3717651367188,2100.0,9.19434751267545e-06,Hemiptera
2675,1216.2327880859375,1238.4849090576172,1300.0,1302.465103149414,9.183078873320483e-06,Hemiptera
2676,580.2837066650391,800,646.4130096435547,806.130136013031,9.182798748952337e-06,Hemiptera
2677,1681.2723846435547,2884.6488037109375,1793.4735717773438,2899.931427001953,9.182308531308081e-06,Hemiptera
2678,2800,1275.9741821289062,2843.0381774902344,1299.8000183105469,9.145419426204171e-06,Hemiptera
2679,2493.7811889648438,662.4596252441406,2500.0,761.3696594238281,9.144451723841485e-06,Hemiptera
2680,2734.610809326172,2880.9004821777344,2782.4027404785156,2899.76416015625,9.106864126806613e-06,Hemiptera
2681,400.3028482198715,2135.230514526367,427.9100036621094,2235.3229217529297,9.078994480660185e-06,Hemiptera
2682,1680.8950576782227,800.0581249594688,1746.170654296875,815.2519674301147,9.040046279551461e-06,Hemiptera
2683,3705.5853576660156,58.41048812866211,3767.2702026367188,70.47871398925781,9.028914973896462e-06,Hemiptera
2684,61.80577087402344,1688.2509155273438,129.69351196289062,1700.0,8.95165703695966e-06,Hemiptera
2685,1693.8900451660156,2017.747365951538,1700.0,2095.945556640625,8.931796401157044e-06,Hemiptera
2686,1287.93994140625,2400,1299.8885192871094,2424.6912899017334,8.915347279980779e-06,Hemiptera
2687,2633.510726928711,880.0668334960938,2739.0949096679688,899.9443054199219,8.912566954677459e-06,Hemiptera
2688,2894.0977172851562,1731.2105865478516,2900.0,1782.3431091308594,8.912286830309313e-06,Hemiptera
2689,1070.3175964355469,2873.5107421875,1170.793701171875,2900.0,8.856577551341616e-06,Hemiptera
2690,1294.2911071777344,3264.3172912597656,1300.0,3339.5027770996094,8.825399163470138e-06,Hemiptera
2691,3200.0067554414272,2651.641082763672,3207.0954880714417,2779.2460327148438,8.820257789921016e-06,Hemiptera
2692,2892.1949768066406,823.9298706054688,2900.0,888.1188354492188,8.812085070530884e-06,Hemiptera
2693,3200.321626663208,1715.8460159301758,3228.0197257995605,1781.117431640625,8.795671419647988e-06,Hemiptera
2694,800.000087916851,1431.0692749023438,816.8019752502441,1555.66357421875,8.758197509450838e-06,Hemiptera
2695,2493.6943969726562,1857.5446472167969,2500.0,1973.1512451171875,8.756927854847163e-06,Hemiptera
2696,2486.365478515625,928.249755859375,2590.63232421875,1069.4694519042969,8.747880201553926e-06,Hemiptera
2697,3286.802001953125,2843.700122833252,3300.0,2933.2454223632812,8.742976206121966e-06,Hemiptera
2698,3600.0134214758873,2010.5711059570312,3606.6574573516846,2100.0,8.738283213460818e-06,Hemiptera
2699,1200.0116802752018,2209.4039459228516,1206.7602767944336,2313.6659240722656,8.729795808903873e-06,Hemiptera
2700,3016.3284301757812,400,3078.2728271484375,405.50704860687256,8.691244147485122e-06,Hemiptera
2701,3076.073272705078,475.9049377441406,3128.4532470703125,499.39947509765625,8.67993639985798e-06,Hemiptera
2702,2778.9895629882812,2471.185546875,2849.07568359375,2499.9598083496094,8.661216270411387e-06,Hemiptera
2703,1293.6719055175781,2901.1817016601562,1300.0,2954.1839599609375,8.63891818880802e-06,Hemiptera
2704,3686.541030883789,325.10198974609375,3719.879722595215,346.10504150390625,8.634882760816254e-06,Hemiptera
2705,2000.0001572072506,3290.9578247070312,2007.4585227966309,3387.2694702148438,8.63372133608209e-06,Hemiptera
2706,2632.9337158203125,487.6067199707031,2705.3782958984375,499.9582214355469,8.611740668129642e-06,Hemiptera
2707,1693.6389465332031,33.94532012939453,1700.0,112.19015502929688,8.58462317410158e-06,Hemiptera
2708,1687.1207275390625,886.6581420898438,1764.8162841796875,900.0,8.563037226849701e-06,Hemiptera
2709,3276.211181640625,1600.0,3300.0,1684.6677322387695,8.511266059940681e-06,Hemiptera
2710,635.1055145263672,2086.7303771972656,737.0679321289062,2100.0,8.493508175888564e-06,Hemiptera
2711,1165.6479797363281,2888.8816833496094,1231.3487548828125,2899.897186279297,8.486877050017938e-06,Hemiptera
2712,3200.0,1906.5149230957031,3208.8046503067017,2025.6074523925781,8.458039701508824e-06,Hemiptera
2713,1273.0856323242188,1579.5238647460938,1300.0,1682.1181335449219,8.432886716036592e-06,Hemiptera
2714,2400.0,1243.9393920898438,2425.529682159424,1300.0,8.386714398511685e-06,Hemiptera
2715,4000.006191432476,800,4017.8255310058594,963.9606781005859,8.283293936983682e-06,Hemiptera
2716,800.0,259.2968444824219,843.5881652832031,418.0489501953125,8.274830179288983e-06,Hemiptera
2717,2000,2400.3095626831055,2015.5331211090088,2561.7838287353516,8.23600021249149e-06,Hemiptera
2718,4494.162506103516,120.61627197265625,4500.0,192.90008544921875,8.22186757432064e-06,Hemiptera
2719,1447.8931427001953,488.0062561035156,1537.1865234375,500.0,8.214195077016484e-06,Hemiptera
2720,3292.6328125,2879.7462005615234,3300.0,2996.540786743164,8.19572051113937e-06,Hemiptera
2721,1600.1219302415848,2284.003448486328,1641.6321029663086,2394.978271484375,8.19097022031201e-06,Hemiptera
2722,3391.121109008789,2084.6297302246094,3500.9039306640625,2099.972900390625,8.189110303646885e-06,Hemiptera
2723,4093.5198669433594,3255.59765625,4100.0,3336.2316284179688,8.189048458007164e-06,Hemiptera
2724,4108.0,2902.7660369873047,4120.2635707855225,2945.303009033203,8.184387297660578e-06,Hemiptera
2725,4000.0,1374.0787048339844,4006.453193664551,1490.5466003417969,8.156756848620716e-06,Hemiptera
2726,4492.753509521484,800,4499.987121582031,833.285514831543,8.139420970110223e-06,Hemiptera
2727,4492.924591064453,2555.7567138671875,4500.0,2664.7693481445312,8.132414222927764e-06,Hemiptera
2728,493.05419921875,3088.9715423583984,500.0,3187.4147033691406,8.105075721687172e-06,Hemiptera
2729,478.1004943847656,887.2590026855469,549.0483551025391,899.9087219238281,8.099025762930978e-06,Hemiptera
2730,800.0590533018112,2846.953094482422,822.7406063079834,2900.0,8.091551535471808e-06,Hemiptera
2731,3553.9904174804688,3444.918914794922,3623.7410583496094,3456.0,8.070828698691912e-06,Hemiptera
2732,2092.9942016601562,1779.0360412597656,2100.0,1873.7948913574219,8.064712346822489e-06,Hemiptera
2733,3200.005655735731,3304.842803955078,3207.010678768158,3405.8584594726562,8.056610568019096e-06,Hemiptera
2734,2483.6226501464844,400.0135689973831,2499.850372314453,419.5578193664551,8.048738891375251e-06,Hemiptera
2735,2400.01555159688,1401.050521850586,2407.7925128936768,1505.3323364257812,8.0478403106099e-06,Hemiptera
2736,3277.1666564941406,1200.4820861816406,3299.9887084960938,1300.0,8.045185495575424e-06,Hemiptera
2737,2272.443817138672,2400.0393852591515,2334.6614379882812,2413.4473304748535,8.039924068725668e-06,Hemiptera
2738,2906.029655456543,486.9097595214844,2988.1839752197266,499.9283752441406,8.019906090339646e-06,Hemiptera
2739,890.7438659667969,3187.941650390625,900.0,3275.030517578125,8.0172148955171e-06,Hemiptera
2740,2492.27734375,3257.4879150390625,2500.0,3345.8797607421875,7.99703957454767e-06,Hemiptera
2741,1292.9161987304688,2412.4552249908447,1300.0,2486.702178955078,7.968809768499341e-06,Hemiptera
2742,400.0,726.1323852539062,442.39758682250977,817.6907043457031,7.965589247760363e-06,Hemiptera
2743,3489.6842346191406,2085.777130126953,3553.162109375,2099.9203186035156,7.96446420281427e-06,Hemiptera
2744,1600.2636760473251,2191.441162109375,1640.8379440307617,2276.6956176757812,7.957297384564299e-06,Hemiptera
2745,1228.2926635742188,2079.952667236328,1276.2788696289062,2097.1197509765625,7.87225417298032e-06,Hemiptera
2746,1600.0,2023.7435340881348,1615.373381614685,2137.9158325195312,7.856811862438917e-06,Hemiptera
2747,3037.294143676758,2087.4793090820312,3121.8688049316406,2099.6825256347656,7.830167305655777e-06,Hemiptera
2748,2425.0238189697266,1200.1395888626575,2491.232452392578,1209.9270429611206,7.81290691520553e-06,Hemiptera
2749,3694.361053466797,2733.6157836914062,3700.0,2823.8008422851562,7.806569556123577e-06,Hemiptera
2750,1272.8924179077148,2486.7302856445312,1351.4842987060547,2499.944580078125,7.78879621066153e-06,Hemiptera
2751,2489.790069580078,1567.7259826660156,2500.0,1635.9231567382812,7.777106475259643e-06,Hemiptera
2752,3297.745979309082,2094.138153076172,3339.7767181396484,2100.0,7.74848558648955e-06,Hemiptera
2753,486.60101318359375,2800,500.0,2819.784112930298,7.746793926344253e-06,Hemiptera
2754,1286.6626586914062,1200,1299.8668823242188,1237.7046356201172,7.719698260189034e-06,Hemiptera
2755,2893.447967529297,881.2079162597656,2900.0,946.8385162353516,7.703173650952522e-06,Hemiptera
2756,1060.6556396484375,2881.5020446777344,1147.1606140136719,2899.9637451171875,7.700198693783022e-06,Hemiptera
2757,1749.1751708984375,1285.6864929199219,1835.256103515625,1300.0,7.696564352954738e-06,Hemiptera
2758,1902.1345520019531,2087.2922973632812,1978.5460815429688,2099.687957763672,7.671678758924827e-06,Hemiptera
2759,3746.4175720214844,1688.8310546875,3817.9571228027344,1699.8782043457031,7.670924787817057e-06,Hemiptera
2760,1923.0049133300781,877.2801513671875,1995.4573059082031,899.9443969726562,7.662078132852912e-06,Hemiptera
2761,3294.2062377929688,726.1147155761719,3300.0,786.0098876953125,7.656183697690722e-06,Hemiptera
2762,0.14153122901916504,1200.082504749298,48.926090240478516,1253.842025756836,7.6141845966049004e-06,Hemiptera
2763,4493.115051269531,931.0024261474609,4500.0,1000.1138610839844,7.564259703940479e-06,Hemiptera
2764,1291.8876647949219,1035.3442687988281,1300.0,1101.5596923828125,7.55255359763396e-06,Hemiptera
2765,4601.3829345703125,2538.132339477539,4608.0,2626.5833435058594,7.545095741079422e-06,Hemiptera
2766,4600.667907714844,667.9456176757812,4608.0,772.5987548828125,7.5412035585031845e-06,Hemiptera
2767,800.0,1479.5440673828125,815.7515106201172,1558.1954956054688,7.538234058301896e-06,Hemiptera
2768,1273.7937927246094,484.7029113769531,1343.7247161865234,500.0,7.535927124990849e-06,Hemiptera
2769,1519.1251831054688,469.9356994628906,1615.6837463378906,500.0,7.515486686315853e-06,Hemiptera
2770,892.9519653320312,1259.1047286987305,900.0,1352.9674072265625,7.5136667874176055e-06,Hemiptera
2771,2000.0,1691.2340240478516,2012.0151500701904,1777.47998046875,7.4840672823484056e-06,Hemiptera
2772,4595.624267578125,800,4608.0,824.0524768829346,7.483031822630437e-06,Hemiptera
2773,893.8123779296875,2622.3408203125,899.9984741210938,2721.004425048828,7.442046353389742e-06,Hemiptera
2774,1693.5724182128906,1080.1442260742188,1700.0,1177.4946594238281,7.441485649906099e-06,Hemiptera
2775,2294.5636596679688,2486.354248046875,2385.7944946289062,2500.0,7.431542599078966e-06,Hemiptera
2776,3604.0160970687866,490.5978088378906,3653.765552520752,499.9176940917969,7.405027190543478e-06,Hemiptera
2777,4476.4532470703125,1670.0413818359375,4499.920501708984,1699.9449768066406,7.360340532613918e-06,Hemiptera
2778,889.4405364990234,2886.6917114257812,962.4760437011719,2898.835693359375,7.354040462814737e-06,Hemiptera
2779,1292.836669921875,1964.8069763183594,1396.9869079589844,2027.4778747558594,7.34800414647907e-06,Hemiptera
2780,1254.766845703125,2376.8680419921875,1299.7369689941406,2405.4650268554688,7.282809747266583e-06,Hemiptera
2781,2400.0,760.8351745605469,2406.5770206451416,881.1170654296875,7.282365004357416e-06,Hemiptera
2782,2893.079864501953,332.4369812011719,2900.0,408.4545593261719,7.259219273691997e-06,Hemiptera
2783,1301.1091232299805,1277.7525939941406,1346.6681060791016,1296.0703735351562,7.2229449870064855e-06,Hemiptera
2784,3109.42431640625,2149.291259765625,3338.693603515625,2251.78466796875,7.221697615023004e-06,Hemiptera
2785,4092.4724731445312,2000,4099.9281005859375,2036.7591133117676,7.184931291703833e-06,Hemiptera
2786,3694.4214477539062,1313.7351303100586,3700.0,1375.2199401855469,7.183643447206123e-06,Hemiptera
2787,488.8431396484375,3203.7952880859375,500.0,3276.7994995117188,7.157180334615987e-06,Hemiptera
2788,2216.0108032226562,3223.2142028808594,2298.2039489746094,3259.46044921875,7.1242338890442625e-06,Hemiptera
2789,3200.0156611204147,1791.6678466796875,3208.0390405654907,1873.5083923339844,7.123493105609668e-06,Hemiptera
2790,800.322350859642,2202.4114685058594,827.041259765625,2284.3307495117188,7.100684342731256e-06,Hemiptera
2791,2493.5555419921875,400,2499.9762573242188,444.8201713562012,7.085734068823513e-06,Hemiptera
2792,1293.4276733398438,1668.933822631836,1300.0,1743.831802368164,7.070236279105302e-06,Hemiptera
2793,2891.6575317382812,2644.373992919922,2899.9935302734375,2732.6866149902344,7.059502877382329e-06,Hemiptera
2794,2329.619415283203,1600,2399.6743774414062,1606.1845684051514,7.015710707491962e-06,Hemiptera
2795,1693.4752807617188,2054.501365661621,1700.0,2120.9232330322266,6.999418474151753e-06,Hemiptera
2796,2093.5923461914062,1600,2100.0,1667.425033569336,6.9901320784993e-06,Hemiptera
2797,481.1087646484375,2956.0,499.9258117675781,2981.4981575012207,6.983928415138507e-06,Hemiptera
2798,3294.393768310547,2975.9605350494385,3300.0,3029.6844024658203,6.904972906340845e-06,Hemiptera
2799,2400.0127248466015,59.192848205566406,2405.653627872467,144.86370849609375,6.902721906953957e-06,Hemiptera
2800,1600.0,164.511962890625,1638.31245803833,237.51416015625,6.898721039760858e-06,Hemiptera
2801,3476.4574584960938,368.2711181640625,3493.354278564453,416.81103515625,6.877555279061198e-06,Hemiptera
2802,882.0758666992188,1600.0,899.9952392578125,1643.594337463379,6.822414434282109e-06,Hemiptera
2803,800.0279098749161,920.8419570922852,828.1664962768555,989.6875915527344,6.813895652157953e-06,Hemiptera
2804,893.369384765625,2161.9535522460938,900.0,2225.4653930664062,6.781468982808292e-06,Hemiptera
2805,3119.5189819335938,887.2278747558594,3199.8526611328125,899.6957397460938,6.7377245613897685e-06,Hemiptera
2806,2000,2029.7156372070312,2013.8759984970093,2099.9308471679688,6.698054676235188e-06,Hemiptera
2807,2117.7972106933594,892.4144897460938,2201.111572265625,900.0,6.695333922834834e-06,Hemiptera
2808,2800,873.4109497070312,2843.7810821533203,900.0,6.664781267318176e-06,Hemiptera
2809,4601.669219970703,2620.055633544922,4608.0,2725.1231079101562,6.663852673227666e-06,Hemiptera
2810,1600.2486526966095,2146.9481048583984,1640.0876579284668,2217.6126708984375,6.639316325163236e-06,Hemiptera
2811,1506.1896362304688,1796.3514862060547,1526.1227722167969,1814.3767395019531,6.622053206228884e-06,Hemiptera
2812,2000.0311940908432,1519.1979064941406,2010.041498184204,1610.6313781738281,6.616132395720342e-06,Hemiptera
2813,885.0589294433594,1688.2791442871094,962.1883392333984,1699.5881042480469,6.583881258848123e-06,Hemiptera
2814,2761.4012756347656,1286.9719543457031,2813.1591796875,1299.9279174804688,6.564701834577136e-06,Hemiptera
2815,2094.159881591797,2405.205352783203,2100.0,2469.024383544922,6.556912921951152e-06,Hemiptera
2816,0.2696424722671509,3382.6585388183594,35.01149368286133,3446.4183349609375,6.5270969571429305e-06,Hemiptera
2817,3294.356201171875,1157.4429626464844,3300.0,1217.7549438476562,6.515038421639474e-06,Hemiptera
2818,4546.967468261719,1734.8096618652344,4573.797943115234,1754.2270202636719,6.497999493149109e-06,Hemiptera
2819,800.074890255928,3334.6192016601562,807.9234986305237,3388.469940185547,6.4812638811417855e-06,Hemiptera
2820,3890.054901123047,3444.7023010253906,3962.36328125,3455.667449951172,6.428368578781374e-06,Hemiptera
2821,1009.7558288574219,330.7306823730469,1060.2549743652344,344.7319641113281,6.427387233998161e-06,Hemiptera
2822,2773.5496520996094,3446.511932373047,2844.25830078125,3456.0,6.423973445635056e-06,Hemiptera
2823,2559.2959594726562,2087.4338989257812,2614.437240600586,2099.0008239746094,6.393799139914336e-06,Hemiptera
2824,2984.385543823242,2488.0675659179688,3089.1048583984375,2499.9230346679688,6.384555945260217e-06,Hemiptera
2825,1603.8711845874786,1340.365463256836,1637.1338920593262,1366.5766296386719,6.373714768415084e-06,Hemiptera
2826,2817.5508422851562,488.232421875,2874.4263610839844,499.85009765625,6.312750429060543e-06,Hemiptera
2827,2800.025474280119,3247.5375061035156,2809.1043558120728,3300.0,6.267137905524578e-06,Hemiptera
2828,2785.9581298828125,2086.7108459472656,2874.2166137695312,2099.9832153320312,6.221587682375684e-06,Hemiptera
2829,4601.923278808594,2073.062515258789,4608.0,2159.2987060546875,6.208778813743265e-06,Hemiptera
2830,4600.414581298828,1200.0,4608.0,1283.1828155517578,6.199040853971383e-06,Hemiptera
2831,1411.9522552490234,1675.58642578125,1490.3735961914062,1699.0948791503906,6.191389275045367e-06,Hemiptera
2832,887.8678283691406,2956,899.8038330078125,2977.7298069000244,6.189724444993772e-06,Hemiptera
2833,1085.0643310546875,2088.337127685547,1163.2781372070312,2099.721923828125,6.178041985549498e-06,Hemiptera
2834,1150.5320129394531,2089.1561584472656,1225.6030883789062,2099.9742431640625,6.1713167269772384e-06,Hemiptera
2835,4533.635345458984,487.67584228515625,4601.547821044922,499.868408203125,6.163388206914533e-06,Hemiptera
2836,2536.490249633789,800.1560300588608,2598.8193969726562,814.9148893356323,6.150752597022802e-06,Hemiptera
2837,4108.008954107761,2957.114010810852,4126.707284927368,3123.2947387695312,6.147649855847703e-06,Hemiptera
2838,2093.6869506835938,71.0694580078125,2100.0,145.09422302246094,6.1272057791939005e-06,Hemiptera
2839,0,2131.7989349365234,17.455982208251953,2374.473419189453,6.106648015702376e-06,Hemiptera
2840,2000.258682668209,1791.7533416748047,2025.9284400939941,1835.2149505615234,6.097081040934427e-06,Hemiptera
2841,4091.1273803710938,452.90545654296875,4100.0,499.69635009765625,6.0868560467497446e-06,Hemiptera
2842,2097.6275482177734,487.2777404785156,2167.1278686523438,499.92529296875,6.083177140681073e-06,Hemiptera
2843,4168.958953857422,1663.5871887207031,4452.089172363281,1699.8970947265625,6.071881216485053e-06,Hemiptera
2844,3946.025848388672,2956,4023.0740661621094,2967.300790786743,6.069351002224721e-06,Hemiptera
2845,1668.1033020019531,1662.4399108886719,1699.8160400390625,1700.0,6.051492164260708e-06,Hemiptera
2846,4092.723602294922,148.39842224121094,4100.0,214.6311492919922,5.989100827719085e-06,Hemiptera
2847,1035.8519592285156,490.0399169921875,1110.1778869628906,500.0,5.988147222524276e-06,Hemiptera
2848,1942.288818359375,1600.0,2022.3716735839844,1607.2726974487305,5.987987151456764e-06,Hemiptera
2849,765.7046813964844,1285.9267272949219,835.056640625,1300.0,5.941660674579907e-06,Hemiptera
2850,4007.5737295150757,1200.0940967351198,4064.994239807129,1206.0381302833557,5.941280960541917e-06,Hemiptera
2851,1685.6618957519531,1313.3867721557617,1700.0,1384.0462646484375,5.928094196860911e-06,Hemiptera
2852,1692.1417236328125,575.1482543945312,1700.0,642.6077423095703,5.926906396780396e-06,Hemiptera
2853,2532.0283813476562,1688.57177734375,2595.4176025390625,1699.9789733886719,5.924844117544126e-06,Hemiptera
2854,2959.747360229492,890.5362548828125,3038.6866607666016,900.0,5.922267973801354e-06,Hemiptera
2855,2323.1809692382812,1283.4850463867188,2432.709747314453,1299.9681396484375,5.9117837736266665e-06,Hemiptera
2856,666.77392578125,2594.0127868652344,710.4454650878906,2607.8810272216797,5.911039352213265e-06,Hemiptera
2857,2800.0198170542717,523.737548828125,2805.902226448059,581.1200408935547,5.885266546101775e-06,Hemiptera
2858,1200.0094681978226,2291.7979125976562,1218.934362411499,2370.606903076172,5.881596734980121e-06,Hemiptera
2859,489.1466979980469,2857.4708557128906,499.9874267578125,2899.8351440429688,5.8811033341044094e-06,Hemiptera
2860,2800.0209756195545,1600.0,2807.596522331238,1699.5759506225586,5.869208507647272e-06,Hemiptera
2861,2384.3316650390625,485.2346496582031,2453.2902221679688,499.778564453125,5.843422059115255e-06,Hemiptera
2862,4327.157073974609,1249.1258239746094,4353.241592407227,1300.0,5.836594027641695e-06,Hemiptera
2863,3723.2771759033203,2084.9224243164062,3780.812484741211,2099.7310791015625,5.7962242863141e-06,Hemiptera
2864,4356.31103515625,1537.2931518554688,4375.665985107422,1625.6850280761719,5.791736839455552e-06,Hemiptera
2865,1693.6574096679688,850.3723030090332,1700.0,913.0292663574219,5.7675561038195156e-06,Hemiptera
2866,4000.335666537285,3289.8040771484375,4037.031093597412,3339.103515625,5.754415269620949e-06,Hemiptera
2867,439.63165283203125,3345.9231872558594,499.75567626953125,3379.7914123535156,5.74204750591889e-06,Hemiptera
2868,1918.4599914550781,1285.3448791503906,2002.0244750976562,1299.6696472167969,5.729543318011565e-06,Hemiptera
2869,2000.046157836914,1477.5441284179688,2006.8928880691528,1533.8144226074219,5.718178272218211e-06,Hemiptera
2870,2000,1323.857307434082,2005.6593971252441,1408.7392272949219,5.703261194867082e-06,Hemiptera
2871,4108.443711876869,892.3545837402344,4143.1777420043945,899.9488830566406,5.690038051398005e-06,Hemiptera
2872,4493.111114501953,3441.6648559570312,4596.256164550781,3455.2548828125,5.684066763933515e-06,Hemiptera
2873,1559.1895141601562,1262.1066436767578,1619.293212890625,1274.785057067871,5.640397375827888e-06,Hemiptera
2874,3665.9600677490234,1600,3736.6398315429688,1607.0007719993591,5.619582225335762e-06,Hemiptera
2875,3294.3253479003906,1969.4288635253906,3300.0,2049.027069091797,5.603692898148438e-06,Hemiptera
2876,2400.017122924328,1904.4534301757812,2405.685811519623,1986.651123046875,5.596194569079671e-06,Hemiptera
2877,490.651123046875,215.5561981201172,500.0,275.73809814453125,5.592908109974815e-06,Hemiptera
2878,4514.305511474609,3284.1166381835938,4608.0,3300.0,5.58170722797513e-06,Hemiptera
2879,2301.3753051757812,486.1849670410156,2384.288604736328,499.9598388671875,5.580515335168457e-06,Hemiptera
2880,3272.737548828125,1621.8315238952637,3299.7860412597656,1656.3121376037598,5.5758337111910805e-06,Hemiptera
2881,1852.2235870361328,2487.625030517578,1943.1017761230469,2499.977783203125,5.550569767365232e-06,Hemiptera
2882,542.371826171875,882.5079040527344,609.0123596191406,899.0863647460938,5.5363011597364675e-06,Hemiptera
2883,1606.654930114746,2489.1399536132812,1686.3018951416016,2499.872772216797,5.526947916223435e-06,Hemiptera
2884,1148.9407043457031,484.6321105957031,1246.0417785644531,500.0,5.505200988409342e-06,Hemiptera
2885,892.5617065429688,1126.0047912597656,900.0,1219.9133911132812,5.500546194525668e-06,Hemiptera
2886,265.94091796875,400,362.52679443359375,423.96405601501465,5.4707425078959204e-06,Hemiptera
2887,4307.326019287109,2862.6123046875,4350.4761962890625,2896.2283630371094,5.461333330458729e-06,Hemiptera
2888,4493.761199951172,2713.6769409179688,4500.0,2808.6279907226562,5.452210643852595e-06,Hemiptera
2889,4551.176422119141,1666.0166625976562,4607.811553955078,1700.0,5.407063781603938e-06,Hemiptera
2890,2013.9902038574219,2087.330810546875,2084.741973876953,2099.996124267578,5.393605988501804e-06,Hemiptera
2891,1693.9561767578125,713.3319396972656,1700.0,768.6840515136719,5.3222447604639456e-06,Hemiptera
2892,1698.8744506835938,2086.648712158203,1772.9100952148438,2099.9798278808594,5.304185833665542e-06,Hemiptera
2893,1600.0182427465916,936.2439117431641,1630.624008178711,1024.5983581542969,5.274304839986144e-06,Hemiptera
2894,4312.412353515625,847.9215698242188,4362.851379394531,900.0,5.265981599222869e-06,Hemiptera
2895,3600.016190856695,61.49005889892578,3606.5111331939697,149.56101989746094,5.263179900794057e-06,Hemiptera
2896,400.0144209712744,883.8158111572266,405.54699325561523,942.9042358398438,5.26221674590488e-06,Hemiptera
2897,2963.641311645508,1287.3814697265625,3021.068099975586,1299.84521484375,5.244441126706079e-06,Hemiptera
2898,1875.1201171875,2400.0249437987804,1951.037841796875,2408.2272186279297,5.232341209193692e-06,Hemiptera
2899,2092.736053466797,241.4551239013672,2100.0,337.97802734375,5.163542937225429e-06,Hemiptera
2900,3942.5747985839844,486.95867919921875,4031.52490234375,500.0,5.143500402482459e-06,Hemiptera
2901,4492.660186767578,400.0034090131521,4565.080078125,405.88817977905273,5.0739436119329184e-06,Hemiptera
2902,1408.620361328125,1287.269775390625,1476.8133239746094,1299.97900390625,5.06346395923174e-06,Hemiptera
2903,1285.3211364746094,3408.9456176757812,1300.0,3455.6346435546875,5.05929347127676e-06,Hemiptera
2904,2000.3490269184113,560.6521148681641,2035.2208213806152,631.4574279785156,5.03219234815333e-06,Hemiptera
2905,2347.2232666015625,487.4768371582031,2407.237335205078,499.7160949707031,5.03078126712353e-06,Hemiptera
2906,2893.5726318359375,1028.2847595214844,2900.0,1092.55908203125,5.012999281461816e-06,Hemiptera
2907,742.9464416503906,887.0794677734375,820.7492370605469,899.9189758300781,4.999187694920693e-06,Hemiptera
2908,2000.0183247029781,2084.785690307617,2005.8462109565735,2157.1122131347656,4.973200248059584e-06,Hemiptera
2909,4311.026336669922,800.082677602768,4346.255645751953,846.5938568115234,4.926529072690755e-06,Hemiptera
2910,1895.6168518066406,989.1251983642578,1924.3368530273438,1028.1377868652344,4.921804247715045e-06,Hemiptera
2911,1653.2313232421875,1045.628662109375,1700.0,1110.4637756347656,4.905305559077533e-06,Hemiptera
2912,1674.322998046875,1289.2970962524414,1699.1761169433594,1317.8162078857422,4.873598300036974e-06,Hemiptera
2913,2094.51953125,2606.45947265625,2100.0,2667.0595703125,4.872933459409978e-06,Hemiptera
2914,1889.088623046875,1688.0719604492188,1952.3748474121094,1699.788330078125,4.8711581257521175e-06,Hemiptera
2915,490.5555725097656,863.7161254882812,499.9859924316406,899.6938781738281,4.846293904847698e-06,Hemiptera
2916,0.41924118995666504,872.797737121582,32.94468688964844,950.0677185058594,4.841771442443132e-06,Hemiptera
2917,1206.9894075393677,1287.0087585449219,1282.6697845458984,1299.9524230957031,4.823833478440065e-06,Hemiptera
2918,4074.159065246582,2887.8870849609375,4109.8681564331055,2899.583709716797,4.818385605176445e-06,Hemiptera
2919,893.5125427246094,1422.689193725586,900.0,1500.39697265625,4.7818875827942975e-06,Hemiptera
2920,2869.330780029297,1200.0603944063187,2900.0,1208.4177465438843,4.767921382153872e-06,Hemiptera
2921,1600.0999607145786,1574.6087646484375,1610.795838356018,1622.3155517578125,4.760020601679571e-06,Hemiptera
2922,2652.9671630859375,1687.5569458007812,2714.700408935547,1699.985107421875,4.750709649670171e-06,Hemiptera
2923,492.9754333496094,928.3932647705078,500.0,979.2833251953125,4.740350959764328e-06,Hemiptera
2924,4601.419158935547,838.0979614257812,4608.0,886.2985534667969,4.735028596769553e-06,Hemiptera
2925,4472.706695556641,2711.8938598632812,4500.0,2729.7389526367188,4.731070021080086e-06,Hemiptera
2926,893.05615234375,1227.834177017212,900.0,1301.0113677978516,4.726911356556229e-06,Hemiptera
2927,448.51702880859375,3424.0045166015625,499.9173278808594,3455.928955078125,4.714171609521145e-06,Hemiptera
2928,1688.7201232910156,2445.80908203125,1700.0,2500.0,4.6976915655250195e-06,Hemiptera
2929,2492.1343688964844,908.8910217285156,2500.0,971.6996612548828,4.6926411414460745e-06,Hemiptera
2930,3920.3177795410156,2345.219482421875,3958.5047302246094,2367.1341552734375,4.662948413169943e-06,Hemiptera
2931,1311.161231994629,2880.463897705078,1387.3638153076172,2899.8917541503906,4.637868642021203e-06,Hemiptera
2932,1693.11181640625,982.3529510498047,1700.0,1045.8723754882812,4.631252068065805e-06,Hemiptera
2933,3713.598487854004,488.53961181640625,3767.4193572998047,499.96405029296875,4.626559984899359e-06,Hemiptera
2934,2092.237091064453,1842.7811584472656,2100.0,1924.1303405761719,4.61884019387071e-06,Hemiptera
2935,1600.048840045929,868.0057983398438,1631.113088607788,900.0,4.595527116180165e-06,Hemiptera
2936,892.8885498046875,878.8728256225586,900.0,946.4081115722656,4.591137894749409e-06,Hemiptera
2937,2802.339720726013,1600.0090926885605,2862.856376647949,1606.4123601913452,4.580078893923201e-06,Hemiptera
2938,1689.0146179199219,1600,1700.0,1621.6282539367676,4.530014393822057e-06,Hemiptera
2939,2107.7965698242188,1175.3304443359375,2146.1329956054688,1226.7913818359375,4.522792551142629e-06,Hemiptera
2940,4272.900207519531,3286.972625732422,4347.962860107422,3299.883270263672,4.5173565013101324e-06,Hemiptera
2941,582.4195404052734,891.7272033691406,640.9758605957031,899.9257507324219,4.4721682570525445e-06,Hemiptera
2942,1952.5985717773438,2892.1295166015625,2021.4136047363281,2899.986846923828,4.449451353139011e-06,Hemiptera
2943,1200.0207033008337,2404.906636238098,1206.0182800292969,2462.134063720703,4.43192720922525e-06,Hemiptera
2944,1510.9942016601562,2883.1632080078125,1611.4269714355469,2899.5721435546875,4.41511610915768e-06,Hemiptera
2945,1293.5500183105469,1916.7302551269531,1300.0,2010.4249572753906,4.414198429003591e-06,Hemiptera
2946,4235.893157958984,3072.1605834960938,4264.030227661133,3197.0030212402344,4.379316578706494e-06,Hemiptera
2947,3693.5381774902344,122.04108428955078,3700.0,188.39564514160156,4.375909611553652e-06,Hemiptera
2948,1449.2140350341797,1288.5740356445312,1533.178955078125,1299.8239440917969,4.369712769403122e-06,Hemiptera
2949,2000.012731552124,836.9868278503418,2006.505298614502,922.3753433227539,4.331698619353119e-06,Hemiptera
2950,4328.53108215332,3444.4683532714844,4391.3238525390625,3455.8031616210938,4.30822456110036e-06,Hemiptera
2951,1323.7166137695312,2488.332763671875,1393.9812927246094,2499.9596557617188,4.287153387849685e-06,Hemiptera
2952,2000.010059028864,2278.6339416503906,2008.1666412353516,2363.4735717773438,4.247778633725829e-06,Hemiptera
2953,4443.229675292969,538.0571594238281,4499.765197753906,691.9998779296875,4.247523520461982e-06,Hemiptera
2954,1973.4522705078125,885.5230407714844,2053.2313232421875,899.96728515625,4.210736733512022e-06,Hemiptera
2955,2891.302215576172,1200,2899.982940673828,1261.7568016052246,4.164594884059625e-06,Hemiptera
2956,2893.3948364257812,1456.2061157226562,2900.0,1519.427490234375,4.140556484344415e-06,Hemiptera
2957,3746.3952026367188,2136.6495361328125,3786.748504638672,2168.637680053711,4.140422333875904e-06,Hemiptera
2958,1288.5040283203125,1744.5623626708984,1299.9490661621094,1806.4540557861328,4.129680291953264e-06,Hemiptera
2959,4092.829803466797,23.238801956176758,4100.0,87.531494140625,4.092926701559918e-06,Hemiptera
2960,3200,86.82203674316406,3206.6379747390747,204.8645477294922,4.084811735083349e-06,Hemiptera
2961,2065.57373046875,862.326904296875,2099.939239501953,899.9854125976562,4.063508185936371e-06,Hemiptera
2962,4314.934600830078,3285.8422241210938,4392.045684814453,3299.752899169922,3.9530505091534e-06,Hemiptera
2963,4179.09358215332,2885.3328857421875,4222.03963470459,2899.7518615722656,3.94938797398936e-06,Hemiptera
2964,4457.769256591797,1200.0822857022285,4500.0,1224.5688915252686,3.917760750482557e-06,Hemiptera
2965,1200.0817626714706,0.01837611198425293,1236.7318153381348,24.32645606994629,3.834608378383564e-06,Hemiptera
2966,678.2648010253906,2086.6302490234375,751.9534606933594,2100.0,3.8207954276003875e-06,Hemiptera
2967,4250.461868286133,1685.2941589355469,4330.823699951172,1699.8218383789062,3.767289854295086e-06,Hemiptera
2968,3375.3596954345703,3198.9285583496094,3399.2086486816406,3215.1087646484375,3.7057225199532695e-06,Hemiptera
2969,4586.048889160156,1653.7500305175781,4607.954132080078,1699.8306274414062,3.696425437738071e-06,Hemiptera
2970,3792.5221405029297,487.47882080078125,3870.2879028320312,499.7812194824219,3.6893889046041295e-06,Hemiptera
2971,851.2692565917969,892.45166015625,900.0,899.998291015625,3.677515906019835e-06,Hemiptera
2972,4493.906555175781,1262.0066413879395,4500.0,1324.859489440918,3.6697276755148778e-06,Hemiptera
2973,528.8091125488281,3232.5775756835938,630.4244995117188,3284.236297607422,3.64604147762293e-06,Hemiptera
2974,1616.8606071472168,717.5579528808594,1690.841079711914,753.8369750976562,3.6427256873139413e-06,Hemiptera
2975,694.5073547363281,716.2969970703125,758.0308532714844,770.2629699707031,3.6388198623171775e-06,Hemiptera
2976,1600.0255785882473,1807.529541015625,1607.806598186493,1884.627685546875,3.6041928979102522e-06,Hemiptera
2977,2094.4268798828125,572.5626678466797,2100.0,636.4893646240234,3.4922843497042777e-06,Hemiptera
2978,4566.998016357422,1200.0811073929071,4608.0,1205.7363657951355,3.4802424124791287e-06,Hemiptera
2979,3560.8018493652344,2800,3620.736358642578,2805.9261054992676,3.41279519489035e-06,Hemiptera
2980,4350.615783691406,476.3672561645508,4360.9501953125,530.2928161621094,3.40201972903742e-06,Hemiptera
2981,1421.4713592529297,2869.6723022460938,1455.9409637451172,2894.7127380371094,3.263398639319348e-06,Hemiptera
2982,1471.478271484375,2886.8961791992188,1536.1112060546875,2899.870147705078,3.2057896532933228e-06,Hemiptera
2983,1200.4513621330261,2585.0785217285156,1227.6719455718994,2665.919403076172,3.1692934499005787e-06,Hemiptera
2984,1693.8174743652344,2663.3401489257812,1700.0,2740.865936279297,3.1127783586271107e-06,Hemiptera
2985,449.8630065917969,0.15964806079864502,499.71405029296875,31.14422607421875,2.875359996323823e-06,Hemiptera
2986,893.454833984375,1628.1237125396729,900.0,1682.3728408813477,2.581690523584257e-06,Hemiptera
2987,477.0997009277344,2088.8602294921875,556.5311889648438,2099.9705200195312,2.4969422156573273e-06,Hemiptera
2988,3635.7109985351562,107.24788665771484,3700.0,486.45172119140625,0.024901635944843292,Hymenoptera
2989,2648.783966064453,2361.514404296875,2989.528274536133,2543.9137573242188,0.01693379506468773,Hymenoptera
2990,1424.197250366211,0.0,1700.0,82.09589385986328,0.00681730080395937,Hymenoptera
2991,2000.0,1200.0,2317.871795654297,1324.365493774414,0.006301593501120806,Hymenoptera
2992,1200.0,400.0,1358.645492553711,470.7573547363281,0.003110843012109399,Hymenoptera
2993,2643.5008087158203,1257.5418395996094,2900.0,1300.0,0.002892431803047657,Hymenoptera
2994,800.0,2082.602310180664,818.3753185272217,2256.5909729003906,0.0023389337584376335,Hymenoptera
2995,2721.483123779297,1952.6587829589844,2959.432373046875,2143.148880004883,0.0021334653720259666,Hymenoptera
2996,602.4073181152344,2800.0,870.84375,2889.892135620117,0.0021312555763870478,Hymenoptera
2997,1251.5986671447754,2000.0,1585.1966247558594,2058.5710067749023,0.001470354851335287,Hymenoptera
2998,3067.9310302734375,400.0,3352.79638671875,496.6206512451172,0.0014187563210725784,Hymenoptera
2999,1854.76513671875,1173.1614685058594,2100.0,1362.3070983886719,0.001416926272213459,Hymenoptera
3000,1171.872802734375,2000.0,1340.9730377197266,2161.7254791259766,0.0013019025791436434,Hymenoptera
3001,3499.7684326171875,800.0,3699.8016967773438,863.1863784790039,0.0011309286346659064,Hymenoptera
3002,2800.0,1200.0,2928.3702850341797,1353.797119140625,0.0011276304721832275,Hymenoptera
3003,2218.3548431396484,800.0,2485.9149780273438,827.7913208007812,0.001078784349374473,Hymenoptera
3004,3142.0416870117188,400.0,3242.333709716797,433.50188064575195,0.0010265475139021873,Hymenoptera
3005,2086.0887145996094,3133.609390258789,2099.9825439453125,3280.231201171875,0.0009851002832874656,Hymenoptera
3006,4570.961395263672,2862.1645698547363,4608.0,2981.9576263427734,0.0008542275172658265,Hymenoptera
3007,800.0,2419.1224975585938,1199.0625305175781,2501.018714904785,0.0008419051882810891,Hymenoptera
3008,2989.2565155029297,2000.0,3116.032684326172,2022.1873378753662,0.0008329866104759276,Hymenoptera
3009,1587.095458984375,1143.9270629882812,1792.9808807373047,1357.7653350830078,0.0008129439083859324,Hymenoptera
3010,800.0,2492.6486053466797,942.2418518066406,2900.0,0.000761503993999213,Hymenoptera
3011,2780.7076110839844,0.0,2921.3713760375977,103.70252227783203,0.0007577877258881927,Hymenoptera
3012,1125.7174987792969,1600.0,1273.5632019042969,1622.6942291259766,0.0007229865295812488,Hymenoptera
3013,2540.323211669922,0.01408793032169342,2708.9736328125,16.08278465270996,0.0006859419518150389,Hymenoptera
3014,3914.476287841797,1600.0,4088.5591201782227,1696.5787048339844,0.0006606882670894265,Hymenoptera
3015,3600.0,400.0,3866.095672607422,454.13879013061523,0.0006518444861285388,Hymenoptera
3016,3927.1161193847656,400.0,4125.872039794922,500.3019790649414,0.0006439549615606666,Hymenoptera
3017,4000.0,197.8314971923828,4022.950340270996,348.4798889160156,0.0006066362839192152,Hymenoptera
3018,400.0,1600.0,580.7369689941406,1777.0820617675781,0.0005655804998241365,Hymenoptera
3019,2313.9046325683594,1142.5501708984375,2550.8673553466797,1389.8285064697266,0.000563221808988601,Hymenoptera
3020,2346.994873046875,2432.2291259765625,2500.0,2500.0,0.0005570703069679439,Hymenoptera
3021,765.8058471679688,2000.344181060791,913.6752624511719,2138.8247680664062,0.0005536428652703762,Hymenoptera
3022,3528.79296875,1600.0,3639.773193359375,1613.4889068603516,0.0005535769741982222,Hymenoptera
3023,1980.1253356933594,381.51824951171875,2143.340805053711,534.8065185546875,0.0005230933893471956,Hymenoptera
3024,0.0,2353.678741455078,29.988649368286133,2493.9986267089844,0.0005126061732880771,Hymenoptera
3025,306.5666809082031,0.0,996.4595489501953,101.17140197753906,0.000511825957801193,Hymenoptera
3026,400.0,400.0,580.7662658691406,494.5180206298828,0.00050260970601812,Hymenoptera
3027,1536.8807983398438,1200.0,1777.1011047363281,1322.0312805175781,0.0005002485704608262,Hymenoptera
3028,3135.247589111328,1600.0,3329.969482421875,1760.6896209716797,0.0004928738926537335,Hymenoptera
3029,2243.597930908203,2400.0,2385.3836669921875,2416.0405921936035,0.0004871299024671316,Hymenoptera
3030,2369.3275451660156,1981.8161926269531,2537.2899780273438,2140.8713989257812,0.000479543989058584,Hymenoptera
3031,1600.0,138.81094360351562,1639.7841110229492,277.1907653808594,0.0004691169015131891,Hymenoptera
3032,915.7980117797852,2956.0,1133.3844299316406,2975.8037719726562,0.0004629893519449979,Hymenoptera
3033,4526.107421875,866.0419311523438,4608.0,900.0,0.00045465645962394774,Hymenoptera
3034,4464.087219238281,2956.0,4608.0,3025.353225708008,0.00045265210792422295,Hymenoptera
3035,1168.4703979492188,2000.0,1248.4898681640625,2113.0930786132812,0.00044583212002180517,Hymenoptera
3036,2498.431465148926,889.4373779296875,2663.1639099121094,900.0,0.0004457145987544209,Hymenoptera
3037,1200.0,1977.9482421875,1226.257562637329,2111.9388732910156,0.0004428687389008701,Hymenoptera
3038,1600.0,800.0,1798.7273864746094,893.1546783447266,0.00043034658301621675,Hymenoptera
3039,0.0,551.8262939453125,90.97014617919922,900.0,0.0004283294838387519,Hymenoptera
3040,3031.6246795654297,2400.0,3176.605712890625,2413.4235515594482,0.00041898852214217186,Hymenoptera
3041,3575.753387451172,800.0,3743.840301513672,899.5905380249023,0.00041384517680853605,Hymenoptera
3042,2294.6467895507812,400.0,2450.3571166992188,424.1059341430664,0.0004079715290572494,Hymenoptera
3043,1360.1788787841797,2400.0,1522.9754943847656,2416.3075065612793,0.000407800282118842,Hymenoptera
3044,884.0680618286133,2843.692207336426,1074.5361633300781,2931.4024047851562,0.0004047798865940422,Hymenoptera
3045,1582.5049743652344,3059.3050537109375,1688.8411560058594,3456.0,0.0003918713773600757,Hymenoptera
3046,3523.734375,2800.0,3769.532669067383,2878.651412963867,0.00038938349462114275,Hymenoptera
3047,2307.746826171875,2800,2384.232940673828,2806.2762355804443,0.000388937012758106,Hymenoptera
3048,3115.1412353515625,2400.000362098217,3211.5269165039062,2407.9324679374695,0.0003804528387263417,Hymenoptera
3049,4400.3681640625,0.0,4542.528167724609,33.39597702026367,0.0003757995436899364,Hymenoptera
3050,2400.0,2000.1681327819824,2555.6885986328125,2125.46378326416,0.00037238962249830365,Hymenoptera
3051,737.8140869140625,800.0,924.6969604492188,902.5097351074219,0.00036559035652317107,Hymenoptera
3052,800.0,492.2716522216797,843.0879936218262,599.0180358886719,0.00035927174030803144,Hymenoptera
3053,2857.027256011963,2000.0,2965.3577575683594,2013.6688947677612,0.0003510250826366246,Hymenoptera
3054,3525.304473876953,2956.0,3700.0,3096.847442626953,0.0003316967049613595,Hymenoptera
3055,1600.0,2800.0,1806.125259399414,2912.178924560547,0.00032660170109011233,Hymenoptera
3056,2181.7499237060547,800.0,2292.9702758789062,813.6917676925659,0.00032311223912984133,Hymenoptera
3057,1566.7900390625,434.56793212890625,1699.2130126953125,500.0,0.00031239388044923544,Hymenoptera
3058,2510.413101196289,400.0,2635.2556915283203,413.61784744262695,0.000310073490254581,Hymenoptera
3059,744.0263671875,2400.0,875.4714050292969,2415.5426845550537,0.0003086263022851199,Hymenoptera
3060,1672.5430603027344,1200.034175813198,1699.806884765625,1223.7415752410889,0.00030652614077553153,Hymenoptera
3061,3673.9271240234375,676.2814636230469,3700.0,856.0252075195312,0.00030435377266258,Hymenoptera
3062,4518.892486572266,400.0,4608.0,444.15304946899414,0.00030419480754062533,Hymenoptera
3063,3665.5723190307617,2800.0,3803.1809844970703,2814.818747520447,0.00029765695217065513,Hymenoptera
3064,1519.1116333007812,1600.0,1689.6786193847656,1620.3820133209229,0.0002950910129584372,Hymenoptera
3065,1781.53759765625,3406.75390625,2495.972412109375,3456.0,0.0002901802072301507,Hymenoptera
3066,3872.673553466797,3444.864715576172,3983.3140869140625,3456.0,0.00028719750116579235,Hymenoptera
3067,1199.1442260742188,2775.6602172851562,1344.1399688720703,2932.0411376953125,0.00028597970958799124,Hymenoptera
3068,3455.2843017578125,2082.421600341797,3551.37744140625,2100.0,0.00028551495051942766,Hymenoptera
3069,400.0,393.7460021972656,420.8117256164551,518.362190246582,0.00028063124045729637,Hymenoptera
3070,2800.0,2400.0,2844.5544357299805,2579.0262451171875,0.0002798593486659229,Hymenoptera
3071,1726.370475769043,0.0,1842.5447998046875,34.15444564819336,0.0002789639984257519,Hymenoptera
3072,2948.9010162353516,800.0,3106.4163208007812,816.8896636962891,0.00027325437986291945,Hymenoptera
3073,3994.625946044922,1945.5205078125,4145.2900390625,2120.288429260254,0.0002730223932303488,Hymenoptera
3074,4085.9393920898438,381.59503173828125,4100.0,440.2673645019531,0.00027060374850407243,Hymenoptera
3075,0.0,1.5516539812088013,202.7930908203125,422.83209228515625,0.0002669368404895067,Hymenoptera
3076,155.94403076171875,2400.0,308.14605712890625,2412.160653114319,0.00026058938237838447,Hymenoptera
3077,3200.0,1200.0,3331.837387084961,1353.0019836425781,0.0002604539622552693,Hymenoptera
3078,2377.678924560547,800.0,2542.806884765625,898.6741790771484,0.0002583359892014414,Hymenoptera
3079,1180.5375366210938,2091.3269958496094,1308.421875,2100.0,0.0002551581710577011,Hymenoptera
3080,2880.4143295288086,1244.5079956054688,2920.9985580444336,1274.8418884277344,0.00025493325665593147,Hymenoptera
3081,2740.509552001953,400.0,2916.5381927490234,506.78253173828125,0.00025058898609131575,Hymenoptera
3082,400.0,1705.9813385009766,506.1653366088867,2110.4867095947266,0.00024527288042008877,Hymenoptera
3083,2367.9522399902344,850.5196571350098,2550.865219116211,1245.8185119628906,0.00024269911227747798,Hymenoptera
3084,1347.070785522461,1692.5019836425781,1432.2543640136719,1700.0,0.00024213215510826558,Hymenoptera
3085,737.9607238769531,1584.0998229980469,949.1566009521484,1700.0,0.00024193069839384407,Hymenoptera
3086,3543.751678466797,2000.0,3700.0,2039.4901847839355,0.00023799670452717692,Hymenoptera
3087,3338.733367919922,2417.5980224609375,3698.340850830078,2500.0,0.00023761556076351553,Hymenoptera
3088,3494.3348388671875,2956.0,3635.602294921875,2972.244165420532,0.0002354822208872065,Hymenoptera
3089,2086.8977966308594,2400.0,2207.8626403808594,2413.8365001678467,0.0002276095183333382,Hymenoptera
3090,800.0,2800.0,956.0839691162109,2938.917510986328,0.00022581084340345114,Hymenoptera
3091,3278.0106353759766,800.0,3399.870590209961,813.084644317627,0.00021768675651401281,Hymenoptera
3092,4108.000680983067,1049.5500030517578,4128.47917175293,1209.9678039550781,0.0002175875852117315,Hymenoptera
3093,4000.0,2000.0,4152.792572021484,2079.695701599121,0.0002159125724574551,Hymenoptera
3094,3285.1436767578125,2573.3809204101562,3300.0,2796.6800842285156,0.00021190271945670247,Hymenoptera
3095,2617.241958618164,1200.0065565109253,2799.2594604492188,1228.9080028533936,0.00020817448967136443,Hymenoptera
3096,2592.5570068359375,400.0,2738.586883544922,414.4894151687622,0.0002068454778054729,Hymenoptera
3097,0.008480250835418701,515.6565704345703,31.785953521728516,684.4555358886719,0.000205866017495282,Hymenoptera
3098,1200.2102136611938,1200.0,1364.726303100586,1301.0044326782227,0.0002051093615591526,Hymenoptera
3099,3098.7621459960938,800.0,3300.0,852.1294364929199,0.00020401047368068248,Hymenoptera
3100,3582.0120849609375,1600.0,3714.2116928100586,1731.7181091308594,0.00020357832545414567,Hymenoptera
3101,3200.0,3056.820114135742,3300.0,3444.898406982422,0.0002033224591286853,Hymenoptera
3102,3089.7833862304688,1971.1032104492188,3337.448455810547,2384.0353088378906,0.00020062754629179835,Hymenoptera
3103,2000.0,504.34002685546875,2091.5621795654297,900.0,0.00020014129404444247,Hymenoptera
3104,1188.5440063476562,3081.8672943115234,1300.0,3453.2555541992188,0.00019767653429880738,Hymenoptera
3105,2574.621109008789,2800,2620.275161743164,2804.75625705719,0.00019727190374396741,Hymenoptera
3106,0.0,880.7845611572266,40.70425033569336,1064.2552490234375,0.00019649417663458735,Hymenoptera
3107,400.01253485679626,260.14801025390625,436.9117317199707,361.0239562988281,0.00019635968783404678,Hymenoptera
3108,4577.679168701172,382.2086181640625,4608.0,542.1608276367188,0.000195677115698345,Hymenoptera
3109,561.241455078125,1600.0,684.922119140625,1613.8673124313354,0.0001944660907611251,Hymenoptera
3110,2085.1255798339844,2277.3522338867188,2099.9403381347656,2389.6686401367188,0.00019314060045871884,Hymenoptera
3111,2602.740997314453,2000.0,2735.7589721679688,2016.6847171783447,0.00019182285177521408,Hymenoptera
3112,2714.692596435547,2000.0,2899.8993530273438,2066.422492980957,0.00018864413141272962,Hymenoptera
3113,2273.203369140625,3393.54736328125,3056.2874755859375,3456.0,0.00018768840527627617,Hymenoptera
3114,2708.5880737304688,2066.594207763672,2899.990020751953,2100.0,0.00018479424761608243,Hymenoptera
3115,2101.638114929199,2956.0,2226.0269165039062,2971.5946922302246,0.00018429748888593167,Hymenoptera
3116,911.466194152832,2490.4804077148438,1085.8412780761719,2584.410446166992,0.00018390551849734038,Hymenoptera
3117,1348.5002746582031,400.0,1459.1145935058594,429.31158447265625,0.00018378911772742867,Hymenoptera
3118,4550.5550537109375,2400.0,4607.9637451171875,2441.873561859131,0.00018282308883499354,Hymenoptera
3119,800.0049829483032,763.0709533691406,824.2390193939209,928.2574157714844,0.0001825209183152765,Hymenoptera
3120,3948.8627014160156,0.0,4127.460800170898,112.34798431396484,0.00018212645954918116,Hymenoptera
3121,3460.1683959960938,1600.0,3576.1231384277344,1628.5387897491455,0.00018134925630874932,Hymenoptera
3122,3200.0,773.9186706542969,3233.0122871398926,924.1906433105469,0.00018116536375600845,Hymenoptera
3123,1291.4987564086914,2000.0,1482.6264038085938,2031.0666389465332,0.00018099079898092896,Hymenoptera
3124,1895.7979736328125,2956.0,1990.5032958984375,2969.702826499939,0.00018091435777023435,Hymenoptera
3125,1200.0,0.0,1338.1226959228516,101.6057357788086,0.00017996209498960525,Hymenoptera
3126,1589.2461242675781,1579.9564819335938,1752.7067413330078,1756.6488800048828,0.00017748397658579051,Hymenoptera
3127,3200.0104680657387,925.3794708251953,3225.693012237549,1061.5688781738281,0.0001774083502823487,Hymenoptera
3128,2750.1258850097656,1600.0,2974.2044525146484,1723.4000549316406,0.00017681896861176938,Hymenoptera
3129,2245.276824951172,400.0,2362.4322814941406,414.4999179840088,0.0001713054080028087,Hymenoptera
3130,1200.0,2800.0,1339.077392578125,2894.106117248535,0.00017007596034090966,Hymenoptera
3131,4299.433898925781,0.0,4501.849090576172,22.620771408081055,0.00016948959091678262,Hymenoptera
3132,1059.0899353027344,3287.1693725585938,1214.9817810058594,3300.0,0.00016929044795688242,Hymenoptera
3133,4383.97998046875,3442.1554260253906,4512.666656494141,3456.0,0.00016839709132909775,Hymenoptera
3134,0.0,666.6413269042969,23.731462478637695,789.8345336914062,0.00016701038111932576,Hymenoptera
3135,1503.6084289550781,2000.0,1641.2896118164062,2024.5354976654053,0.00016658572712913156,Hymenoptera
3136,0.007382035255432129,3162.6765747070312,128.84225463867188,3336.368438720703,0.00016650061297696084,Hymenoptera
3137,3372.3325958251953,2000.0,3507.8948364257812,2013.4279336929321,0.00016415445134043694,Hymenoptera
3138,3687.8636474609375,2128.2239685058594,3700.0,2224.144500732422,0.00016358056745957583,Hymenoptera
3139,694.8106384277344,2000.0,899.8399658203125,2070.8041076660156,0.00016357524145860225,Hymenoptera
3140,2682.8524475097656,2754.9979248046875,2900.0,2900.0,0.00016263836005236953,Hymenoptera
3141,1014.0727996826172,2956.017426162958,1121.942626953125,2974.4519329071045,0.0001608153252163902,Hymenoptera
3142,2000.0,150.83164978027344,2041.9073295593262,274.0820007324219,0.00015969645755831152,Hymenoptera
3143,3600.0,800.0,3668.9536361694336,875.253532409668,0.00015677980263717473,Hymenoptera
3144,3277.6082763671875,1600.0,3417.0905151367188,1612.6051397323608,0.0001565663405926898,Hymenoptera
3145,2909.7944259643555,3445.684783935547,2989.4786376953125,3456.0,0.000155159505084157,Hymenoptera
3146,3979.7452392578125,462.6865234375,4040.204444885254,500.0,0.000154867724631913,Hymenoptera
3147,400.0,2000.0,446.7259330749512,2105.8216247558594,0.0001532218884676695,Hymenoptera
3148,2421.561836242676,2000.0,2515.8556594848633,2014.5608882904053,0.0001497329940320924,Hymenoptera
3149,1600.0,2519.9083938598633,1640.6977615356445,2621.146224975586,0.00014961026317905635,Hymenoptera
3150,400.3161549568176,800.0,537.7119750976562,847.3594055175781,0.00014495149662252516,Hymenoptera
3151,2800.0,1187.3047790527344,2912.7590408325195,1272.053810119629,0.00014286604709923267,Hymenoptera
3152,673.1287536621094,2400.0,785.42578125,2414.0146141052246,0.00014265965728554875,Hymenoptera
3153,3200.0,2956.0,3525.3772888183594,3028.218147277832,0.00014255251153372228,Hymenoptera
3154,3600.0,1243.0753784179688,3777.697769165039,1300.0,0.00014205668412614614,Hymenoptera
3155,2847.3768310546875,1688.4084777832031,2954.665283203125,1700.0,0.00014113048382569104,Hymenoptera
3156,1172.6978149414062,2800.0,1264.2042541503906,2823.186616897583,0.00013936897448729724,Hymenoptera
3157,3141.9710998535156,2797.117889404297,3322.850143432617,2945.671371459961,0.00013931089779362082,Hymenoptera
3158,3200.0,2353.6836853027344,3358.1754302978516,2600.5183715820312,0.00013898716133553535,Hymenoptera
3159,756.9513244628906,1553.697021484375,937.2644653320312,1766.0897827148438,0.00013862278137821704,Hymenoptera
3160,451.3827819824219,2400.0,656.5496826171875,2417.998785018921,0.0001384899951517582,Hymenoptera
3161,1544.8583068847656,0.0,1760.8098907470703,152.17335510253906,0.00013840934843756258,Hymenoptera
3162,1953.7344970703125,2000.0,2100.0,2100.509880065918,0.00013679065159521997,Hymenoptera
3163,1200.0,1296.9193420410156,1353.3765869140625,1734.0292053222656,0.00013658848183695227,Hymenoptera
3164,2867.634307861328,0.0,2961.7093353271484,14.821667671203613,0.00013620727986562997,Hymenoptera
3165,1312.041648864746,1966.3717651367188,1421.4821319580078,2028.1519470214844,0.00013331763329915702,Hymenoptera
3166,30.069908142089844,0.0,825.5045166015625,146.68357849121094,0.00013277945981826633,Hymenoptera
3167,3200.0,2800.0,3700.0,2899.2667236328125,0.00012938397412654012,Hymenoptera
3168,2385.9737548828125,2080.190887451172,2474.97900390625,2100.0,0.00012880811118520796,Hymenoptera
3169,3692.08846282959,0.0,3867.699951171875,63.65748596191406,0.0001279375283047557,Hymenoptera
3170,800.0,1244.5869216918945,871.1979293823242,1331.5183410644531,0.00012738814984913915,Hymenoptera
3171,388.2381591796875,0.0,531.4580383300781,88.40025329589844,0.0001271597429877147,Hymenoptera
3172,2129.970733642578,891.1857604980469,2258.8579711914062,900.0,0.00012678781058639288,Hymenoptera
3173,1200.0,1645.192527770996,1228.3331394195557,1743.2888946533203,0.00012660404900088906,Hymenoptera
3174,3137.9451293945312,2093.3980102539062,3207.3668823242188,2100.0,0.00012633729784283787,Hymenoptera
3175,0.0,0.0,424.0732421875,344.19189453125,0.0001253047666978091,Hymenoptera
3176,128.61831665039062,3290.4940490722656,238.57374572753906,3300.0,0.00012529951345641166,Hymenoptera
3177,4580.562805175781,1394.6224822998047,4608.0,1481.6265869140625,0.00012344200513325632,Hymenoptera
3178,1166.7735595703125,2891.150665283203,1266.0103759765625,2900.0,0.00012252201850060374,Hymenoptera
3179,1635.165096282959,0.016149505972862244,1771.5028686523438,9.819361686706543,0.0001221536222146824,Hymenoptera
3180,4053.196807861328,2800.0,4100.0,2890.2677993774414,0.00012204521772218868,Hymenoptera
3181,1570.8583984375,387.6638488769531,1717.9544296264648,466.9310607910156,0.0001209006950375624,Hymenoptera
3182,1674.150375366211,2000.0,1807.3796997070312,2012.7827777862549,0.00012060040899086744,Hymenoptera
3183,2113.1108779907227,0.0881832093000412,2268.7862854003906,15.97755241394043,0.00012047615746269003,Hymenoptera
3184,2626.9488830566406,0.026165321469306946,2740.4415283203125,21.637313842773438,0.00012041322770528495,Hymenoptera
3185,1711.9970092773438,3441.401153564453,1855.656478881836,3456.0,0.00011968984472332522,Hymenoptera
3186,3338.325469970703,0.014296919107437134,3450.166702270508,14.782889366149902,0.00011940930562559515,Hymenoptera
3187,1600.0,268.0155334472656,1641.388027191162,353.78271484375,0.00011889812594745308,Hymenoptera
3188,4512.340087890625,2400.0,4608.0,2433.7911529541016,0.00011854062177008018,Hymenoptera
3189,1008.0330810546875,400.0,1104.4402160644531,413.8768558502197,0.00011717974120983854,Hymenoptera
3190,2353.0486450195312,800.0,2467.9262084960938,845.7464141845703,0.00011501044355100021,Hymenoptera
3191,0.2844810485839844,1200.0061009079218,82.45308685302734,1228.1187324523926,0.00011407527199480683,Hymenoptera
3192,4464.929534912109,2858.6694717407227,4500.0,2916.428352355957,0.00011290056863799691,Hymenoptera
3193,2800.0,2319.782684326172,2811.1662197113037,2438.328369140625,0.00011269072274444625,Hymenoptera
3194,1570.7453308105469,0.0,1681.1837692260742,119.08395385742188,0.00011147117766086012,Hymenoptera
3195,1571.7961730957031,533.1728973388672,1699.8472290039062,900.0,0.00011063100100727752,Hymenoptera
3196,2297.8369750976562,800.0,2425.672821044922,815.7737731933594,0.00011046633881051093,Hymenoptera
3197,1600.0431902706623,551.3478088378906,1612.859561920166,676.058349609375,0.00011022464605048299,Hymenoptera
3198,1976.53466796875,2086.1962890625,2037.48828125,2100.0,0.00011009292938979343,Hymenoptera
3199,2553.6067962646484,1600.0,2678.207550048828,1613.3544702529907,0.00010990496230078861,Hymenoptera
3200,3762.5792846679688,3442.5923767089844,3869.8343200683594,3456.0,0.0001097715285141021,Hymenoptera
3201,4000.0,3302.090789794922,4015.7895679473877,3456.0,0.00010927304538199678,Hymenoptera
3202,3896.9544372558594,0.0,4035.630615234375,27.78095054626465,0.00010812243272084743,Hymenoptera
3203,3338.8963928222656,400.0,3594.5340270996094,455.9692192077637,0.00010798147559398785,Hymenoptera
3204,2873.1792602539062,0.023746490478515625,2900.0,35.846248626708984,0.00010779013246065006,Hymenoptera
3205,1734.4452362060547,1686.6162719726562,1815.0550842285156,1700.0,0.00010737711272668093,Hymenoptera
3206,2488.1571350097656,2101.7534255981445,2500.0,2168.872528076172,0.000105886188976001,Hymenoptera
3207,4090.5212173461914,800.0,4152.0764503479,887.7192001342773,0.0001058193520293571,Hymenoptera
3208,3600.0513076782227,423.36547470092773,3620.6473426818848,668.6850891113281,0.00010484047379577532,Hymenoptera
3209,2747.98828125,0.016661733388900757,2868.535614013672,18.851810455322266,0.00010441307676956058,Hymenoptera
3210,2823.33544921875,2000.0,2901.1359329223633,2074.011505126953,0.00010382164327893406,Hymenoptera
3211,641.6117706298828,489.48040771484375,751.7360534667969,500.0,0.00010335855040466413,Hymenoptera
3212,2486.7483825683594,2088.2012329101562,2565.6768798828125,2100.0,0.0001027213511406444,Hymenoptera
3213,2800.0,0.07791146636009216,2866.2231826782227,48.53767013549805,0.00010173299961024895,Hymenoptera
3214,936.1788787841797,0.0,1147.1181945800781,37.4090690612793,0.00010076117177959532,Hymenoptera
3215,1297.7450866699219,2956.0,1382.9836120605469,2968.898808479309,0.00010044880036730319,Hymenoptera
3216,1778.552505493164,3288.5699157714844,1920.3912353515625,3300.0,9.98609684756957e-05,Hymenoptera
3217,680.2581787109375,2093.6553955078125,779.2734985351562,2100.0,9.943497570930049e-05,Hymenoptera
3218,1278.3099746704102,0.07475018501281738,1416.5484619140625,15.029040336608887,9.936303831636906e-05,Hymenoptera
3219,2000.0,1268.4963684082031,2026.789161682129,1373.4936065673828,9.913155372487381e-05,Hymenoptera
3220,2425.0066833496094,2800.0111520290375,2500.0,2910.9730377197266,9.834836237132549e-05,Hymenoptera
3221,2558.046371459961,2956.0,2634.6422119140625,2963.2089233398438,9.750067692948505e-05,Hymenoptera
3222,400.0,3030.3580932617188,489.5026321411133,3371.5958251953125,9.624190715840086e-05,Hymenoptera
3223,0,1066.0225524902344,16.273990631103516,1150.7645568847656,9.61403566179797e-05,Hymenoptera
3224,2000.0,96.5078353881836,2030.6784572601318,178.7266082763672,9.497999417362735e-05,Hymenoptera
3225,1600.017488002777,1600.0,1750.3993377685547,1649.6486015319824,9.465467883273959e-05,Hymenoptera
3226,800.0,2878.0785522460938,840.6524696350098,2989.8172302246094,9.443370799999684e-05,Hymenoptera
3227,798.7341613769531,2000.0,923.1733703613281,2078.579833984375,9.398049587616697e-05,Hymenoptera
3228,2887.8335571289062,400,2899.861297607422,441.7572135925293,9.358557872474194e-05,Hymenoptera
3229,4448.436553955078,2800.0,4533.173004150391,2844.5782775878906,9.315295028500259e-05,Hymenoptera
3230,4000.0,292.4959411621094,4030.100559234619,433.3279724121094,9.309557935921475e-05,Hymenoptera
3231,4003.3279418945312,1600.0085920095444,4112.972831726074,1618.6246643066406,9.301643149228767e-05,Hymenoptera
3232,800.0,2526.9648056030273,812.7547006607056,2681.4490661621094,9.299238445237279e-05,Hymenoptera
3233,1992.1580200195312,1600.0,2063.150604248047,1745.2822265625,9.244290413334966e-05,Hymenoptera
3234,766.0418701171875,1200.0,947.0328369140625,1267.9947204589844,9.221635991707444e-05,Hymenoptera
3235,4198.311279296875,3448.6809692382812,4298.348052978516,3456.0,9.178753680316731e-05,Hymenoptera
3236,1927.3482055664062,400.0,2142.52392578125,499.6825485229492,9.148404933512211e-05,Hymenoptera
3237,2511.38826751709,2000.0,2613.4029083251953,2015.9586486816406,9.117783338297158e-05,Hymenoptera
3238,3687.551727294922,2548.092269897461,3699.9718322753906,2656.4859008789062,9.092647087527439e-05,Hymenoptera
3239,1075.3439331054688,2400.0,1209.6038208007812,2415.0214700698853,9.069024963537231e-05,Hymenoptera
3240,1594.3901672363281,2125.942024230957,1685.9272384643555,2500.0,8.994981180876493e-05,Hymenoptera
3241,4108.0,126.29943084716797,4137.40521812439,271.7811584472656,8.931781485443935e-05,Hymenoptera
3242,464.1585693359375,400.0,572.0840454101562,414.5046558380127,8.850431186147034e-05,Hymenoptera
3243,3577.15625,0.0,3730.455596923828,77.69537353515625,8.820243238005787e-05,Hymenoptera
3244,2947.1901245117188,2400.0,3073.34033203125,2415.588967323303,8.799895294941962e-05,Hymenoptera
3245,1182.989990234375,1200.0,1378.7301788330078,1342.8220825195312,8.745695231482387e-05,Hymenoptera
3246,3538.5593872070312,0.0,3664.503807067871,78.75921630859375,8.693319250596687e-05,Hymenoptera
3247,3669.366050720215,800.0,3749.604202270508,813.2301120758057,8.63570676301606e-05,Hymenoptera
3248,2800.0,2400.174033641815,2819.1570930480957,2598.18896484375,8.541163697373122e-05,Hymenoptera
3249,3465.996124267578,2956.0,3588.5372619628906,2970.5943031311035,8.519452239852399e-05,Hymenoptera
3250,1061.4297790527344,1288.7023010253906,1164.74169921875,1300.0,8.516202797181904e-05,Hymenoptera
3251,3633.6880798339844,1600.0,3728.757339477539,1673.0776901245117,8.496233203914016e-05,Hymenoptera
3252,3650.2653198242188,2956,3700.0,3020.776298522949,8.477569645037875e-05,Hymenoptera
3253,1813.2296142578125,486.93505859375,1964.4353942871094,500.0,8.448735752608627e-05,Hymenoptera
3254,4533.044830322266,0.019787251949310303,4607.998962402344,41.30706024169922,8.44023161334917e-05,Hymenoptera
3255,2480.8168334960938,2729.243408203125,2500.0,2799.6900024414062,8.415029151365161e-05,Hymenoptera
3256,3600.0027552247047,800.2638101577759,3615.286985397339,904.6054153442383,8.39191852719523e-05,Hymenoptera
3257,3998.335723876953,3441.054168701172,4125.703071594238,3456.0,8.388605783693492e-05,Hymenoptera
3258,3600.0,1200.0,3641.528076171875,1254.534984588623,8.354510646313429e-05,Hymenoptera
3259,1600.0,2989.824203491211,1680.6660385131836,3369.7608947753906,8.287112723337486e-05,Hymenoptera
3260,4443.0780029296875,800.0,4500.260406494141,821.781816482544,8.236408029915765e-05,Hymenoptera
3261,2400.0,0.011964887380599976,2590.5398559570312,81.13941955566406,8.210483065340668e-05,Hymenoptera
3262,2000.0,1600.2626657485962,2019.397008895874,1793.9740447998047,8.178951975423843e-05,Hymenoptera
3263,4292.170104980469,3445.1324462890625,4401.112945556641,3456.0,8.147945482051e-05,Hymenoptera
3264,1952.219970703125,3400.0078125,2909.578857421875,3456.0,8.147301559802145e-05,Hymenoptera
3265,2425.9929809570312,2485.832794189453,2500.0,2500.0,8.138728298945352e-05,Hymenoptera
3266,1709.7631454467773,2487.8501892089844,1826.553207397461,2500.0,8.075319783529267e-05,Hymenoptera
3267,1600.0,1200.4810791015625,1616.6137599945068,1366.4017639160156,8.064408029895276e-05,Hymenoptera
3268,1031.4348754882812,2881.3140869140625,1141.59326171875,2900.0,8.02897266112268e-05,Hymenoptera
3269,1674.0061645507812,3051.059860229492,1700.0,3323.957244873047,8.007861470105127e-05,Hymenoptera
3270,2485.8113403320312,126.2044448852539,2500.0,239.40908813476562,7.999045919859782e-05,Hymenoptera
3271,1466.5458679199219,1284.6350708007812,1713.2503509521484,1300.0,7.951103907544166e-05,Hymenoptera
3272,3159.1246948242188,1600.0,3343.529037475586,1666.217872619629,7.848787208786234e-05,Hymenoptera
3273,964.4984588623047,1600.0,1124.4299011230469,1614.3749132156372,7.833003473933786e-05,Hymenoptera
3274,4000.0441670417786,121.44219970703125,4025.1307067871094,260.0301208496094,7.831217953935266e-05,Hymenoptera
3275,800.0,1600.0,945.4293060302734,1689.5043106079102,7.827201625332236e-05,Hymenoptera
3276,2169.545364379883,2400.0,2301.4324645996094,2415.00323677063,7.798860315233469e-05,Hymenoptera
3277,1817.6647186279297,1200.0,2042.8765258789062,1222.255283355713,7.796502904966474e-05,Hymenoptera
3278,4385.0423583984375,3292.279998779297,4493.913360595703,3300.0,7.753352110739797e-05,Hymenoptera
3279,1820.941665649414,1600.0,1947.4662170410156,1615.1010465621948,7.613470370415598e-05,Hymenoptera
3280,800.0,2224.223922729492,831.8291664123535,2326.6542358398438,7.56766676204279e-05,Hymenoptera
3281,3577.5066833496094,800.0507012009621,3661.3973999023438,813.9067544937134,7.430121331708506e-05,Hymenoptera
3282,931.3507843017578,0.0024765729904174805,1054.539535522461,36.8233642578125,7.400718459393829e-05,Hymenoptera
3283,3659.2309951782227,0.0,3769.346649169922,12.94432258605957,7.332074892474338e-05,Hymenoptera
3284,2800.0,1600.0,2817.4689140319824,1738.5438842773438,7.284800813067704e-05,Hymenoptera
3285,2949.683883666992,487.68218994140625,3053.0306854248047,500.0,7.18239534762688e-05,Hymenoptera
3286,2400.0,1200.0,2485.159767150879,1316.660987854004,7.179239037213847e-05,Hymenoptera
3287,1600.0,2285.3570861816406,1635.4214057922363,2370.2020568847656,7.159125379985198e-05,Hymenoptera
3288,2815.7420043945312,2086.987548828125,2922.8138885498047,2100.0,7.136169006116688e-05,Hymenoptera
3289,954.9041290283203,1288.87060546875,1034.9541473388672,1300.0,7.05577404005453e-05,Hymenoptera
3290,4268.102752685547,2956.0,4356.986389160156,2982.5235691070557,7.05123384250328e-05,Hymenoptera
3291,469.0474548339844,2000.0,719.1637878417969,2086.2805786132812,7.044943049550056e-05,Hymenoptera
3292,3364.8861236572266,1600.0,3485.1304931640625,1612.6537437438965,7.040067430352792e-05,Hymenoptera
3293,2000.0,2400.0,2073.597770690918,2514.778305053711,7.023644866421819e-05,Hymenoptera
3294,2871.8299255371094,2400.0,2900.0,2537.125274658203,6.9911424361635e-05,Hymenoptera
3295,400.0,2641.5861206054688,428.0041904449463,2808.3328247070312,6.965807551750913e-05,Hymenoptera
3296,3200.532257080078,2022.5861549377441,3320.822883605957,2415.7176513671875,6.957523146411404e-05,Hymenoptera
3297,3200.0,0.0,3340.6258392333984,109.59773254394531,6.94706104695797e-05,Hymenoptera
3298,3164.2924194335938,800.0,3276.1746139526367,813.7818422317505,6.92943503963761e-05,Hymenoptera
3299,1600.0183083117008,2196.7230834960938,1629.653060913086,2327.3943481445312,6.905489863129333e-05,Hymenoptera
3300,4173.418472290039,0.0,4286.310760498047,15.982690811157227,6.900836160639301e-05,Hymenoptera
3301,1788.9734802246094,3448.4671020507812,1868.7074279785156,3456.0,6.897158164065331e-05,Hymenoptera
3302,2251.4290313720703,1691.9090881347656,2352.0064392089844,1700.0,6.881305307615548e-05,Hymenoptera
3303,557.8834075927734,2886.112274169922,636.2164916992188,2899.9952697753906,6.844198651378974e-05,Hymenoptera
3304,4108.010868906975,3340.421600341797,4135.412677764893,3447.1426391601562,6.808441685279831e-05,Hymenoptera
3305,3115.2466735839844,400.00821202993393,3205.878173828125,413.7848720550537,6.782494892831892e-05,Hymenoptera
3306,840.3644409179688,2000.0,929.5721588134766,2057.678253173828,6.768790626665577e-05,Hymenoptera
3307,3172.073760986328,2400.0,3353.3572845458984,2450.5111236572266,6.746223516529426e-05,Hymenoptera
3308,4079.4554748535156,400.0009447336197,4145.393402099609,414.6855592727661,6.724245031364262e-05,Hymenoptera
3309,2354.275421142578,2490.2362670898438,2457.4176635742188,2500.0,6.721507088514045e-05,Hymenoptera
3310,2710.0337524414062,1600.0,2819.377960205078,1615.376724243164,6.721199315506965e-05,Hymenoptera
3311,2361.6175537109375,0.0,2526.267204284668,94.23873138427734,6.705572741338983e-05,Hymenoptera
3312,0.0,2792.8560180664062,67.59297943115234,2932.7373962402344,6.649276474490762e-05,Hymenoptera
3313,2969.7913208007812,1600.0,3088.5225830078125,1615.380666732788,6.58613134874031e-05,Hymenoptera
3314,3723.426483154297,1600.0,3841.7630004882812,1606.6507110595703,6.548405508510768e-05,Hymenoptera
3315,2339.1759033203125,0.0,2463.6012573242188,23.186967849731445,6.514429696835577e-05,Hymenoptera
3316,3266.972640991211,2400.0,3405.8515014648438,2413.4147243499756,6.492345710285008e-05,Hymenoptera
3317,2053.1950454711914,1677.1658020019531,2105.7409286499023,1699.9723510742188,6.49175708531402e-05,Hymenoptera
3318,3746.0476837158203,1200.0,3870.3722534179688,1208.2420806884766,6.46214684820734e-05,Hymenoptera
3319,0.0,443.4914093017578,67.0859375,528.7279052734375,6.435279647121206e-05,Hymenoptera
3320,2742.2969360351562,1688.6423950195312,2868.8983154296875,1700.0,6.403880979632959e-05,Hymenoptera
3321,2701.3861694335938,2400.0,2806.9568481445312,2413.165192604065,6.387023313436657e-05,Hymenoptera
3322,4485.366271972656,2800.0,4551.914611816406,2842.290325164795,6.377243698807433e-05,Hymenoptera
3323,1572.223388671875,3444.4169006347656,1649.3866882324219,3456.0,6.367016612784937e-05,Hymenoptera
3324,1522.320556640625,494.3382263183594,1595.7135314941406,500.0,6.342503911582753e-05,Hymenoptera
3325,3160.139373779297,2000.0,3293.290985107422,2022.4765815734863,6.33744421065785e-05,Hymenoptera
3326,1600.0,3225.978790283203,1727.0865097045898,3300.0,6.33265299256891e-05,Hymenoptera
3327,2112.206985473633,800.0,2242.643783569336,814.8915882110596,6.318892701528966e-05,Hymenoptera
3328,3600.0,946.5543823242188,3613.12131690979,1098.6156921386719,6.299874075921252e-05,Hymenoptera
3329,2457.2123413085938,2000.0,2541.679000854492,2030.2621574401855,6.282026879489422e-05,Hymenoptera
3330,0.0,2956.0060565769672,112.65816497802734,3038.561897277832,6.279601802816615e-05,Hymenoptera
3331,35.459007263183594,1289.8788452148438,144.8788604736328,1300.0,6.253259925870225e-05,Hymenoptera
3332,527.2068939208984,1682.2967376708984,660.2760009765625,1728.0452423095703,6.252491584746167e-05,Hymenoptera
3333,2400.0,1674.5211639404297,2421.9251956939697,1804.5662231445312,6.240238872123882e-05,Hymenoptera
3334,1600.0,1475.9139404296875,1637.234447479248,1564.0097045898438,6.192429282236844e-05,Hymenoptera
3335,2470.3527069091797,889.8897094726562,2585.002731323242,900.0,6.152286368887872e-05,Hymenoptera
3336,2694.724884033203,2000.0,2819.1936950683594,2015.908920288086,6.102677434682846e-05,Hymenoptera
3337,1885.5027770996094,1600.0,1974.4860229492188,1630.8296852111816,6.0949827457079664e-05,Hymenoptera
3338,1060.5192565917969,0.034184008836746216,1185.8734741210938,25.05411720275879,6.091083923820406e-05,Hymenoptera
3339,1600.0,460.34022521972656,1639.9950790405273,523.595703125,6.067268623155542e-05,Hymenoptera
3340,0.0,3321.253173828125,32.37772750854492,3444.7490234375,6.060693704057485e-05,Hymenoptera
3341,2337.230926513672,891.0911560058594,2442.173583984375,900.0,6.0044098063372076e-05,Hymenoptera
3342,3194.097381591797,2800.0,3299.8556213378906,2900.0,5.985447205603123e-05,Hymenoptera
3343,800.0,858.1869583129883,821.2050666809082,980.3121032714844,5.982268703519367e-05,Hymenoptera
3344,800.001472234726,282.822998046875,845.3587989807129,397.7620544433594,5.981572394375689e-05,Hymenoptera
3345,2847.016143798828,1600.0,2900.0,1709.4560623168945,5.9681999118765816e-05,Hymenoptera
3346,4476.677032470703,3195.1250610351562,4607.446868896484,3339.6953125,5.9487272665137425e-05,Hymenoptera
3347,400.0,503.4528274536133,427.92266273498535,599.1338195800781,5.923728531342931e-05,Hymenoptera
3348,1238.0073585510254,0.24321973323822021,1330.5955810546875,42.69807434082031,5.861109821125865e-05,Hymenoptera
3349,0.008918344974517822,2510.5051498413086,13.673952102661133,2699.0780334472656,5.839770528837107e-05,Hymenoptera
3350,3739.793228149414,2892.6461181640625,3808.772994995117,2900.0,5.797317498945631e-05,Hymenoptera
3351,3200.0,653.3123016357422,3226.0175437927246,758.4151916503906,5.7925099099520594e-05,Hymenoptera
3352,1305.3959350585938,2088.962158203125,1437.2504272460938,2100.0,5.7876062783179805e-05,Hymenoptera
3353,4088.4976654052734,3445.0125732421875,4199.339004516602,3456.0,5.7794495660346e-05,Hymenoptera
3354,2800.2426624298096,800.0,2972.1590728759766,894.5359497070312,5.7779066992225125e-05,Hymenoptera
3355,3200.3671169281006,1200.0,3310.0690841674805,1259.5158462524414,5.7636589190224186e-05,Hymenoptera
3356,0.014582276344299316,2873.2056579589844,43.24370574951172,2962.2515716552734,5.744710870203562e-05,Hymenoptera
3357,4454.209381103516,1686.480224609375,4556.302032470703,1700.0,5.689152385457419e-05,Hymenoptera
3358,4108.062920153141,913.9226913452148,4122.495261192322,1011.9263153076172,5.6819739256752655e-05,Hymenoptera
3359,580.580322265625,800.0,695.0965270996094,817.4947643280029,5.643853364745155e-05,Hymenoptera
3360,1134.2278137207031,1692.9763793945312,1260.4218444824219,1700.0,5.639974551741034e-05,Hymenoptera
3361,1402.8875427246094,2800.0,1501.2168884277344,2809.2595624923706,5.617017814074643e-05,Hymenoptera
3362,3523.093475341797,2000.0,3635.487091064453,2014.0372858047485,5.613430039375089e-05,Hymenoptera
3363,3600.0,1424.551254272461,3626.8508911132812,1589.4666137695312,5.600095755653456e-05,Hymenoptera
3364,1903.9395141601562,800.0,2100.0,885.7653579711914,5.5787058954592794e-05,Hymenoptera
3365,3932.2815856933594,400.0,4035.1671142578125,407.77336072921753,5.5029573559295386e-05,Hymenoptera
3366,400.01242086291313,140.52877807617188,444.3229179382324,267.70574951171875,5.4853484471095726e-05,Hymenoptera
3367,3665.428985595703,2800.0,3700.0,2836.9376106262207,5.469620373332873e-05,Hymenoptera
3368,3591.336639404297,1600.0056855380535,3683.3537063598633,1607.5627369880676,5.468374365591444e-05,Hymenoptera
3369,1200.0,1852.520751953125,1234.3782539367676,1945.4779968261719,5.423373659141362e-05,Hymenoptera
3370,880.380615234375,0.06168782711029053,899.9698486328125,38.600502014160156,5.3878931794315577e-05,Hymenoptera
3371,725.839111328125,387.9969177246094,899.7453308105469,510.21484375,5.351959771360271e-05,Hymenoptera
3372,3600.0,1221.876298904419,3618.2649211883545,1341.7938690185547,5.335819878382608e-05,Hymenoptera
3373,2400.0,483.04164123535156,2418.613655090332,631.5313110351562,5.3343097533797845e-05,Hymenoptera
3374,0.0,2863.5384559631348,38.947357177734375,3003.525550842285,5.231194882071577e-05,Hymenoptera
3375,2000.0,2319.4978637695312,2012.5291719436646,2446.1954650878906,5.22580485267099e-05,Hymenoptera
3376,400.01116693019867,589.9167022705078,429.6853790283203,746.8650817871094,5.214579505263828e-05,Hymenoptera
3377,2228.332229614258,400.0,2322.6006469726562,413.2911739349365,5.181595042813569e-05,Hymenoptera
3378,2876.852264404297,33.10153579711914,2899.9283447265625,105.16862487792969,5.175559999770485e-05,Hymenoptera
3379,2787.6644592285156,400.0,2870.0948791503906,419.3861789703369,5.156534462003037e-05,Hymenoptera
3380,3600.0,2006.8400268554688,3638.2543601989746,2100.0,5.136143590789288e-05,Hymenoptera
3381,3702.0623931884766,2956.0,3808.8282318115234,2969.770601272583,5.1148177590221167e-05,Hymenoptera
3382,800.0,400.5207657814026,826.3104114532471,524.3370513916016,5.109952326165512e-05,Hymenoptera
3383,0.0,2400.0,48.84052276611328,2434.862590789795,5.090429840493016e-05,Hymenoptera
3384,3200.0,2800.040817260742,3228.8500900268555,2980.658203125,5.059673640062101e-05,Hymenoptera
3385,3297.6340408325195,400.0,3379.755584716797,413.51222133636475,5.047572267358191e-05,Hymenoptera
3386,2232.0120391845703,1200.0,2535.085922241211,1253.4044036865234,5.029395470046438e-05,Hymenoptera
3387,1200.0,2400.0,1332.5039520263672,2527.0142211914062,5.0100850785383955e-05,Hymenoptera
3388,4000.0,0.06436705589294434,4026.046356201172,122.62593841552734,5.001626050216146e-05,Hymenoptera
3389,1174.0169677734375,2400.0,1355.302001953125,2534.415023803711,4.974986586603336e-05,Hymenoptera
3390,4000.017722696066,1662.4823570251465,4026.448205947876,1766.8888092041016,4.9428115744376555e-05,Hymenoptera
3391,3784.0933837890625,2800.0,3973.4057006835938,2840.1282653808594,4.91711834911257e-05,Hymenoptera
3392,3200.024628639221,3405.497833251953,3261.8386611938477,3456.0,4.903861918137409e-05,Hymenoptera
3393,0.0,1200.0,51.47770690917969,1336.9971313476562,4.899313353234902e-05,Hymenoptera
3394,2456.047332763672,1200.0,2500.0,1243.6087837219238,4.8832913307705894e-05,Hymenoptera
3395,4436.509216308594,3293.799102783203,4519.846923828125,3300.0,4.876855018665083e-05,Hymenoptera
3396,2400.0056102871895,556.5377349853516,2435.3606147766113,706.5562133789062,4.865775554208085e-05,Hymenoptera
3397,2983.431671142578,2494.1370849609375,3075.9575805664062,2500.0,4.858986721956171e-05,Hymenoptera
3398,2851.0211486816406,2800.2501130104065,2899.8412475585938,2912.0904693603516,4.856726445723325e-05,Hymenoptera
3399,3600.0,1567.5987548828125,3621.0365295410156,1761.6080322265625,4.760499723488465e-05,Hymenoptera
3400,400.0007949769497,2117.533966064453,432.9144287109375,2282.3798217773438,4.742213059216738e-05,Hymenoptera
3401,0.0,0.6336688995361328,20.504240036010742,135.90829467773438,4.736513801617548e-05,Hymenoptera
3402,4569.592376708984,1200.0,4608.0,1233.8527793884277,4.735913171316497e-05,Hymenoptera
3403,3600.0178173184395,1013.7853088378906,3613.8040018081665,1134.7609558105469,4.728972271550447e-05,Hymenoptera
3404,3687.0759887695312,0,3699.8731689453125,29.472511291503906,4.7274839744204655e-05,Hymenoptera
3405,2400.0,828.6849060058594,2436.3875732421875,899.9271850585938,4.7225141315720975e-05,Hymenoptera
3406,671.0724792480469,400.0,779.5324096679688,414.72897815704346,4.7118075599428266e-05,Hymenoptera
3407,2800.0,872.9987640380859,2829.6619930267334,996.2618560791016,4.708143023890443e-05,Hymenoptera
3408,2958.6493072509766,2000.0,3042.423370361328,2014.453408241272,4.7077384806470945e-05,Hymenoptera
3409,3378.671890258789,1200.0,3503.4910583496094,1212.2352228164673,4.706167965196073e-05,Hymenoptera
3410,2835.4573364257812,1600.0,2925.442337036133,1616.5336532592773,4.700269710156135e-05,Hymenoptera
3411,2315.3250122070312,892.4166564941406,2385.9135131835938,900.0,4.690973582910374e-05,Hymenoptera
3412,1479.6222534179688,1290.1796264648438,1616.9969177246094,1300.0,4.686913234763779e-05,Hymenoptera
3413,2062.5135231018066,0.050233304500579834,2159.4834594726562,19.317916870117188,4.616048317984678e-05,Hymenoptera
3414,2698.1932983398438,2088.897979736328,2781.094696044922,2100.0,4.610474206856452e-05,Hymenoptera
3415,2800.0,3041.7027893066406,2812.7774085998535,3128.9610748291016,4.5924305595690385e-05,Hymenoptera
3416,3857.3319396972656,400.0,3972.1880493164062,412.9799108505249,4.586872455547564e-05,Hymenoptera
3417,3672.0608825683594,1723.9773254394531,3700.0,1952.1230163574219,4.5802153181284666e-05,Hymenoptera
3418,899.7693939208984,2000.0,1007.8181915283203,2013.8780460357666,4.5798526116413996e-05,Hymenoptera
3419,3958.9044189453125,1687.8669738769531,4041.54248046875,1700.0,4.567138967104256e-05,Hymenoptera
3420,1765.7992858886719,491.9259033203125,1891.6259155273438,500.0,4.5349366700975224e-05,Hymenoptera
3421,3376.0841064453125,3288.6755981445312,3538.30126953125,3300.0,4.4877124310005456e-05,Hymenoptera
3422,800.0069819390774,2350.4061279296875,815.1495237350464,2540.6153411865234,4.444992373464629e-05,Hymenoptera
3423,1651.5772094726562,400.0,1762.1407470703125,415.9312057495117,4.433883077581413e-05,Hymenoptera
3424,3855.0987548828125,1689.4153137207031,3982.0519104003906,1700.0,4.424797589308582e-05,Hymenoptera
3425,4266.245223999023,0.0,4387.027313232422,14.61203670501709,4.4086529669584706e-05,Hymenoptera
3426,4000.0,1156.1915283203125,4067.6515197753906,1429.5909118652344,4.408030872582458e-05,Hymenoptera
3427,3280.0433959960938,84.76424407958984,3300.0,320.35302734375,4.398520468384959e-05,Hymenoptera
3428,3196.223175048828,1291.73193359375,3274.7390747070312,1300.0,4.398394230520353e-05,Hymenoptera
3429,1196.58056640625,1600.0,1276.4993515014648,1630.326992034912,4.34967914770823e-05,Hymenoptera
3430,400.0,2956.0,476.7521057128906,3016.3909912109375,4.3327672756277025e-05,Hymenoptera
3431,1600.0,2933.0379180908203,1748.1810607910156,3072.316436767578,4.332444950705394e-05,Hymenoptera
3432,0.0,2998.939567565918,37.650115966796875,3188.280548095703,4.3243260734016076e-05,Hymenoptera
3433,2000.0,3270.5567321777344,2013.048357963562,3375.6353759765625,4.3182641093153507e-05,Hymenoptera
3434,774.9767150878906,1200.0,847.2835502624512,1265.0439529418945,4.309135692892596e-05,Hymenoptera
3435,1163.2568664550781,2956.008212774992,1246.66748046875,2970.5129737854004,4.291939694667235e-05,Hymenoptera
3436,456.7242736816406,1376.292465209961,662.967529296875,1531.589111328125,4.284721944713965e-05,Hymenoptera
3437,1538.7362670898438,800.0,1729.9634857177734,936.9718017578125,4.2800456867553294e-05,Hymenoptera
3438,940.9196319580078,1200.0,1171.7953186035156,1250.1337699890137,4.265865572961047e-05,Hymenoptera
3439,1200.0039517879486,1678.205307006836,1242.3174095153809,1843.363525390625,4.2651696276152506e-05,Hymenoptera
3440,2747.553924560547,800.0,2900.976432800293,897.0593795776367,4.255654494045302e-05,Hymenoptera
3441,2000.0,800.0,2141.5111694335938,904.6739349365234,4.224149233778007e-05,Hymenoptera
3442,2233.459503173828,890.8799133300781,2300.5066833496094,900.0,4.22142657043878e-05,Hymenoptera
3443,3845.7953033447266,2800.0,3943.433380126953,2815.9467458724976,4.195301153231412e-05,Hymenoptera
3444,623.0709991455078,1692.596923828125,680.9677124023438,1700.0,4.1883493395289406e-05,Hymenoptera
3445,3171.6044311523438,2492.5541381835938,3289.471855163574,2500.0,4.180934774922207e-05,Hymenoptera
3446,3810.0650329589844,2088.668243408203,3912.6703491210938,2100.0,4.1506988054607064e-05,Hymenoptera
3447,224.50067138671875,0.0,884.3541259765625,139.12399291992188,4.1419600165681913e-05,Hymenoptera
3448,1600.0,2000.3494143486023,1687.3070983886719,2181.5604095458984,4.140534656471573e-05,Hymenoptera
3449,0.0,2622.046371459961,24.405960083007812,2779.6102600097656,4.134682967560366e-05,Hymenoptera
3450,2400.0,226.4354705810547,2431.357109069824,332.4285888671875,4.123539474676363e-05,Hymenoptera
3451,3600.0,3340.9058227539062,3625.7995777130127,3445.1800842285156,4.115211413591169e-05,Hymenoptera
3452,857.6887969970703,1600.0,980.2427368164062,1614.6796808242798,4.091615119250491e-05,Hymenoptera
3453,3711.6736068725586,1693.6392211914062,3814.5179748535156,1700.0,4.084165266249329e-05,Hymenoptera
3454,941.0101623535156,2000.0,1026.3796844482422,2015.8667478561401,4.083526800968684e-05,Hymenoptera
3455,3600.004668533802,1686.6181106567383,3643.7559242248535,1800.1472473144531,4.051475116284564e-05,Hymenoptera
3456,2400.0,1639.4370422363281,2453.0272369384766,1700.0,4.036681275465526e-05,Hymenoptera
3457,1160.8780822753906,2087.553680419922,1245.6629638671875,2099.9852294921875,4.03274898417294e-05,Hymenoptera
3458,3601.7079949378967,2087.289581298828,3699.8946228027344,2100.0,4.002367495559156e-05,Hymenoptera
3459,2228.286163330078,0.07025860249996185,2324.958984375,18.77094268798828,3.9929851482156664e-05,Hymenoptera
3460,2396.1771850585938,3288.681365966797,2500.0,3300.0,3.9927148463902995e-05,Hymenoptera
3461,2000.0244289636612,608.0229797363281,2016.183910369873,681.1738891601562,3.956849468522705e-05,Hymenoptera
3462,891.3665924072266,3446.2893981933594,1028.5506744384766,3456.0,3.954578278353438e-05,Hymenoptera
3463,970.8259582519531,2800.0,1100.0155029296875,2815.911933898926,3.954035128117539e-05,Hymenoptera
3464,691.6182861328125,1291.0252685546875,826.2564697265625,1300.0,3.935196582460776e-05,Hymenoptera
3465,2800.0,1679.3938598632812,2839.2079162597656,1769.5232391357422,3.927615762222558e-05,Hymenoptera
3466,1161.1552124023438,3202.804931640625,1300.0,3332.8277587890625,3.917403955711052e-05,Hymenoptera
3467,3162.913787841797,2956.0,3300.0,3015.260581970215,3.917385038221255e-05,Hymenoptera
3468,3200.007876753807,127.4312744140625,3214.780076980591,241.19424438476562,3.9005022699711844e-05,Hymenoptera
3469,2448.1000061035156,2400.0,2532.0796661376953,2443.4549560546875,3.884573743562214e-05,Hymenoptera
3470,3792.568389892578,1290.5908203125,3901.0592651367188,1300.0,3.8662576116621494e-05,Hymenoptera
3471,1200.0,3314.4616088867188,1233.7925720214844,3456.0,3.860488141071983e-05,Hymenoptera
3472,769.4046630859375,3436.9151611328125,854.8979797363281,3456.0,3.845159517368302e-05,Hymenoptera
3473,2728.1572875976562,400.0,2835.995330810547,430.466402053833,3.843587182927877e-05,Hymenoptera
3474,1151.5428466796875,2400.0,1247.4403991699219,2414.3718585968018,3.843231388600543e-05,Hymenoptera
3475,525.1617660522461,1200.0,603.44873046875,1213.7383375167847,3.841985380859114e-05,Hymenoptera
3476,1600.0,1314.603759765625,1641.1304931640625,1422.0216217041016,3.8364421925507486e-05,Hymenoptera
3477,1600.0030379742384,3347.021453857422,1626.9996490478516,3456.0,3.831963476841338e-05,Hymenoptera
3478,3726.583885192871,2091.0775146484375,3869.5835876464844,2100.0,3.8088612200226635e-05,Hymenoptera
3479,976.9175415039062,800.0,1125.8223571777344,816.7349491119385,3.796354212681763e-05,Hymenoptera
3480,1653.7645263671875,1501.3538208007812,1699.9075927734375,1575.65869140625,3.7899513699812815e-05,Hymenoptera
3481,3432.900619506836,892.1873474121094,3491.5116271972656,900.0,3.758784441743046e-05,Hymenoptera
3482,400.0,2878.18221282959,434.6512565612793,3003.8916625976562,3.720089443959296e-05,Hymenoptera
3483,2728.1566772460938,2454.950897216797,2917.7383422851562,2500.0,3.713617115863599e-05,Hymenoptera
3484,3077.8809509277344,888.2615966796875,3178.0609741210938,900.0,3.7047037039883435e-05,Hymenoptera
3485,1965.7594604492188,2000.0,2065.7931213378906,2032.318202972412,3.688990545924753e-05,Hymenoptera
3486,1969.841796875,1600.0,2120.0403442382812,1667.0674591064453,3.6873199860565364e-05,Hymenoptera
3487,2908.5719146728516,892.7776489257812,2964.711212158203,900.0,3.6794830521102995e-05,Hymenoptera
3488,2848.8093338012695,885.0897827148438,2912.2152099609375,900.0,3.6653065762948245e-05,Hymenoptera
3489,2400,1598.9366149902344,2413.427993774414,1691.2833557128906,3.660175570985302e-05,Hymenoptera
3490,400.0,0.0,464.3353576660156,83.4505844116211,3.6305915273260325e-05,Hymenoptera
3491,1436.5893859863281,2491.3285217285156,1562.2481384277344,2500.0,3.606728569138795e-05,Hymenoptera
3492,1600.0,2000.0,1732.3110046386719,2087.4495849609375,3.599372212192975e-05,Hymenoptera
3493,3445.9061126708984,1689.92578125,3538.7571716308594,1700.0,3.586321327020414e-05,Hymenoptera
3494,1066.1844787597656,1200.0,1190.53515625,1219.3932819366455,3.5815024602925405e-05,Hymenoptera
3495,0.007286667823791504,1762.8682556152344,32.72235870361328,1889.6686096191406,3.565451697795652e-05,Hymenoptera
3496,0.0,1173.4343566894531,16.966625213623047,1338.9286346435547,3.556218507583253e-05,Hymenoptera
3497,3021.1072998046875,800.0,3128.3309326171875,814.3513793945312,3.54802432411816e-05,Hymenoptera
3498,919.8053512573242,1600.0,1024.0898895263672,1615.0106506347656,3.541540718288161e-05,Hymenoptera
3499,3717.9389038085938,400.0,3804.686264038086,406.83940744400024,3.5361510526854545e-05,Hymenoptera
3500,1875.2229309082031,400.0,1950.4866027832031,424.24879455566406,3.507843939587474e-05,Hymenoptera
3501,1650.3484268188477,3446.6432189941406,1740.1324310302734,3456.0,3.4895499993581325e-05,Hymenoptera
3502,1664.4777755737305,2400.0072591006756,1790.7992858886719,2414.395761489868,3.474898403510451e-05,Hymenoptera
3503,2059.393310546875,2082.4153442382812,2100.0,2099.884796142578,3.441609442234039e-05,Hymenoptera
3504,2663.0157775878906,400.0,2774.0387573242188,408.0608081817627,3.424372698646039e-05,Hymenoptera
3505,1600.0096008181572,1695.2064895629883,1612.8635272979736,1793.4286346435547,3.42195708071813e-05,Hymenoptera
3506,2569.165069580078,1676.4026489257812,2655.6863708496094,1700.0,3.419194035814144e-05,Hymenoptera
3507,2019.0969543457031,1200.0,2103.200340270996,1215.1551036834717,3.417218613321893e-05,Hymenoptera
3508,2857.7745666503906,1200.0,2983.6443634033203,1207.9317917823792,3.410443605389446e-05,Hymenoptera
3509,880.7336730957031,2000.0,899.9169921875,2033.0411262512207,3.4099462936865166e-05,Hymenoptera
3510,800.0003822147846,601.0917205810547,834.3658638000488,705.59228515625,3.405026291147806e-05,Hymenoptera
3511,725.9027099609375,3099.877227783203,929.8353729248047,3390.967529296875,3.3940625144168735e-05,Hymenoptera
3512,2577.6341857910156,400.0,2643.593017578125,413.77014923095703,3.37739875249099e-05,Hymenoptera
3513,4000.0,1835.3592834472656,4047.9818267822266,1966.3518981933594,3.370265767443925e-05,Hymenoptera
3514,1600.0025354325771,2711.6679077148438,1630.4589099884033,2822.2630615234375,3.358865433256142e-05,Hymenoptera
3515,1133.0801086425781,791.1566772460938,1299.88134765625,899.8997802734375,3.34527030645404e-05,Hymenoptera
3516,3200.4499673843384,891.8060302734375,3314.8985900878906,900.0,3.3426742447772995e-05,Hymenoptera
3517,2000.0,187.0856475830078,2040.5520248413086,347.35699462890625,3.329414175823331e-05,Hymenoptera
3518,2800.0,1337.1411590576172,2816.786518096924,1489.3261108398438,3.325333454995416e-05,Hymenoptera
3519,2532.4458618164062,800.0,2636.546188354492,816.450605392456,3.322531483718194e-05,Hymenoptera
3520,800.0,153.63760375976562,837.6083717346191,259.4841003417969,3.318528979434632e-05,Hymenoptera
3521,4485.2027587890625,2400.030166655779,4587.921539306641,2427.6433906555176,3.308631858089939e-05,Hymenoptera
3522,766.5052490234375,1288.1318664550781,884.7327270507812,1300.0,3.306433427496813e-05,Hymenoptera
3523,3562.2182006835938,2800.0,3661.5279693603516,2826.677967071533,3.29256035911385e-05,Hymenoptera
3524,3064.3011169433594,1600.0008523464203,3161.6238708496094,1615.519003868103,3.285318234702572e-05,Hymenoptera
3525,4466.71630859375,0.0,4580.700988769531,13.944297790527344,3.282875695731491e-05,Hymenoptera
3526,3102.5882568359375,1291.0697021484375,3203.0469970703125,1300.0,3.2662715966580436e-05,Hymenoptera
3527,1931.2221069335938,2090.762176513672,2018.989990234375,2100.0,3.264577753725462e-05,Hymenoptera
3528,0.0,842.0966186523438,47.547576904296875,900.0,3.2546831789659336e-05,Hymenoptera
3529,4588.115692138672,1589.1602172851562,4608.0,1649.0341796875,3.243342871428467e-05,Hymenoptera
3530,2105.933174133301,1689.5264282226562,2181.345504760742,1700.0,3.240755177102983e-05,Hymenoptera
3531,2847.2842445373535,1293.4921875,2963.5796966552734,1300.0,3.2363139325752854e-05,Hymenoptera
3532,4535.29052734375,1693.2794189453125,4607.634368896484,1700.0,3.212535739294253e-05,Hymenoptera
3533,4464.0333251953125,2956.0,4560.396392822266,2971.19132232666,3.207392728654668e-05,Hymenoptera
3534,1200.0,1200.0,1240.714054107666,1275.5906677246094,3.205512257409282e-05,Hymenoptera
3535,784.3616333007812,2481.7691650390625,880.6354522705078,2499.984893798828,3.200841820216738e-05,Hymenoptera
3536,755.2216491699219,890.8194580078125,845.9281921386719,900.0,3.1996973120840266e-05,Hymenoptera
3537,0.0,2956.0,56.66627883911133,3032.85799407959,3.1768024200573564e-05,Hymenoptera
3538,574.7590484619141,3186.6927490234375,900.0,3300.0,3.165537418681197e-05,Hymenoptera
3539,3575.194305419922,1649.6955871582031,3672.5675659179688,1700.0,3.164182271575555e-05,Hymenoptera
3540,3056.164794921875,0.03262907266616821,3161.0509338378906,14.914666175842285,3.161344284308143e-05,Hymenoptera
3541,2230.027084350586,1200.0,2423.8250732421875,1230.3884029388428,3.153383295284584e-05,Hymenoptera
3542,2980.8873138427734,891.1459045410156,3096.2036743164062,900.0,3.138328975182958e-05,Hymenoptera
3543,3681.995246887207,1600.0,3777.763397216797,1606.9530515670776,3.12534612021409e-05,Hymenoptera
3544,2850.4323120117188,1862.9254455566406,2899.856658935547,1925.9869689941406,3.112835474894382e-05,Hymenoptera
3545,3306.3487548828125,0.060170888900756836,3388.026107788086,32.38600540161133,3.104638381046243e-05,Hymenoptera
3546,790.1848754882812,400.0,899.875732421875,414.3441047668457,3.102927439613268e-05,Hymenoptera
3547,2400.0,0.0,2572.6023864746094,135.20159912109375,3.094215935561806e-05,Hymenoptera
3548,400.0,784.6404113769531,474.2436294555664,852.9032592773438,3.074872802244499e-05,Hymenoptera
3549,257.554443359375,2400.0,448.4909973144531,2502.38338470459,3.071982791880146e-05,Hymenoptera
3550,800.0165969133377,3341.4073486328125,841.217960357666,3443.2498168945312,3.068562728003599e-05,Hymenoptera
3551,400.0,2800.0,536.8403778076172,2921.6606826782227,3.063796611968428e-05,Hymenoptera
3552,2800.0,1007.6316375732422,2817.788900375366,1116.4678955078125,3.056602872675285e-05,Hymenoptera
3553,2482.3903198242188,0.0,2499.915252685547,39.78533172607422,3.053039836231619e-05,Hymenoptera
3554,2185.552230834961,2956.0035233795643,2264.1500549316406,2976.275131225586,3.0362083634827286e-05,Hymenoptera
3555,1200.0469982624054,1792.9717559814453,1242.728672027588,1896.7648010253906,3.034176552318968e-05,Hymenoptera
3556,2829.863311767578,1600.0,2887.3060607910156,1605.732578277588,3.0254042940214276e-05,Hymenoptera
3557,854.8873901367188,2800.0,993.5359649658203,2812.7206134796143,3.0202067136997357e-05,Hymenoptera
3558,2000.000274181366,1608.8786010742188,2017.7079944610596,1700.0,3.007113264175132e-05,Hymenoptera
3559,2400.0,1924.29150390625,2420.2621421813965,2018.8458557128906,2.9893742976128124e-05,Hymenoptera
3560,3379.8980407714844,0.17243251204490662,3473.121307373047,16.112194061279297,2.9858301786589436e-05,Hymenoptera
3561,3024.637649536133,2093.5340881347656,3096.9933166503906,2100.0,2.9836555768270046e-05,Hymenoptera
3562,1200.0,1904.2021789550781,1246.973316192627,2049.1851806640625,2.9752620321232826e-05,Hymenoptera
3563,0.01043081283569336,2035.7101440429688,14.971649169921875,2201.9043731689453,2.9660126529051922e-05,Hymenoptera
3564,3253.870880126953,2000.0,3300.0,2025.614601135254,2.9639993954333477e-05,Hymenoptera
3565,811.6580505371094,2883.654510498047,900.0,2900.0,2.954210140160285e-05,Hymenoptera
3566,3600.0,1372.2061614990234,3615.556088447571,1491.4474487304688,2.9524415367632173e-05,Hymenoptera
3567,3705.698371887207,800.0,3772.983139038086,805.4815793037415,2.95242753054481e-05,Hymenoptera
3568,800.0,2956.0,869.3206405639648,3084.347686767578,2.951062015199568e-05,Hymenoptera
3569,1474.4842529296875,400.0,1569.3331298828125,413.4853096008301,2.929963193309959e-05,Hymenoptera
3570,258.29754638671875,3289.2814025878906,377.152099609375,3300.0,2.9235716283437796e-05,Hymenoptera
3571,2400.0,3342.6214599609375,2423.439836502075,3456.0,2.92257664114004e-05,Hymenoptera
3572,3200.0074185431004,1027.7113952636719,3241.7308502197266,1115.297607421875,2.912454874604009e-05,Hymenoptera
3573,2028.8731689453125,1600.0,2100.0,1631.4266147613525,2.9120297767804004e-05,Hymenoptera
3574,0.0844717025756836,400.0183593481779,96.37596893310547,461.6479148864746,2.9044082111795433e-05,Hymenoptera
3575,1704.0788650512695,0.05383938550949097,1776.4105072021484,14.998342514038086,2.904125904024113e-05,Hymenoptera
3576,911.1558456420898,2400.0,1062.4820861816406,2414.3131999969482,2.9018336135777645e-05,Hymenoptera
3577,2000.0038146972656,2956.0,2042.7546195983887,3004.363780975342,2.8900465622427873e-05,Hymenoptera
3578,910.1108779907227,488.8940734863281,1011.4636383056641,500.0,2.8798587663914077e-05,Hymenoptera
3579,800.0,666.4227905273438,815.2484149932861,768.7819519042969,2.8624555852729827e-05,Hymenoptera
3580,400.01209154725075,554.725830078125,433.15430450439453,682.5063171386719,2.821383714035619e-05,Hymenoptera
3581,3600.0,0.9897828102111816,3617.364887237549,125.45545196533203,2.812478123814799e-05,Hymenoptera
3582,491.45836639404297,2800.0,671.431884765625,2848.707202911377,2.8017142540193163e-05,Hymenoptera
3583,3638.674747467041,2090.4210205078125,3757.2010040283203,2100.0,2.7921947548747994e-05,Hymenoptera
3584,792.8604125976562,800.0000804662704,884.0430297851562,815.2700262069702,2.782908995868638e-05,Hymenoptera
3585,0.042188167572021484,456.41262435913086,50.580142974853516,607.1146697998047,2.772787047433667e-05,Hymenoptera
3586,916.726921081543,400.00220984220505,1002.7946929931641,435.92202377319336,2.7575135391089134e-05,Hymenoptera
3587,1401.8948974609375,2074.7344360351562,1543.4051513671875,2100.0,2.7454982046037912e-05,Hymenoptera
3588,2913.8400115966797,2000.0,3002.6692810058594,2013.820574760437,2.7356611099094152e-05,Hymenoptera
3589,4108.0,2067.983299255371,4121.2712478637695,2171.715835571289,2.7180816687177867e-05,Hymenoptera
3590,1218.4361572265625,1290.95849609375,1315.1828536987305,1300.0,2.7178070013178512e-05,Hymenoptera
3591,2637.8194885253906,800.0,2708.0979919433594,817.7790126800537,2.7091899028164335e-05,Hymenoptera
3592,3555.954345703125,3446.805633544922,3662.475830078125,3456.0,2.694462273211684e-05,Hymenoptera
3593,2903.94344329834,2400.0,3009.7386322021484,2414.2287940979004,2.686018888198305e-05,Hymenoptera
3594,1129.1189575195312,0.10179653763771057,1199.4509582519531,7.23585319519043,2.683965431060642e-05,Hymenoptera
3595,3600.0,1509.1138000488281,3628.797143936157,1637.5517272949219,2.67435607383959e-05,Hymenoptera
3596,4186.966613769531,2090.2381896972656,4272.28010559082,2100.0,2.661538019310683e-05,Hymenoptera
3597,2400.0,1298.085548400879,2421.6899070739746,1439.1376953125,2.658917219378054e-05,Hymenoptera
3598,2771.0953674316406,420.71209716796875,2924.6666564941406,500.0,2.6568237444735132e-05,Hymenoptera
3599,4490.921081542969,800,4499.901916503906,824.8565902709961,2.649238558660727e-05,Hymenoptera
3600,2512.705322265625,1600.0,2615.888641357422,1606.4594626426697,2.631928691698704e-05,Hymenoptera
3601,1149.0771179199219,2000.0,1230.2033996582031,2015.9095420837402,2.603745997475926e-05,Hymenoptera
3602,4000.0,1736.3980560302734,4017.480697631836,1861.3045349121094,2.6017478376161307e-05,Hymenoptera
3603,1353.09130859375,2491.7159118652344,1446.4379119873047,2500.0,2.6012792659457773e-05,Hymenoptera
3604,0.0,361.31085205078125,47.736080169677734,486.3122863769531,2.5991415895987302e-05,Hymenoptera
3605,1200.0,2956.0,1305.0925598144531,3025.9375228881836,2.5948322218027897e-05,Hymenoptera
3606,1600.0,2400.0833988189697,1730.7709350585938,2538.82275390625,2.5885494324029423e-05,Hymenoptera
3607,2800.0,3361.750274658203,2825.648727416992,3456.0,2.584030880825594e-05,Hymenoptera
3608,800.0259898602962,1792.2687530517578,812.0604066848755,1911.8880310058594,2.5831934181042016e-05,Hymenoptera
3609,3221.7352905273438,800.0,3291.4078674316406,812.5755939483643,2.577324448793661e-05,Hymenoptera
3610,0.0,2956.0,38.803226470947266,3094.865951538086,2.57616466114996e-05,Hymenoptera
3611,2157.6107330322266,2400.013880431652,2219.5248107910156,2407.765814781189,2.5737583200680092e-05,Hymenoptera
3612,2579.9541625976562,2090.9973754882812,2675.3673706054688,2100.0,2.561483415775001e-05,Hymenoptera
3613,400.0106409192085,3033.306427001953,434.232723236084,3145.7676696777344,2.5473349523963407e-05,Hymenoptera
3614,0.0,2698.4325561523438,14.926125526428223,2845.463897705078,2.541327012295369e-05,Hymenoptera
3615,3051.710464477539,493.01434326171875,3143.705047607422,500.0,2.53073940257309e-05,Hymenoptera
3616,134.4227294921875,1600.011996179819,219.54637145996094,1614.9962873458862,2.5171853849315085e-05,Hymenoptera
3617,4000.0,1952.507080078125,4014.893588066101,2074.7268676757812,2.5170582375722006e-05,Hymenoptera
3618,1120.8868408203125,2491.428192138672,1193.9954223632812,2500.0,2.5143137463601306e-05,Hymenoptera
3619,4108.0,1869.5614318847656,4119.569351196289,1956.556640625,2.510336707928218e-05,Hymenoptera
3620,3794.5216522216797,1691.6605834960938,3870.8530883789062,1700.0,2.509795558580663e-05,Hymenoptera
3621,1600.0,1600.0,1762.1165008544922,1623.9863471984863,2.509060868760571e-05,Hymenoptera
3622,1231.6437683105469,400.0,1315.2894134521484,417.9947166442871,2.5081208150368184e-05,Hymenoptera
3623,640.5074157714844,1600.0,749.8984680175781,1614.4274320602417,2.5009576347656548e-05,Hymenoptera
3624,2000.00204667449,944.6686248779297,2036.8041038513184,1047.9706726074219,2.4999539164127782e-05,Hymenoptera
3625,3061.829620361328,3448.5214233398438,3127.87841796875,3456.0,2.49916483880952e-05,Hymenoptera
3626,1774.703872680664,2956.0,1859.1052551269531,2972.724540710449,2.49284985329723e-05,Hymenoptera
3627,2327.3866271972656,2000.0,2411.6715393066406,2012.6887435913086,2.492704697942827e-05,Hymenoptera
3628,400.0,84.171875,440.54065322875977,165.2848663330078,2.4871176719898358e-05,Hymenoptera
3629,1600.0402450561523,2400.0,1744.8902893066406,2459.7846145629883,2.4862520149326883e-05,Hymenoptera
3630,2800,1294.1970291137695,2812.5548515319824,1394.6886596679688,2.478430724295322e-05,Hymenoptera
3631,2331.0139770507812,2400,2394.695770263672,2407.265664577484,2.463786950102076e-05,Hymenoptera
3632,2589.4293823242188,4.0801591873168945,2667.63818359375,27.85442543029785,2.4532246243325062e-05,Hymenoptera
3633,3600.05314424634,505.4014663696289,3611.8709325790405,603.4735260009766,2.4508208298357204e-05,Hymenoptera
3634,2916.862014770508,800.0,3009.2566986083984,814.4345283508301,2.4371394829358906e-05,Hymenoptera
3635,4108.0,0.0,4177.7553787231445,111.09852600097656,2.4326533093699254e-05,Hymenoptera
3636,1539.831787109375,800.0,1630.3582153320312,814.8707504272461,2.424838748993352e-05,Hymenoptera
3637,400.0,1127.0959777832031,424.6839008331299,1261.7456359863281,2.4207398382714018e-05,Hymenoptera
3638,3190.8264770507812,491.74078369140625,3278.8182373046875,500.0,2.4177821615012363e-05,Hymenoptera
3639,881.9661254882812,61.581085205078125,900.0,130.2043914794922,2.4076076442725025e-05,Hymenoptera
3640,567.2877349853516,0.03884844481945038,691.8743896484375,16.59743881225586,2.390993722656276e-05,Hymenoptera
3641,3261.885025024414,889.3992309570312,3354.428497314453,900.0,2.3795111701474525e-05,Hymenoptera
3642,849.7342224121094,400.0,900.0,478.7352600097656,2.3709377273917198e-05,Hymenoptera
3643,1600.0,1760.2490844726562,1624.8521213531494,1878.5020751953125,2.3649308786843903e-05,Hymenoptera
3644,579.8303070068359,1200.0,821.70361328125,1270.147216796875,2.3578439140692353e-05,Hymenoptera
3645,3997.5298767089844,1291.7666320800781,4134.97282409668,1300.0,2.3569851691718213e-05,Hymenoptera
3646,737.4712524414062,640.9638824462891,793.249267578125,692.7632751464844,2.3421254809363745e-05,Hymenoptera
3647,38.8077507019043,3290.3624877929688,113.88085174560547,3300.0,2.3358817998087034e-05,Hymenoptera
3648,1100.8381958007812,1600.0,1193.4359436035156,1607.9324932098389,2.333806514798198e-05,Hymenoptera
3649,543.4313812255859,800.0,622.2744750976562,815.9187431335449,2.3301061446545646e-05,Hymenoptera
3650,400.0344567000866,2197.577423095703,412.49278259277344,2300.8480529785156,2.3291149773285724e-05,Hymenoptera
3651,1530.1689147949219,400.0,1621.9432983398438,415.0423164367676,2.3245262127602473e-05,Hymenoptera
3652,1295.859390258789,1200.0,1411.6251678466797,1214.4541416168213,2.323575426999014e-05,Hymenoptera
3653,3879.582763671875,0.0,3990.7346801757812,14.875907897949219,2.3162436264101416e-05,Hymenoptera
3654,4384.994476318359,2956.0,4507.237487792969,2976.6618881225586,2.3134887669584714e-05,Hymenoptera
3655,2113.2284774780273,1600.0,2199.7364501953125,1617.6957664489746,2.311955722689163e-05,Hymenoptera
3656,699.1530456542969,2000,782.9884643554688,2007.3781533241272,2.309029696334619e-05,Hymenoptera
3657,0.04485398530960083,2148.303436279297,16.184715270996094,2235.4788360595703,2.3019061700324528e-05,Hymenoptera
3658,3256.902931213379,1200.0,3349.958709716797,1206.2053213119507,2.2975922547630034e-05,Hymenoptera
3659,3043.5276947021484,1694.0502319335938,3107.4619140625,1700.0,2.2969921701587737e-05,Hymenoptera
3660,800.0,1027.0932159423828,813.2823915481567,1147.8283081054688,2.2929692931938916e-05,Hymenoptera
3661,1861.3902587890625,2888.9506225585938,1940.4757080078125,2900.0,2.289678559463937e-05,Hymenoptera
3662,2947.956497192383,1691.8403625488281,3019.605514526367,1700.0,2.2833177354186773e-05,Hymenoptera
3663,1619.7517395019531,2400.0,1698.812355041504,2407.2839183807373,2.269876677019056e-05,Hymenoptera
3664,4583.068328857422,1074.24951171875,4608.0,1173.8956298828125,2.266238516313024e-05,Hymenoptera
3665,845.990478515625,800.0230982899666,900.0,838.1030197143555,2.259279426652938e-05,Hymenoptera
3666,3127.566192626953,2800.0,3209.7091674804688,2814.491502761841,2.2588616047869436e-05,Hymenoptera
3667,1293.6224517822266,2091.95947265625,1355.7294921875,2100.0,2.2570353394257836e-05,Hymenoptera
3668,2800.002059340477,3237.321746826172,2820.4490184783936,3300.0,2.255738218082115e-05,Hymenoptera
3669,1200.0045701861382,11.5004301071167,1289.2820281982422,337.8916931152344,2.2551808797288686e-05,Hymenoptera
3670,2245.0367431640625,1694.3031311035156,2298.2666625976562,1700.0,2.2518648620462045e-05,Hymenoptera
3671,1247.4811782836914,1200.0,1345.9425659179688,1228.6565570831299,2.243111521238461e-05,Hymenoptera
3672,815.8021850585938,2956.0,900.0,2998.9009323120117,2.2385876945918426e-05,Hymenoptera
3673,4350.230987548828,800.0,4440.8408203125,813.3630142211914,2.23199440370081e-05,Hymenoptera
3674,4464.589111328125,2918.859146118164,4500.0,3005.102783203125,2.230630343547091e-05,Hymenoptera
3675,2000.0182554125786,2993.7211151123047,2027.0326309204102,3135.3179473876953,2.228778430435341e-05,Hymenoptera
3676,1673.1170349121094,2956.0003665685654,1740.2074127197266,2962.966194629669,2.226069955213461e-05,Hymenoptera
3677,4130.359725952148,3447.073699951172,4255.223556518555,3456.0,2.22497674258193e-05,Hymenoptera
3678,4058.2850341796875,462.88604736328125,4099.951843261719,499.99102783203125,2.2223324776859954e-05,Hymenoptera
3679,3798.1778564453125,0.014133751392364502,3901.733123779297,14.992409706115723,2.2157426428748295e-05,Hymenoptera
3680,3370.956085205078,3293.7359008789062,3448.590805053711,3300.0,2.2054044165997766e-05,Hymenoptera
3681,4108.0,0.08273422718048096,4152.187652587891,34.0111198425293,2.2031781554687768e-05,Hymenoptera
3682,4292.251983642578,2800.0,4351.980239868164,2819.103464126587,2.2007821826264262e-05,Hymenoptera
3683,3610.7518310546875,1692.8490600585938,3696.1424865722656,1700.0,2.1977264623274095e-05,Hymenoptera
3684,676.8372802734375,1688.5705871582031,777.785888671875,1700.0,2.1508647478185594e-05,Hymenoptera
3685,935.4022216796875,2800,1005.0721893310547,2806.637595653534,2.1376403310569003e-05,Hymenoptera
3686,1200.0,1417.0948028564453,1249.867546081543,1564.7137145996094,2.1324891349649988e-05,Hymenoptera
3687,2800.0,2602.6190795898438,2815.671001434326,2719.9830017089844,2.1310639567673206e-05,Hymenoptera
3688,1605.413317680359,2088.9873657226562,1721.6383209228516,2100.0,2.124217826349195e-05,Hymenoptera
3689,2400.0,83.97038269042969,2433.4488945007324,203.62281799316406,2.1134299458935857e-05,Hymenoptera
3690,3747.911376953125,2956.0,3852.826690673828,2961.8830008506775,2.1042113075964153e-05,Hymenoptera
3691,684.325927734375,488.6072082519531,781.2662963867188,500.0,2.093494731525425e-05,Hymenoptera
3692,0,608.2618255615234,11.948015213012695,709.3293762207031,2.0907433281536214e-05,Hymenoptera
3693,2018.9996128082275,2400.0,2105.491897583008,2407.6537313461304,2.0869107174803503e-05,Hymenoptera
3694,1901.8892822265625,0.220470130443573,2005.3685607910156,16.974538803100586,2.080875310639385e-05,Hymenoptera
3695,3366.956024169922,800.0,3489.216766357422,808.0387353897095,2.0798494006157853e-05,Hymenoptera
3696,2750.9671325683594,2400.0,2836.7952270507812,2413.700963973999,2.0724306523334235e-05,Hymenoptera
3697,2318.785919189453,1291.1104125976562,2391.8170166015625,1300.0,2.0706409486592747e-05,Hymenoptera
3698,2068.3290405273438,800.0,2099.91015625,830.1588973999023,2.0700623281300068e-05,Hymenoptera
3699,3688.818428039551,3448.8093872070312,3741.543228149414,3456.0,2.0654677427955903e-05,Hymenoptera
3700,1200.0064432621002,2979.182159423828,1215.8655490875244,3124.0948181152344,2.06389267987106e-05,Hymenoptera
3701,800.0,1263.1116409301758,830.7734260559082,1417.117935180664,2.0635287000914104e-05,Hymenoptera
3702,1262.0544357299805,2000.0,1377.9046478271484,2010.8180055618286,2.053360003628768e-05,Hymenoptera
3703,2693.6953125,0.0011280179023742676,2786.2794799804688,18.92473602294922,2.0482750187511556e-05,Hymenoptera
3704,3057.5414123535156,2092.8541564941406,3148.586212158203,2100.0,2.0422130546648987e-05,Hymenoptera
3705,2384.177459716797,2400.0,2484.0375061035156,2427.4545364379883,2.0365787349874154e-05,Hymenoptera
3706,907.2832794189453,800.0058606266975,982.3310394287109,819.5949192047119,2.034462886513211e-05,Hymenoptera
3707,1245.880615234375,3165.140823364258,1300.0,3334.3599243164062,2.0253333786968142e-05,Hymenoptera
3708,0.0,3273.3297729492188,27.19813346862793,3388.322967529297,2.0233796021784656e-05,Hymenoptera
3709,2625.3294525146484,1600.0,2717.1467895507812,1614.4233808517456,2.021979344135616e-05,Hymenoptera
3710,1023.7696228027344,2400.0,1148.5987548828125,2415.6091871261597,2.0216957636876032e-05,Hymenoptera
3711,2237.581298828125,2400.0,2328.2901611328125,2408.9752864837646,2.015862446569372e-05,Hymenoptera
3712,3600.0578239560127,2684.3055114746094,3615.3973712921143,2797.981964111328,2.0155530364718288e-05,Hymenoptera
3713,3435.678436279297,1600.0,3511.755126953125,1612.7938213348389,2.0080975446035154e-05,Hymenoptera
3714,885.1306457519531,2400.0,900.0,2517.041763305664,2.0053665139130317e-05,Hymenoptera
3715,3600.0,1979.3394165039062,3635.1998329162598,2056.708709716797,2.0040743038407527e-05,Hymenoptera
3716,963.9699401855469,400.0,1054.6317138671875,426.3594055175781,2.003651752602309e-05,Hymenoptera
3717,3200,800.0167906284332,3238.7331008911133,831.0145416259766,1.990871169255115e-05,Hymenoptera
3718,971.1349029541016,1600,1046.3550109863281,1606.1483263969421,1.9833518308587372e-05,Hymenoptera
3719,2000.034898519516,3193.5361938476562,2044.6042976379395,3287.204315185547,1.982915091502946e-05,Hymenoptera
3720,0.0,1977.9102172851562,20.574800491333008,2111.912063598633,1.978949694603216e-05,Hymenoptera
3721,3507.990264892578,1692.9661865234375,3585.8030700683594,1700.0,1.971604797290638e-05,Hymenoptera
3722,2834.3431663513184,2956.0,2925.993682861328,2961.96223115921,1.959828477993142e-05,Hymenoptera
3723,2400.0,699.4280700683594,2415.3884115219116,790.270751953125,1.955784682650119e-05,Hymenoptera
3724,3692.9734497070312,1291.5267028808594,3781.3964080810547,1300.0,1.9437895389273763e-05,Hymenoptera
3725,3323.6748657226562,3446.9727172851562,3394.47314453125,3456.0,1.9379442164790817e-05,Hymenoptera
3726,1674.1140441894531,2774.0027465820312,1699.9356384277344,2873.3544311523438,1.9346629414940253e-05,Hymenoptera
3727,612.7337493896484,1291.281982421875,714.6940612792969,1300.0,1.931083170347847e-05,Hymenoptera
3728,2000.0,0.0,2100.0,72.31754302978516,1.9304055967950262e-05,Hymenoptera
3729,1431.7589263916016,1693.5089111328125,1503.0505065917969,1700.0,1.9226266886107624e-05,Hymenoptera
3730,2690.419158935547,2490.3780822753906,2755.7181701660156,2500.0,1.9225442883907817e-05,Hymenoptera
3731,3500.773712158203,3292.593231201172,3616.4030151367188,3300.0,1.917858207889367e-05,Hymenoptera
3732,4542.014801025391,2489.9922485351562,4607.9781494140625,2500.0,1.9168068320141174e-05,Hymenoptera
3733,4108.0,400.0,4154.493103027344,446.84356689453125,1.9161763702868484e-05,Hymenoptera
3734,0.0,3443.5267944335938,142.8354034423828,3456.0,1.914393578772433e-05,Hymenoptera
3735,3600.0263541936874,1200.0,3615.6970796585083,1314.1649703979492,1.909117418108508e-05,Hymenoptera
3736,3600.027108192444,0.07108747959136963,3616.9861221313477,55.08055877685547,1.9072647774009965e-05,Hymenoptera
3737,3918.082305908203,1693.5856323242188,3988.8316040039062,1700.0,1.9064646039623767e-05,Hymenoptera
3738,1925.1336669921875,1200.0,2011.3209838867188,1213.6316118240356,1.896775393106509e-05,Hymenoptera
3739,800.0172317028046,2479.4779357910156,824.3038749694824,2565.529586791992,1.893538501462899e-05,Hymenoptera
3740,1200.0,1156.7932434082031,1224.4571857452393,1304.1645965576172,1.8853883375413716e-05,Hymenoptera
3741,2051.8223762512207,1288.1799621582031,2122.6263885498047,1299.9654846191406,1.879734918475151e-05,Hymenoptera
3742,1809.4305572509766,2000.0,1893.1204223632812,2006.761534690857,1.8679978893487714e-05,Hymenoptera
3743,1200.0,2956.0,1284.2793579101562,3030.734306335449,1.8641007045516744e-05,Hymenoptera
3744,2176.380340576172,400.0,2286.142333984375,413.0729036331177,1.8608236132422462e-05,Hymenoptera
3745,4108.006890296936,3164.6612243652344,4126.004014968872,3266.815673828125,1.860803968156688e-05,Hymenoptera
3746,1077.3649291992188,2891.3302307128906,1165.98779296875,2900.0,1.8434979210724123e-05,Hymenoptera
3747,2070.3458938598633,2800.011792778969,2127.422187805176,2809.506170272827,1.8417247702018358e-05,Hymenoptera
3748,3200.0262804329395,839.5626068115234,3211.559783935547,933.9429321289062,1.8380505935056135e-05,Hymenoptera
3749,2355.5177612304688,800,2443.196014404297,807.6643466949463,1.8333432308281772e-05,Hymenoptera
3750,2400.003980100155,2272.0784301757812,2413.316562652588,2361.6539001464844,1.8330511011299677e-05,Hymenoptera
3751,400.0233381986618,2557.4120483398438,430.960750579834,2657.072723388672,1.829169377742801e-05,Hymenoptera
3752,4000.0272169709206,403.0159912109375,4018.526309967041,525.2673263549805,1.8218001059722155e-05,Hymenoptera
3753,3255.5348510742188,0.0,3300.0,33.196556091308594,1.8211834685644135e-05,Hymenoptera
3754,3600,3306.1224365234375,3620.045804977417,3403.871063232422,1.807524859032128e-05,Hymenoptera
3755,4588.454437255859,2483.702323913574,4608.0,2572.251983642578,1.8045657270704396e-05,Hymenoptera
3756,727.3872985839844,1691.0542602539062,793.3965148925781,1700.0,1.8045055185211822e-05,Hymenoptera
3757,1600.0158235430717,121.89324188232422,1619.93501663208,215.8316650390625,1.7868331269710325e-05,Hymenoptera
3758,4000.0,68.01443481445312,4036.197135925293,207.33770751953125,1.7829692296800204e-05,Hymenoptera
3759,2200.4474182128906,0.37370696663856506,2278.2119750976562,26.880630493164062,1.7762808056431822e-05,Hymenoptera
3760,843.1606788635254,482.0729675292969,903.0308151245117,500.0,1.769828304531984e-05,Hymenoptera
3761,3475.405059814453,800.0,3573.6571350097656,809.3746786117554,1.753878314048052e-05,Hymenoptera
3762,2452.5985717773438,487.3425598144531,2547.0536193847656,500.0,1.75139448401751e-05,Hymenoptera
3763,1224.5278873443604,1600.0,1306.8058395385742,1607.2632565498352,1.744894325383939e-05,Hymenoptera
3764,475.96168518066406,888.7624206542969,559.4636383056641,900.0,1.7295038560405374e-05,Hymenoptera
3765,4453.448822021484,2800.0,4546.025573730469,2806.4115405082703,1.7193096937262453e-05,Hymenoptera
3766,2214.7153930664062,485.9162902832031,2281.602294921875,500.0,1.7104212020058185e-05,Hymenoptera
3767,2000.0,474.74800872802734,2016.4353351593018,582.0514678955078,1.7081147234421223e-05,Hymenoptera
3768,3083.0457763671875,2492.731475830078,3185.7577514648438,2500.0,1.705847171251662e-05,Hymenoptera
3769,0.029255449771881104,840.6095275878906,37.282718658447266,966.9189910888672,1.705731665424537e-05,Hymenoptera
3770,291.80126953125,400.0,387.2159423828125,436.0533866882324,1.7019050574162975e-05,Hymenoptera
3771,4008.044677734375,2093.999237060547,4088.9632568359375,2100.0,1.6960286302492023e-05,Hymenoptera
3772,2000.0,708.2427062988281,2022.968132019043,808.1975402832031,1.690850876912009e-05,Hymenoptera
3773,713.7125854492188,800.0,817.356201171875,808.4455251693726,1.690534918452613e-05,Hymenoptera
3774,690.1640319824219,2956.0,774.1861877441406,2970.592104911804,1.6896501620067284e-05,Hymenoptera
3775,3104.1320190429688,2890.4366455078125,3173.3252868652344,2900.0,1.689157033979427e-05,Hymenoptera
3776,3504.2256774902344,0.015270709991455078,3591.0514221191406,19.54173469543457,1.687881740508601e-05,Hymenoptera
3777,4108.0,1277.457664489746,4132.186416625977,1428.2633819580078,1.6861007679835893e-05,Hymenoptera
3778,1678.807357788086,2891.797821044922,1737.7051391601562,2900.0,1.6842654076754116e-05,Hymenoptera
3779,3301.1649169921875,1200.0,3401.989501953125,1205.873098373413,1.6825171769596636e-05,Hymenoptera
3780,4530.0694580078125,891.6458129882812,4608.0,900.0,1.6801794117782265e-05,Hymenoptera
3781,2800.0,2206.1295013427734,2823.018835067749,2339.63232421875,1.6702695575077087e-05,Hymenoptera
3782,2400.0106185674667,1981.2723083496094,2431.445676803589,2073.076446533203,1.6644196875859052e-05,Hymenoptera
3783,0.013649463653564453,1139.2908935546875,26.577085494995117,1260.769287109375,1.6550382497371174e-05,Hymenoptera
3784,2734.947509765625,2886.325927734375,2882.532989501953,2899.4852905273438,1.6517129552084953e-05,Hymenoptera
3785,4068.183074951172,800.0625565648079,4131.509918212891,806.0005731582642,1.6497153410455212e-05,Hymenoptera
3786,2662.46142578125,494.4512939453125,2711.1275329589844,500.0,1.63469958351925e-05,Hymenoptera
3787,1600.0,449.7937202453613,1616.982988357544,536.5166931152344,1.626493758521974e-05,Hymenoptera
3788,3845.839553833008,400,3910.69921875,407.1779637336731,1.6243979189312086e-05,Hymenoptera
3789,2190.831008911133,2489.7169189453125,2269.7518310546875,2500.0,1.6124333342304453e-05,Hymenoptera
3790,2425.7501525878906,2093.639862060547,2490.420166015625,2100.0,1.604819954081904e-05,Hymenoptera
3791,465.0601348876953,2800.0,564.3110046386719,2816.244789123535,1.6030975530156866e-05,Hymenoptera
3792,2845.5740966796875,800.0,2900.0,854.2301635742188,1.5962492398102768e-05,Hymenoptera
3793,2318.055450439453,493.71514892578125,2413.553436279297,500.0,1.592252192494925e-05,Hymenoptera
3794,2667.372283935547,1600.0,2756.223358154297,1614.6779861450195,1.5915220501483418e-05,Hymenoptera
3795,3600.015941634774,88.62919616699219,3622.8447227478027,221.41807556152344,1.5899942809483036e-05,Hymenoptera
3796,2482.3464736938477,400.06773844361305,2560.9535522460938,415.83122634887695,1.5893743693595752e-05,Hymenoptera
3797,3019.6549377441406,2400.0,3094.2797241210938,2413.758405685425,1.5877412806730717e-05,Hymenoptera
3798,2.618306875228882,2800.0,98.86198425292969,2819.455484390259,1.5847428585402668e-05,Hymenoptera
3799,2127.420211791992,2493.3658447265625,2191.9855346679688,2500.0,1.5823236026335508e-05,Hymenoptera
3800,1969.2494506835938,493.6748962402344,2018.1332092285156,500.0,1.582065669936128e-05,Hymenoptera
3801,4108.0,1600.0,4175.9818115234375,1647.5195541381836,1.580756543262396e-05,Hymenoptera
3802,2800.0410348176956,3269.46240234375,2813.136297225952,3368.8678283691406,1.5803299902472645e-05,Hymenoptera
3803,3762.0411224365234,1292.8467407226562,3849.782699584961,1300.0,1.576067734276876e-05,Hymenoptera
3804,2400.0,1001.3121185302734,2438.949287414551,1107.1097717285156,1.5741014067316428e-05,Hymenoptera
3805,1442.7609405517578,400.00277534127235,1514.3683471679688,409.3581953048706,1.5734200133010745e-05,Hymenoptera
3806,843.5619506835938,3442.1621704101562,900.0,3455.9364318847656,1.5729774531791918e-05,Hymenoptera
3807,4000.0090561807156,2053.302360534668,4013.8978662490845,2148.5538482666016,1.5637864635209553e-05,Hymenoptera
3808,1293.0731201171875,3068.3491744995117,1300.0,3151.4857177734375,1.563404657645151e-05,Hymenoptera
3809,1772.4678802490234,1600.0,1875.0917053222656,1615.0272026062012,1.5604018699377775e-05,Hymenoptera
3810,1200.4722118377686,1692.4116516113281,1278.925178527832,1700.0,1.556033021188341e-05,Hymenoptera
3811,1067.5896606445312,2491.7777099609375,1133.0189514160156,2500.0,1.546377461636439e-05,Hymenoptera
3812,1991.6567077636719,3412.946563720703,2066.0560607910156,3456.0,1.545246777823195e-05,Hymenoptera
3813,1471.7426452636719,2800.0112168490887,1535.4494934082031,2807.261791229248,1.536516720079817e-05,Hymenoptera
3814,1822.6898193359375,889.6289672851562,1900.075439453125,899.9984741210938,1.5319385056500323e-05,Hymenoptera
3815,3790.6141662597656,1600.0,3871.8878784179688,1615.376205444336,1.5264435205608606e-05,Hymenoptera
3816,800,2000,831.8153533935547,2073.2122192382812,1.5246380826283712e-05,Hymenoptera
3817,4189.267684936523,400.0,4257.913619995117,406.170138835907,1.515292842668714e-05,Hymenoptera
3818,947.4712066650391,2889.649200439453,1010.5426330566406,2899.9876098632812,1.5080575394676998e-05,Hymenoptera
3819,3575.1944885253906,2000,3655.0960998535156,2007.7629418373108,1.50682135426905e-05,Hymenoptera
3820,1325.3068237304688,1600.0392965972424,1385.4397888183594,1608.0703926086426,1.5059521501825657e-05,Hymenoptera
3821,1222.9520206451416,2890.8695068359375,1299.107681274414,2900.0,1.5016884390206542e-05,Hymenoptera
3822,1600.0367231667042,3236.777801513672,1613.2954807281494,3381.782958984375,1.5003800399426837e-05,Hymenoptera
3823,1591.7137756347656,800.0,1712.0876083374023,837.3637733459473,1.4986054338805843e-05,Hymenoptera
3824,2275.1080932617188,2491.6985473632812,2357.3731994628906,2500.0,1.4974440091464203e-05,Hymenoptera
3825,3200.0000968575478,2490.3847122192383,3232.8411560058594,2598.9080963134766,1.4900775568094105e-05,Hymenoptera
3826,800.0,1371.077651977539,814.0718517303467,1457.7648315429688,1.4889681551721878e-05,Hymenoptera
3827,1988.3809204101562,3437.4512634277344,2067.4448852539062,3455.9938354492188,1.4879689842928201e-05,Hymenoptera
3828,4108.012421607971,1447.8008270263672,4121.466829299927,1575.7214965820312,1.4807212210143916e-05,Hymenoptera
3829,2711.3546752929688,889.7271118164062,2779.175994873047,900.0,1.4792095498705748e-05,Hymenoptera
3830,2510.7789764404297,486.4405517578125,2601.9296112060547,500.0,1.4791517969570123e-05,Hymenoptera
3831,1513.1509399414062,3445.9024963378906,1599.0602111816406,3456.0,1.4790121895202901e-05,Hymenoptera
3832,1600.2316385507584,2151.082962036133,1642.9449043273926,2223.205612182617,1.4783197002543602e-05,Hymenoptera
3833,1746.1149444580078,800.0051476061344,1811.281723022461,813.8477325439453,1.475843419029843e-05,Hymenoptera
3834,2747.5199279785156,800.0,2823.0211181640625,807.0659556388855,1.4734625437995419e-05,Hymenoptera
3835,800.0,77.03861999511719,838.3680000305176,173.0747528076172,1.471018185839057e-05,Hymenoptera
3836,4108.0,1200.0,4132.693677902222,1289.267692565918,1.4699481653224211e-05,Hymenoptera
3837,1827.3326416015625,0.35733431577682495,1897.746337890625,23.25221061706543,1.4692277545691468e-05,Hymenoptera
3838,0.03048628568649292,1353.4664154052734,12.311654090881348,1441.4611358642578,1.4680595995741896e-05,Hymenoptera
3839,1123.4649658203125,1200.0,1203.0595703125,1213.572340965271,1.4657332940259948e-05,Hymenoptera
3840,3286.0861206054688,1816.4190368652344,3300.0,1895.5838317871094,1.4644380826212e-05,Hymenoptera
3841,800.0,3180.6649475097656,935.5197448730469,3319.0587768554688,1.4617047781939618e-05,Hymenoptera
3842,1252.6398620605469,1600.015127658844,1299.9926452636719,1626.7991027832031,1.460177736589685e-05,Hymenoptera
3843,800.0377148389816,1074.8427734375,836.539608001709,1174.0963134765625,1.4519435353577137e-05,Hymenoptera
3844,2926.197219848633,2491.399200439453,3001.7763671875,2500.0,1.4453908988798503e-05,Hymenoptera
3845,1361.1658782958984,2800.0193890184164,1420.0416870117188,2805.081130027771,1.4425223525904585e-05,Hymenoptera
3846,2983.8958282470703,400.0,3089.1273803710938,406.11125659942627,1.4411817574000452e-05,Hymenoptera
3847,3828.441436767578,1200.0015504658222,3900.3826293945312,1206.8846082687378,1.4408890820050146e-05,Hymenoptera
3848,758.6784362792969,1692.7139282226562,828.9391479492188,1700.0,1.4353086044138763e-05,Hymenoptera
3849,3272.6543884277344,2093.1319580078125,3343.458984375,2100.0,1.4287535123003181e-05,Hymenoptera
3850,955.2157135009766,800.0,1041.683334350586,814.2124176025391,1.4277577975008171e-05,Hymenoptera
3851,1769.1400299072266,2889.4414978027344,1832.6440124511719,2900.0,1.4265409845393151e-05,Hymenoptera
3852,2258.2034606933594,2800,2341.171600341797,2806.61102104187,1.426003836968448e-05,Hymenoptera
3853,3173.4806213378906,2800.0,3267.1942138671875,2862.391227722168,1.4234289665182587e-05,Hymenoptera
3854,1280.5011291503906,2493.68115234375,1373.7592468261719,2500.0,1.4192161870596465e-05,Hymenoptera
3855,873.9378967285156,2490.8645629882812,959.8067779541016,2500.0,1.418578813172644e-05,Hymenoptera
3856,2400.0,1548.3001708984375,2430.6639461517334,1641.5944213867188,1.4152252333587967e-05,Hymenoptera
3857,0.012181699275970459,1945.8937683105469,23.572046279907227,2052.9481811523438,1.4134878256299999e-05,Hymenoptera
3858,1677.9723281860352,893.2628173828125,1741.916732788086,900.0,1.4124542758509051e-05,Hymenoptera
3859,4030.308174133301,2400.0009287148714,4091.470672607422,2405.9281272888184,1.4101367014518473e-05,Hymenoptera
3860,2537.918731689453,0.16164332628250122,2603.7708587646484,15.801264762878418,1.401302324666176e-05,Hymenoptera
3861,3039.9229125976562,2800,3109.376434326172,2806.586004257202,1.3997650057717692e-05,Hymenoptera
3862,577.5445861816406,1292.1028747558594,637.7120971679688,1300.0,1.3959630450699478e-05,Hymenoptera
3863,1600.0,628.4692230224609,1637.862850189209,779.53515625,1.3954078895039856e-05,Hymenoptera
3864,2.6317358016967773,0.09124204516410828,91.92206573486328,18.04778289794922,1.3826896974933334e-05,Hymenoptera
3865,1751.8945922851562,2000.0,1845.35546875,2007.3394799232483,1.3815549209539313e-05,Hymenoptera
3866,2400.232982635498,400.0,2501.531723022461,465.1105194091797,1.3809359188599046e-05,Hymenoptera
3867,2507.237075805664,2.9233238697052,2572.5767364501953,23.482885360717773,1.3783530448563397e-05,Hymenoptera
3868,1600.0202685594559,2450.8431663513184,1613.831337928772,2568.169891357422,1.3779929759039078e-05,Hymenoptera
3869,3200.0,1126.4734191894531,3213.097583770752,1214.3872680664062,1.3722110452363268e-05,Hymenoptera
3870,1200.020682811737,2562.6525268554688,1216.8857879638672,2763.430633544922,1.3682243661605753e-05,Hymenoptera
3871,0.0,1600.0,54.31780242919922,1699.9726791381836,1.3649141692440026e-05,Hymenoptera
3872,4108.128734111786,2495.7257766723633,4191.48551940918,2697.920135498047,1.3590872185886838e-05,Hymenoptera
3873,2400.0,1351.772216796875,2416.1017475128174,1499.7979736328125,1.3565570043283515e-05,Hymenoptera
3874,1400.9649810791016,400.0,1473.3836669921875,413.8596591949463,1.3518973901227582e-05,Hymenoptera
3875,995.8545227050781,887.4039306640625,1048.8602600097656,899.988037109375,1.350643560726894e-05,Hymenoptera
3876,3693.0084838867188,1214.395022392273,3700.0,1275.8198165893555,1.3387736544245854e-05,Hymenoptera
3877,3650.0917358398438,1200.0084474682808,3700.0,1220.7165508270264,1.3382235920289531e-05,Hymenoptera
3878,4345.723663330078,2956.001475587487,4457.048095703125,2970.036732673645,1.3324293831828982e-05,Hymenoptera
3879,2400.0413581728935,2973.150592803955,2419.5211277008057,3264.1257934570312,1.329606311628595e-05,Hymenoptera
3880,1702.194953918457,491.274169921875,1783.980697631836,500.0,1.3258039871288929e-05,Hymenoptera
3881,4030.847644805908,484.9296569824219,4101.344787597656,500.0,1.324400000157766e-05,Hymenoptera
3882,1928.8078308105469,3447.8662109375,1985.5752868652344,3456.0,1.324210643360857e-05,Hymenoptera
3883,3117.778350830078,2000.0,3211.992919921875,2008.7825326919556,1.3210155884735286e-05,Hymenoptera
3884,3200.0124633312225,1077.9373779296875,3237.832191467285,1164.1585388183594,1.3201844012655783e-05,Hymenoptera
3885,4108.0,76.79248046875,4124.158353805542,199.7600555419922,1.3186556316213682e-05,Hymenoptera
3886,3431.9148559570312,2956.0,3527.4432373046875,2974.086778640747,1.3170946658647154e-05,Hymenoptera
3887,0.0,110.73637390136719,37.91389083862305,272.9304504394531,1.314700330112828e-05,Hymenoptera
3888,888.9307708740234,2400.0,948.9997863769531,2406.319058895111,1.3135672816133592e-05,Hymenoptera
3889,800.3045171499252,2582.0480346679688,825.4412536621094,2663.2903442382812,1.3127058082318399e-05,Hymenoptera
3890,2915.168525695801,1292.9915466308594,2973.443359375,1300.0,1.3110705367580522e-05,Hymenoptera
3891,2435.653308868408,1688.9742736816406,2504.5793533325195,1700.0,1.307134243688779e-05,Hymenoptera
3892,1267.8918762207031,2400.0,1299.9769287109375,2440.9414710998535,1.305080240854295e-05,Hymenoptera
3893,800.0,136.3382110595703,829.2297325134277,227.8068084716797,1.3021501217735931e-05,Hymenoptera
3894,2482.4350967407227,2000.0054396688938,2546.7501220703125,2006.5094485282898,1.3020221558690537e-05,Hymenoptera
3895,400.0,2400.0,445.2248764038086,2455.1595344543457,1.3003134881728329e-05,Hymenoptera
3896,1395.918701171875,2882.5589294433594,1476.8342590332031,2900.0,1.299603081861278e-05,Hymenoptera
3897,800.0235974788666,2800,814.1426677703857,2891.1890716552734,1.282551784242969e-05,Hymenoptera
3898,1600.0181332230568,2400.0,1641.5250053405762,2478.058769226074,1.2773140952049289e-05,Hymenoptera
3899,2580.8456115722656,800.0,2679.4291381835938,814.654824256897,1.2750006135320291e-05,Hymenoptera
3900,794.2281799316406,2400.0,900.0,2451.1694297790527,1.2744887499138713e-05,Hymenoptera
3901,1151.9552612304688,1290.4284057617188,1213.8119812011719,1300.0,1.2726061868306715e-05,Hymenoptera
3902,4385.455322265625,400.0258184969425,4494.028472900391,408.1065263748169,1.2673668607021682e-05,Hymenoptera
3903,1600.4756450653076,16.629196166992188,1737.546630859375,120.01364135742188,1.2651425095100421e-05,Hymenoptera
3904,522.7226486206055,400.0,585.72607421875,414.50506591796875,1.2578159839904401e-05,Hymenoptera
3905,3200.0,589.6176147460938,3231.1938648223877,665.3893432617188,1.2569059435918462e-05,Hymenoptera
3906,2078.945327758789,400.0,2202.8488159179688,415.44489669799805,1.2560252798721194e-05,Hymenoptera
3907,3214.74609375,2400.0,3300.0,2426.7512016296387,1.2503042853495572e-05,Hymenoptera
3908,1200.0,573.5621948242188,1223.2854747772217,668.6112365722656,1.2492447240219917e-05,Hymenoptera
3909,800.0103935599327,1442.3017578125,815.3828353881836,1555.0322875976562,1.2414112461556215e-05,Hymenoptera
3910,4108.026518106461,1683.5850982666016,4137.517471313477,1794.515365600586,1.237236756423954e-05,Hymenoptera
3911,1391.674087524414,3294.5008850097656,1457.22265625,3300.0,1.2348898053460289e-05,Hymenoptera
3912,2400.03105700016,441.5515899658203,2413.30938911438,560.2560119628906,1.2277667337912135e-05,Hymenoptera
3913,2684.0138244628906,800.007064640522,2743.4320678710938,807.9068584442139,1.2276052075321786e-05,Hymenoptera
3914,3309.2758407592773,3150.4627990722656,3527.19580078125,3268.0794677734375,1.2263226381037384e-05,Hymenoptera
3915,1457.8050231933594,1200.0058863312006,1520.7843322753906,1216.1964740753174,1.2212388355692383e-05,Hymenoptera
3916,516.8448944091797,3293.7854614257812,575.2535095214844,3300.0,1.220515878230799e-05,Hymenoptera
3917,888.8432998657227,1690.6436767578125,997.4365081787109,1700.0,1.21697676149779e-05,Hymenoptera
3918,800.0,923.8825836181641,835.0259170532227,999.0920715332031,1.2130822142353281e-05,Hymenoptera
3919,221.40179443359375,2956.0,330.15594482421875,2983.613550186157,1.2075592167093419e-05,Hymenoptera
3920,3687.4497146606445,2092.2562561035156,3781.1180114746094,2100.0,1.2058963875460904e-05,Hymenoptera
3921,1602.8425693511963,71.6974105834961,1714.7209167480469,130.1795196533203,1.1997776709904429e-05,Hymenoptera
3922,3897.2818908691406,1600.0,3987.437286376953,1606.9614367485046,1.1997308320133016e-05,Hymenoptera
3923,4479.2694091796875,1685.6098022460938,4499.998474121094,1699.8563842773438,1.1978399015788455e-05,Hymenoptera
3924,1200.0,2400.559651851654,1218.028268814087,2552.99951171875,1.19158376037376e-05,Hymenoptera
3925,2065.209030151367,2956.0,2164.2279205322266,2963.409372329712,1.1861134225910064e-05,Hymenoptera
3926,3177.601806640625,2090.8998413085938,3241.3570556640625,2100.0,1.1855162483698223e-05,Hymenoptera
3927,1200.0,0.0,1253.6072540283203,94.17288970947266,1.1811578588094562e-05,Hymenoptera
3928,2531.7803344726562,1692.6463623046875,2595.986312866211,1700.0,1.1794132660725154e-05,Hymenoptera
3929,1016.4399566650391,1691.6110534667969,1113.7282409667969,1700.0,1.1789073141699191e-05,Hymenoptera
3930,2557.3768920898438,2000,2629.7561645507812,2007.6767945289612,1.1738140528905205e-05,Hymenoptera
3931,400.0106245279312,3259.674041748047,429.6389408111572,3380.394317626953,1.1669230843835976e-05,Hymenoptera
3932,2000.0032931566238,2548.352813720703,2014.60813331604,2708.6495056152344,1.164967216027435e-05,Hymenoptera
3933,476.3023452758789,0.013603270053863525,554.2680206298828,6.274264335632324,1.1641686796792783e-05,Hymenoptera
3934,4491.6944580078125,400,4500.0,455.4064521789551,1.1629535947577097e-05,Hymenoptera
3935,3945.1531982421875,2089.575469970703,4007.367950439453,2100.0,1.1609822649916168e-05,Hymenoptera
3936,2000.0,800.0,2056.5840606689453,929.9532165527344,1.1538055332493968e-05,Hymenoptera
3937,1120.4866333007812,2800.0052087008953,1210.1012268066406,2808.2659397125244,1.1514708603499457e-05,Hymenoptera
3938,0.009059906005859375,3183.1046600341797,14.627199172973633,3309.4112854003906,1.1459299457783345e-05,Hymenoptera
3939,1899.1893310546875,872.601318359375,1987.432861328125,900.0,1.1410204933781642e-05,Hymenoptera
3940,2192.5359649658203,1549.1183776855469,2321.6490783691406,1624.8847961425781,1.1383793207642157e-05,Hymenoptera
3941,2056.5871353149414,2485.5074768066406,2112.756561279297,2499.9806518554688,1.1371099390089512e-05,Hymenoptera
3942,1200.0121910125017,493.87940979003906,1229.2379341125488,607.2436828613281,1.1364746569597628e-05,Hymenoptera
3943,1200.027495622635,2873.0256576538086,1228.1829948425293,2959.010025024414,1.1361971701262519e-05,Hymenoptera
3944,1378.785415649414,2091.687957763672,1453.5151062011719,2100.0,1.135547245212365e-05,Hymenoptera
3945,3991.2349853515625,2956.0202782452106,4056.575958251953,2967.092879295349,1.1290369911876041e-05,Hymenoptera
3946,4000,1291.1246337890625,4085.1078720092773,1300.0,1.1262550287938211e-05,Hymenoptera
3947,3424.038772583008,3449.140838623047,3467.2796630859375,3456.0,1.1223318324482534e-05,Hymenoptera
3948,1200.0,3100.8069610595703,1214.4030857086182,3222.0502014160156,1.1215304766665213e-05,Hymenoptera
3949,1842.9982147216797,1291.5270690917969,1917.4574279785156,1300.0,1.116785188060021e-05,Hymenoptera
3950,400.0,772.0865173339844,420.75365447998047,943.12744140625,1.1146550605189987e-05,Hymenoptera
3951,3200.009648501873,416.3990135192871,3232.318775177002,484.3459930419922,1.11277304313262e-05,Hymenoptera
3952,1334.7063751220703,2400.0,1426.4410552978516,2413.593930244446,1.1093368811998516e-05,Hymenoptera
3953,4108.0,2400.0,4210.068756103516,2523.4396209716797,1.1075408110627905e-05,Hymenoptera
3954,1451.3392028808594,1.964271068572998,1518.5517883300781,16.712682723999023,1.1010410162271e-05,Hymenoptera
3955,1600.0773906707764,2800.0,1684.0009231567383,2811.4010734558105,1.0943568668153603e-05,Hymenoptera
3956,398.9504699707031,1258.8038940429688,542.4024047851562,1531.9656982421875,1.0907695468631573e-05,Hymenoptera
3957,2092.570182800293,800.0,2158.591049194336,816.3572444915771,1.0862331691896543e-05,Hymenoptera
3958,975.6288757324219,2642.721176147461,1020.7467956542969,2698.215087890625,1.082151175069157e-05,Hymenoptera
3959,2736.285675048828,3444.1841735839844,2832.3043823242188,3456.0,1.0819157978403382e-05,Hymenoptera
3960,2759.5317993164062,2000,2825.8173828125,2009.7690601348877,1.0733777344285045e-05,Hymenoptera
3961,2370.9360961914062,2800,2447.0962524414062,2806.695125102997,1.0669868061086163e-05,Hymenoptera
3962,2800.023716688156,1513.6676635742188,2812.803270339966,1603.7402954101562,1.0640022992447484e-05,Hymenoptera
3963,2658.9826049804688,2400.0,2740.3743896484375,2407.7390489578247,1.0628300515236333e-05,Hymenoptera
3964,2800.0,1091.5312194824219,2813.588704109192,1200.3493347167969,1.0599492270557676e-05,Hymenoptera
3965,3200.0,2571.433883666992,3214.8642721176147,2688.77978515625,1.0586421012703795e-05,Hymenoptera
3966,986.0652618408203,2000.0,1079.32177734375,2019.7517356872559,1.055793745763367e-05,Hymenoptera
3967,800.0,0.0,863.388858795166,95.78733825683594,1.0543750249780715e-05,Hymenoptera
3968,3200.0,1779.8770751953125,3215.8901538848877,1924.2362060546875,1.052787592925597e-05,Hymenoptera
3969,1047.6517639160156,2800.0,1138.2853393554688,2806.5297961235046,1.0505059435672592e-05,Hymenoptera
3970,4485.377593994141,1600.1115452498198,4570.482940673828,1606.1390714645386,1.0479223419679329e-05,Hymenoptera
3971,1600.0,3082.2353897094727,1613.603943824768,3186.062240600586,1.0478363947186153e-05,Hymenoptera
3972,1107.73095703125,1691.9035034179688,1192.2514343261719,1700.0,1.0424133506603539e-05,Hymenoptera
3973,400,693.7065124511719,417.77593421936035,804.7647399902344,1.0410275535832625e-05,Hymenoptera
3974,800.0,2326.5081481933594,828.0665817260742,2456.896484375,1.03886150100152e-05,Hymenoptera
3975,1980.5132751464844,800.0213466584682,2046.8115844726562,826.2709445953369,1.0348578143748455e-05,Hymenoptera
3976,2947.2891387939453,1600.0,3020.689254760742,1606.9592909812927,1.031533429340925e-05,Hymenoptera
3977,1460.2088928222656,1290.0584106445312,1534.2655029296875,1300.0,1.0286225915479008e-05,Hymenoptera
3978,1292.4451293945312,1038.0394439697266,1300.0,1092.0990600585938,1.0256497262162156e-05,Hymenoptera
3979,400.008587539196,2800.0986218452454,418.3896026611328,2914.8834228515625,1.0255421329929959e-05,Hymenoptera
3980,400.0,983.8844299316406,425.9425582885742,1097.5814819335938,1.0224348443443887e-05,Hymenoptera
3981,4000,1923.5204772949219,4018.554702758789,2007.4986877441406,1.0196169569098856e-05,Hymenoptera
3982,3714.108467102051,2400,3771.0597076416016,2405.230215072632,1.0171810572501272e-05,Hymenoptera
3983,3075.9002075195312,2956.0205755233765,3140.723175048828,2963.2427973747253,1.0164014383917674e-05,Hymenoptera
3984,1892.0404968261719,181.52735900878906,1941.3590087890625,225.23846435546875,1.0149369700229727e-05,Hymenoptera
3985,681.6070251464844,800.0020824372768,759.4974365234375,813.8777074813843,1.0144608495465945e-05,Hymenoptera
3986,1259.7825012207031,1200,1299.9310607910156,1253.2980918884277,1.0131681847269647e-05,Hymenoptera
3987,4600.796600341797,862.4730834960938,4608.0,937.4436340332031,1.0123529136762954e-05,Hymenoptera
3988,0.030362606048583984,2000.0,48.315650939941406,2048.0430183410645,1.0097573976963758e-05,Hymenoptera
3989,1200.5664672851562,2491.6824340820312,1277.6287994384766,2500.0,1.0018516150012147e-05,Hymenoptera
3990,2000.0,2000.0709503889084,2027.679931640625,2148.568557739258,1.0004166142607573e-05,Hymenoptera
3991,638.6816558837891,800.0096961855888,707.5083312988281,807.3288187980652,9.988332749344409e-06,Hymenoptera
3992,3538.1144409179688,0.0,3621.7586059570312,17.917104721069336,9.963615411834326e-06,Hymenoptera
3993,655.7456970214844,2400.008764863014,736.801513671875,2406.8046002388,9.96166818367783e-06,Hymenoptera
3994,2743.851287841797,493.8712463378906,2803.2211303710938,500.0,9.890520232147537e-06,Hymenoptera
3995,1083.7973937988281,2089.662841796875,1160.7825622558594,2100.0,9.887719897960778e-06,Hymenoptera
3996,1275.6116943359375,2107.283592224121,1300.0,2185.709671020508,9.851792128756642e-06,Hymenoptera
3997,1032.1771087646484,2000,1119.6145935058594,2007.9047889709473,9.767372830538079e-06,Hymenoptera
3998,3117.1819763183594,2956.0,3206.763458251953,2971.770083427429,9.760612556419801e-06,Hymenoptera
3999,884.8364868164062,1200.0,974.1665649414062,1215.2068901062012,9.699851943878457e-06,Hymenoptera
4000,1461.9385375976562,2400.0,1568.4923706054688,2417.3531761169434,9.65788058238104e-06,Hymenoptera
4001,1600.0387370586395,3026.65340423584,1628.5590324401855,3119.320587158203,9.64136233960744e-06,Hymenoptera
4002,2000.0,0.0,2046.5632553100586,96.16675567626953,9.64073660725262e-06,Hymenoptera
4003,2253.4388275146484,1289.1489868164062,2352.0872497558594,1300.0,9.625211532693356e-06,Hymenoptera
4004,3600.0,1863.1400146484375,3638.3387413024902,1976.6719360351562,9.581371159583796e-06,Hymenoptera
4005,3678.912208557129,1200,3740.2463989257812,1206.2263140678406,9.558199053572025e-06,Hymenoptera
4006,3042.90966796875,400,3101.5806579589844,405.361291885376,9.553806194162462e-06,Hymenoptera
4007,4053.46875,2000.0,4131.910675048828,2039.2273330688477,9.527638212603051e-06,Hymenoptera
4008,2108.6808471679688,3292.2827758789062,2173.9066162109375,3300.0,9.480379958404228e-06,Hymenoptera
4009,2682.359130859375,2.442166328430176,2735.9247131347656,31.992233276367188,9.466016308579128e-06,Hymenoptera
4010,3039.6446685791016,2494.343475341797,3115.5486450195312,2500.0,9.460430192120839e-06,Hymenoptera
4011,2302.0196533203125,491.5789489746094,2371.8723754882812,500.0,9.448682249058038e-06,Hymenoptera
4012,2812.1354064941406,800.0061057507992,2869.4090881347656,806.4919619560242,9.436569598619826e-06,Hymenoptera
4013,2350.4952087402344,1058.9506530761719,2464.0656127929688,1144.6943664550781,9.410929123987444e-06,Hymenoptera
4014,4020.0127563476562,0.0,4099.96337890625,41.401649475097656,9.402487194165587e-06,Hymenoptera
4015,3426.0022583007812,2094.2313232421875,3479.369873046875,2100.0,9.356305781693663e-06,Hymenoptera
4016,1200.0,1370.9449768066406,1241.6974143981934,1469.177001953125,9.327423867944162e-06,Hymenoptera
4017,1600.0,988.5794677734375,1614.7977561950684,1163.3942260742188,9.20722868613666e-06,Hymenoptera
4018,3528.148468017578,1292.59912109375,3600.959686279297,1300.0,9.177651008940302e-06,Hymenoptera
4019,4132.884429931641,1600.0,4212.797119140625,1605.2596850395203,9.155342013400514e-06,Hymenoptera
4020,2335.9757080078125,1600.0,2434.447723388672,1606.8873524665833,9.145298463408835e-06,Hymenoptera
4021,487.5649948120117,1689.4152526855469,574.9823150634766,1700.0,9.119248716160655e-06,Hymenoptera
4022,1350.216323852539,1200.0064358115196,1426.8038787841797,1212.5954265594482,9.079452865989879e-06,Hymenoptera
4023,26.29847526550293,2965.6276531219482,70.40336608886719,2981.6776161193848,9.047738785739057e-06,Hymenoptera
4024,2400,761.2447509765625,2414.0975255966187,851.0290222167969,9.043667887453921e-06,Hymenoptera
4025,3200.0,1918.6937255859375,3214.9973363876343,2018.8850402832031,9.031540685100481e-06,Hymenoptera
4026,1600.040253996849,1081.3539428710938,1637.966781616211,1186.0721435546875,8.968413567345124e-06,Hymenoptera
4027,3168.3986206054688,893.8260192871094,3231.3341064453125,900.0,8.946468369686045e-06,Hymenoptera
4028,4494.545135498047,2911.3997497558594,4500.0,2965.2603912353516,8.923547284211963e-06,Hymenoptera
4029,4517.653869628906,2800,4590.826416015625,2806.34974527359,8.916937076719478e-06,Hymenoptera
4030,730.9021301269531,1600.0,827.2103271484375,1631.2656517028809,8.90670435182983e-06,Hymenoptera
4031,4592.453186035156,2800.0,4607.936584472656,2839.4163780212402,8.903409252525307e-06,Hymenoptera
4032,1280.0817337036133,490.208251953125,1332.0750579833984,500.0,8.895778591977432e-06,Hymenoptera
4033,1259.421012878418,2956.01278296113,1317.0043029785156,2964.4004220962524,8.893767699191812e-06,Hymenoptera
4034,0.0,198.49505615234375,38.56206512451172,310.74725341796875,8.889783202903345e-06,Hymenoptera
4035,3245.167205810547,1292.9331665039062,3320.2303771972656,1300.0,8.871294994605705e-06,Hymenoptera
4036,2400.0184468925,932.9135437011719,2412.948712348938,1017.5691528320312,8.865129530022386e-06,Hymenoptera
4037,742.9846801757812,400.0,800.7476196289062,406.6802062988281,8.775085007073358e-06,Hymenoptera
4038,2800.0822335481644,137.45181274414062,2817.4873447418213,221.4759521484375,8.747262654651422e-06,Hymenoptera
4039,570.5560455322266,0.2168320119380951,629.5756072998047,4.880322456359863,8.727614840609021e-06,Hymenoptera
4040,3291.9421997070312,2000,3299.91455078125,2030.3084678649902,8.680359314894304e-06,Hymenoptera
4041,3128.1258239746094,1600.0001415610313,3219.671142578125,1608.29824924469,8.632420758658554e-06,Hymenoptera
4042,1920.7166137695312,1685.3952331542969,2009.4732666015625,1700.0,8.610451004642528e-06,Hymenoptera
4043,1658.0142822265625,3147.7462005615234,1699.664306640625,3215.732666015625,8.601119589002337e-06,Hymenoptera
4044,1709.642219543457,1600.0,1785.4359130859375,1618.025993347168,8.597495252615772e-06,Hymenoptera
4045,400.28828978538513,2726.5316467285156,427.75893783569336,2790.5348205566406,8.595306098868605e-06,Hymenoptera
4046,1200.155794620514,2664.5762939453125,1236.8864479064941,2750.7958068847656,8.563552000850905e-06,Hymenoptera
4047,2909.4515533447266,490.1093444824219,3006.3015747070312,500.0,8.553594852855895e-06,Hymenoptera
4048,3805.4370880126953,2956,3863.321014404297,2961.123095035553,8.55038069857983e-06,Hymenoptera
4049,1267.1011352539062,2036.3212585449219,1299.9440612792969,2099.6839599609375,8.517257811035961e-06,Hymenoptera
4050,1260.934425354004,1691.5052795410156,1366.0775146484375,1700.0,8.495492693327833e-06,Hymenoptera
4051,1281.5526123046875,1600.0,1299.91064453125,1631.3336219787598,8.463720405416097e-06,Hymenoptera
4052,1772.7851104736328,1200,1844.970199584961,1206.7211809158325,8.453757800452877e-06,Hymenoptera
4053,2540.106155395508,1292.4422607421875,2592.6219024658203,1300.0,8.389722097490449e-06,Hymenoptera
4054,1600.0,2575.199264526367,1614.8855123519897,2671.1897888183594,8.381030056625605e-06,Hymenoptera
4055,2143.6531372070312,2891.857666015625,2207.0631256103516,2900.0,8.342243745573796e-06,Hymenoptera
4056,1328.1765441894531,1293.1138000488281,1397.2658386230469,1300.0,8.313660146086477e-06,Hymenoptera
4057,4108,373.3150634765625,4124.657121658325,471.95013427734375,8.27610074338736e-06,Hymenoptera
4058,791.2225646972656,2956.0,880.5996398925781,2964.80402469635,8.268574674730189e-06,Hymenoptera
4059,109.7615966796875,2400.001722574234,211.65792846679688,2407.495842933655,8.245250683103222e-06,Hymenoptera
4060,3348.8521270751953,2400.001760944724,3418.6289978027344,2406.0584955215454,8.234854249167256e-06,Hymenoptera
4061,1253.5228881835938,1495.7237243652344,1299.9621276855469,1577.0287475585938,8.175315088010393e-06,Hymenoptera
4062,1851.3451538085938,2493.063018798828,1913.4941101074219,2500.0,8.161985533661209e-06,Hymenoptera
4063,3314.140106201172,2094.4136657714844,3375.3387756347656,2100.0,8.15903604234336e-06,Hymenoptera
4064,800.0,970.7870178222656,835.9454460144043,1040.915512084961,8.154859642672818e-06,Hymenoptera
4065,2504.67333984375,2400,2576.161605834961,2407.028314590454,8.11683275969699e-06,Hymenoptera
4066,3356.398681640625,2000.0000961124897,3435.6905975341797,2009.0416641235352,8.056356818997301e-06,Hymenoptera
4067,918.2147064208984,2566.150680541992,1106.2244873046875,2639.012725830078,8.028346201172099e-06,Hymenoptera
4068,776.8504333496094,2956.0090196728706,840.4002494812012,2979.818780899048,8.023096597753465e-06,Hymenoptera
4069,2387.5863037109375,400.0,2460.651123046875,468.1047592163086,7.974801519594621e-06,Hymenoptera
4070,630.4180603027344,1600.0020496547222,685.0037231445312,1608.4680194854736,7.948090569698252e-06,Hymenoptera
4071,502.0294876098633,7.755372047424316,556.9624633789062,27.140256881713867,7.928256309241988e-06,Hymenoptera
4072,2400.019261240959,2107.6365509033203,2413.9375343322754,2214.2794189453125,7.885178092692513e-06,Hymenoptera
4073,0.03899335861206055,959.6189727783203,101.54998016357422,1073.8319396972656,7.878375981817953e-06,Hymenoptera
4074,1600.0055961310863,866.1046981811523,1643.8865852355957,1031.124282836914,7.864750841690693e-06,Hymenoptera
4075,1810.7486724853516,800.0,1887.32275390625,817.6443214416504,7.833558811398689e-06,Hymenoptera
4076,0,2264.5428771972656,16.293930053710938,2373.286346435547,7.80102527642157e-06,Hymenoptera
4077,476.1185607910156,2800.0,500.0,2832.5667457580566,7.784288754919544e-06,Hymenoptera
4078,1722.1839904785156,400,1803.2089233398438,410.11890506744385,7.777061910019256e-06,Hymenoptera
4079,400.0,1600.0,554.2111968994141,1631.125602722168,7.72195835452294e-06,Hymenoptera
4080,837.7084732055664,2302.261962890625,956.528564453125,2382.2688598632812,7.701110007474199e-06,Hymenoptera
4081,1600.0,965.0903167724609,1614.9544401168823,1064.982666015625,7.644247489224654e-06,Hymenoptera
4082,3043.862060546875,891.5177307128906,3112.993682861328,900.0,7.605613973282743e-06,Hymenoptera
4083,1656.0770874023438,2170.054168701172,1699.7532958984375,2231.313247680664,7.595784609293332e-06,Hymenoptera
4084,3256.300262451172,0.2040654420852661,3300.0,14.414846420288086,7.566265594505239e-06,Hymenoptera
4085,2000.0,879.7900238037109,2024.4234771728516,967.6576843261719,7.553403065685416e-06,Hymenoptera
4086,2000.0,292.1184387207031,2013.4014797210693,391.3442077636719,7.54655684431782e-06,Hymenoptera
4087,800,1422.3345794677734,817.0819244384766,1499.8501892089844,7.5383636612968985e-06,Hymenoptera
4088,4323.981536865234,2400.055718421936,4396.525726318359,2423.7281761169434,7.536688826803584e-06,Hymenoptera
4089,1690.8172454833984,1689.28076171875,1758.9120178222656,1700.0,7.514834578614682e-06,Hymenoptera
4090,3679.2032165527344,1735.5768737792969,3699.9212341308594,1848.19873046875,7.508458566007903e-06,Hymenoptera
4091,2000.0619173049927,1514.0880737304688,2016.531229019165,1589.4155578613281,7.4813478931901045e-06,Hymenoptera
4092,2800,2679.2786254882812,2814.984196662903,2888.240203857422,7.4662516453827266e-06,Hymenoptera
4093,4485.2115478515625,2000.0,4499.979675292969,2044.824836730957,7.462059329554904e-06,Hymenoptera
4094,2764.39404296875,214.1986541748047,2819.1427612304688,255.61244201660156,7.427298442053143e-06,Hymenoptera
4095,1862.5978088378906,800.0179812312126,1936.8608093261719,807.2878112792969,7.424565410474315e-06,Hymenoptera
4096,1310.9969635009766,2400,1366.4461059570312,2407.515239715576,7.38613971407176e-06,Hymenoptera
4097,400.01471042633057,2956.5144596099854,422.16227531433105,3082.180145263672,7.365811143245082e-06,Hymenoptera
4098,3600.0202417373657,895.8104400634766,3607.543011188507,970.3372039794922,7.359365554293618e-06,Hymenoptera
4099,400,2094.368133544922,465.34114837646484,2100.0,7.334946076298365e-06,Hymenoptera
4100,2021.7041931152344,2090.0966796875,2098.824981689453,2100.0,7.321576958929654e-06,Hymenoptera
4101,1946.3523254394531,2000,2020.8143310546875,2008.0830173492432,7.299323442566674e-06,Hymenoptera
4102,555.5605926513672,3229.4202880859375,699.299560546875,3321.168731689453,7.242195806611562e-06,Hymenoptera
4103,3161.886016845703,2493.66796875,3226.088897705078,2500.0,7.22865706848097e-06,Hymenoptera
4104,2224.680709838867,1600.0021114945412,2285.3192443847656,1606.3336687088013,7.197818376880605e-06,Hymenoptera
4105,3757.337646484375,3445.4375915527344,3804.120330810547,3455.980255126953,7.1968502197705675e-06,Hymenoptera
4106,511.61971282958984,2800.0,594.2461547851562,2817.4919986724854,7.193550118245184e-06,Hymenoptera
4107,800,2282.8869018554688,829.6193294525146,2362.7022705078125,7.17356670065783e-06,Hymenoptera
4108,2164.5415954589844,7.745346546173096,2220.6517181396484,25.18737030029297,7.1713361649017315e-06,Hymenoptera
4109,1600.2840667963028,2800.012582540512,1632.049819946289,2817.347723007202,7.16487693352974e-06,Hymenoptera
4110,4594.377960205078,1240.0476531982422,4608.0,1306.8251037597656,7.1339709393214434e-06,Hymenoptera
4111,977.7714691162109,3447.0001831054688,1095.4908752441406,3456.0,7.087761787261115e-06,Hymenoptera
4112,2400.060075521469,3234.795867919922,2419.147003173828,3329.054168701172,7.0754572334408294e-06,Hymenoptera
4113,3261.2974243164062,2400.0,3300.0,2439.330146789551,7.044526228128234e-06,Hymenoptera
4114,1929.2856140136719,1600.0,2005.963623046875,1616.999095916748,7.044465746730566e-06,Hymenoptera
4115,4108,581.4081115722656,4121.940008163452,669.0930480957031,7.034945156192407e-06,Hymenoptera
4116,3301.5109100341797,919.7303314208984,3326.142837524414,940.3002777099609,7.015723895165138e-06,Hymenoptera
4117,2560.7911529541016,1200.0057391822338,2630.0506134033203,1208.0783128738403,6.991631835262524e-06,Hymenoptera
4118,3600.0223971903324,2256.5972290039062,3612.6961212158203,2343.1188049316406,6.986059815972112e-06,Hymenoptera
4119,400.0,3423.9578247070312,465.44488525390625,3456.0,6.983962066442473e-06,Hymenoptera
4120,87.8958969116211,2956.036320835352,204.68869018554688,2974.5426063537598,6.980552370805526e-06,Hymenoptera
4121,2103.6947021484375,490.5832824707031,2180.4322509765625,500.0,6.939122613403015e-06,Hymenoptera
4122,2178.5625,2956.4072725772858,2215.035629272461,2976.6717319488525,6.934398697922006e-06,Hymenoptera
4123,1512.8052368164062,1600,1568.1262512207031,1606.3392148017883,6.918730377947213e-06,Hymenoptera
4124,1944.3472900390625,3290.320098876953,2037.6793823242188,3300.0,6.89240732754115e-06,Hymenoptera
4125,2491.874969482422,400,2499.865997314453,436.07372665405273,6.872094218124403e-06,Hymenoptera
4126,1200,1252.6366233825684,1217.775499343872,1341.5232238769531,6.847666099929484e-06,Hymenoptera
4127,3600,1321.3519134521484,3615.031579017639,1391.3417053222656,6.8404210651351605e-06,Hymenoptera
4128,996.4417724609375,3341.6000366210938,1047.101333618164,3403.8497924804688,6.8393837864277884e-06,Hymenoptera
4129,2448.167510986328,1600.0,2500.0,1617.2336750030518,6.838757599325618e-06,Hymenoptera
4130,2800.0,2149.8547973632812,2837.7927169799805,2254.0453491210938,6.819369446020573e-06,Hymenoptera
4131,0.034208595752716064,1405.0470886230469,14.475591659545898,1504.3378295898438,6.812154424551409e-06,Hymenoptera
4132,435.18859481811523,2893.1010131835938,488.4558792114258,2900.0,6.794027740397723e-06,Hymenoptera
4133,0.0,800.1745730638504,98.84576416015625,817.8790187835693,6.79269214742817e-06,Hymenoptera
4134,167.5157012939453,2800.189630687237,227.99534606933594,2815.510527610779,6.74536886435817e-06,Hymenoptera
4135,3046.124267578125,1600,3113.7330017089844,1607.4017925262451,6.7433361436997075e-06,Hymenoptera
4136,1443.8561706542969,2004.8214221000671,1520.92041015625,2023.4657135009766,6.700188350805547e-06,Hymenoptera
4137,2381.9107666015625,491.7462463378906,2452.309326171875,500.0,6.699920049868524e-06,Hymenoptera
4138,4602.244567871094,1301.4758834838867,4608.0,1353.5082092285156,6.6817660808737855e-06,Hymenoptera
4139,698.9988403320312,2800,777.2020263671875,2807.239688396454,6.67919312036247e-06,Hymenoptera
4140,1797.6373291015625,1291.0591125488281,1856.0262145996094,1300.0,6.670490165561205e-06,Hymenoptera
4141,467.4119873046875,400.0456601381302,500.0,419.12071228027344,6.663458407274447e-06,Hymenoptera
4142,1143.8379821777344,3446.802947998047,1239.8572082519531,3456.0,6.657869107584702e-06,Hymenoptera
4143,1578.1769409179688,1200.0,1653.4539184570312,1233.3352394104004,6.631596079387236e-06,Hymenoptera
4144,2000.0,1412.6375122070312,2026.262622833252,1518.6615600585938,6.6044635786965955e-06,Hymenoptera
4145,1630.3918838500977,888.3268432617188,1699.859146118164,899.9218139648438,6.588001269847155e-06,Hymenoptera
4146,1421.9557800292969,1766.2328796386719,1509.4686889648438,1873.5932312011719,6.576501618837938e-06,Hymenoptera
4147,2786.6828002929688,890.0489807128906,2853.1849975585938,900.0,6.540400136145763e-06,Hymenoptera
4148,2953.7030029296875,400.0098317861557,3019.5997009277344,407.7667565345764,6.477247552538756e-06,Hymenoptera
4149,2568.445755004883,3450.5516662597656,2621.5778045654297,3456.0,6.47356091576512e-06,Hymenoptera
4150,3272.93115234375,800,3299.8452758789062,823.3978500366211,6.45103546048631e-06,Hymenoptera
4151,1200.024837255478,1513.3103332519531,1239.4441604614258,1573.8766784667969,6.410565219994169e-06,Hymenoptera
4152,1276.687255859375,4.789161682128906,1368.2898712158203,27.702051162719727,6.357591246342054e-06,Hymenoptera
4153,3600,3446.6646728515625,3661.45108795166,3456.0,6.347710041154642e-06,Hymenoptera
4154,2000.0377111136913,1353.1432189941406,2013.7422771453857,1444.6426696777344,6.290826604526956e-06,Hymenoptera
4155,1200,0.6326079368591309,1222.891845703125,101.40438079833984,6.290424607868772e-06,Hymenoptera
4156,2473.97216796875,218.1956787109375,2499.9310913085938,317.3831481933594,6.2878393691789825e-06,Hymenoptera
4157,1011.7999572753906,1693.4266967773438,1066.9702453613281,1700.0,6.2843264458933845e-06,Hymenoptera
4158,643.6540069580078,2800.0036500394344,701.8858337402344,2805.42111825943,6.282120921241585e-06,Hymenoptera
4159,4438.937561035156,1290.6854248046875,4494.978240966797,1299.986328125,6.281474270508625e-06,Hymenoptera
4160,835.4914207458496,1600.0077679753304,903.1509170532227,1631.2579936981201,6.26159362582257e-06,Hymenoptera
4161,1657.3154335021973,2000,1736.7300262451172,2007.9248442649841,6.170268989080796e-06,Hymenoptera
4162,646.9005126953125,891.1193237304688,720.9521179199219,900.0,6.158453288662713e-06,Hymenoptera
4163,0.06042122840881348,1297.5885162353516,17.935020446777344,1367.8997497558594,6.1518144320871215e-06,Hymenoptera
4164,800.1155883073807,0.0194549560546875,876.5459823608398,35.85495376586914,6.059969564375933e-06,Hymenoptera
4165,1200.0201679766178,2754.8477172851562,1212.376974105835,2835.263916015625,6.05762352279271e-06,Hymenoptera
4166,1671.5610046386719,1331.2224578857422,1700.0,1419.4263000488281,6.040565949660959e-06,Hymenoptera
4167,2000.075587630272,1788.0093231201172,2032.0906295776367,1850.0357818603516,5.9375543060014024e-06,Hymenoptera
4168,2896.27433013916,1600.0,2947.4107971191406,1623.4011497497559,5.920178409724031e-06,Hymenoptera
4169,4073.8823852539062,1942.1290893554688,4100.0,2030.5909729003906,5.918688202655176e-06,Hymenoptera
4170,1491.3363342285156,2088.3163452148438,1569.671630859375,2100.0,5.912764663662529e-06,Hymenoptera
4171,4320.503601074219,2889.102081298828,4385.563049316406,2900.0,5.908756520511815e-06,Hymenoptera
4172,1600.070098042488,1514.4007263183594,1619.6818923950195,1625.5637512207031,5.899134521314409e-06,Hymenoptera
4173,1200.0319316983223,2201.564453125,1221.206895828247,2293.372833251953,5.873883765161736e-06,Hymenoptera
4174,3600.005967915058,1839.1926727294922,3613.8523683547974,1927.8726196289062,5.872786459804047e-06,Hymenoptera
4175,1781.8060302734375,0.3639400005340576,1858.1144714355469,14.612367630004883,5.85733687330503e-06,Hymenoptera
4176,400.1726269721985,1700.4483184814453,437.38586807250977,1779.3902435302734,5.849086846865248e-06,Hymenoptera
4177,826.0176696777344,1600.0016421079636,905.4221496582031,1625.5764598846436,5.848250111739617e-06,Hymenoptera
4178,1600.0196985900402,1136.3350524902344,1607.5029106140137,1227.5886535644531,5.8276282288716175e-06,Hymenoptera
4179,2871.6218795776367,2107.339385986328,3025.6547241210938,2227.1292266845703,5.823128958581947e-06,Hymenoptera
4180,0.23418664932250977,1200.363290309906,50.29530334472656,1242.4323272705078,5.8114505918638315e-06,Hymenoptera
4181,2487.57373046875,2279.45556640625,2499.9510803222656,2367.2700805664062,5.810702532471623e-06,Hymenoptera
4182,0.0,335.8628234863281,14.51456356048584,434.50341796875,5.781119398307055e-06,Hymenoptera
4183,696.1244201660156,0.7920295000076294,759.0851745605469,20.012287139892578,5.781097570434213e-06,Hymenoptera
4184,1036.1981353759766,2956.005328655243,1120.5312805175781,2963.9028725624084,5.755473921453813e-06,Hymenoptera
4185,4218.733215332031,2000.0202227383852,4272.87646484375,2005.620388507843,5.740733740822179e-06,Hymenoptera
4186,183.39500427246094,2956.0619553029537,266.781005859375,2972.2342796325684,5.733298166887835e-06,Hymenoptera
4187,400,837.3511352539062,423.0960273742676,900.0,5.725189566874178e-06,Hymenoptera
4188,2626.792526245117,2090.84423828125,2708.0046997070312,2100.0,5.722487912862562e-06,Hymenoptera
4189,2716.1077575683594,400,2792.3779907226562,406.5962300300598,5.708909611712443e-06,Hymenoptera
4190,923.3131866455078,2404.511535167694,1148.8396606445312,2472.159683227539,5.701988357031951e-06,Hymenoptera
4191,4312.508209228516,3290.905059814453,4382.246978759766,3300.0,5.686159511242295e-06,Hymenoptera
4192,2307.479766845703,3449.735076904297,2365.0250549316406,3456.0,5.667924597219098e-06,Hymenoptera
4193,1977.42919921875,1200.0147588551044,2059.7633361816406,1209.6417064666748,5.653818789141951e-06,Hymenoptera
4194,1200.0057235360146,2107.686851501465,1223.2915420532227,2202.472900390625,5.601587417913834e-06,Hymenoptera
4195,4494.091613769531,2238.8135681152344,4500.0,2302.3753967285156,5.595634320343379e-06,Hymenoptera
4196,4484.911773681641,2400,4499.900299072266,2426.293581008911,5.57481280338834e-06,Hymenoptera
4197,3200.001712143421,1725.5676498413086,3215.101734161377,1810.5768737792969,5.565782885241788e-06,Hymenoptera
4198,1671.5230560302734,1293.2884216308594,1736.072265625,1300.0,5.5126656661741436e-06,Hymenoptera
4199,1200.0299647450447,2258.9367065429688,1239.7152061462402,2339.6488342285156,5.40739301868598e-06,Hymenoptera
4200,0.020712614059448242,995.3656616210938,20.75963592529297,1084.7190246582031,5.373198291636072e-06,Hymenoptera
4201,1853.4280700683594,2400.0,1948.354736328125,2408.5290451049805,5.331399279384641e-06,Hymenoptera
4202,1782.1853790283203,800.0014998018742,1847.62744140625,807.4354114532471,5.298644737194991e-06,Hymenoptera
4203,1200,1539.623779296875,1213.090488433838,1613.6506042480469,5.297532879922073e-06,Hymenoptera
4204,2800.044959038496,2257.642364501953,2806.2630848884583,2348.6219787597656,5.255180440144613e-06,Hymenoptera
4205,400.62882900238037,3231.4566040039062,508.3463668823242,3314.8153686523438,5.250877165963175e-06,Hymenoptera
4206,2800.00718832016,2110.7968826293945,2821.2464389801025,2198.688217163086,5.244291060080286e-06,Hymenoptera
4207,4000.0412702560425,400,4033.9043502807617,420.0190677642822,5.229473117651651e-06,Hymenoptera
4208,0.0,3435.0531005859375,41.75273895263672,3455.9183654785156,5.2241948651499115e-06,Hymenoptera
4209,489.8707275390625,800,499.8312072753906,832.1623878479004,5.156854967935942e-06,Hymenoptera
4210,4000.0045403838158,1512.8735046386719,4012.278024673462,1587.6559143066406,5.139503628015518e-06,Hymenoptera
4211,4108.025575980544,1552.9043273925781,4120.481781959534,1648.5829467773438,5.1288202485011425e-06,Hymenoptera
4212,282.6676940917969,2956.0,373.4604797363281,2983.291213989258,5.127255462866742e-06,Hymenoptera
4213,2800.019070506096,800,2815.510166168213,866.8851623535156,5.101254828332458e-06,Hymenoptera
4214,800,1317.7743225097656,815.296236038208,1403.8431701660156,5.093263098387979e-06,Hymenoptera
4215,1538.5167236328125,893.1815185546875,1609.7249145507812,900.0,5.076131401438033e-06,Hymenoptera
4216,148.56019592285156,0.09928829967975616,262.8963623046875,26.94842529296875,5.052143023931421e-06,Hymenoptera
4217,4055.9814224243164,1693.03955078125,4130.089614868164,1700.0,5.0460275815567e-06,Hymenoptera
4218,4108.000891834497,739.9605712890625,4113.4394245147705,807.2611694335938,5.037233222537907e-06,Hymenoptera
4219,4161.865196228027,1600,4215.049003601074,1605.4575266838074,5.017049716116162e-06,Hymenoptera
4220,3435.5660400390625,0.17660260200500488,3517.1973571777344,7.361745834350586,5.010060249333037e-06,Hymenoptera
4221,1561.1483459472656,2493.9288940429688,1626.2947082519531,2500.0,5.009218966733897e-06,Hymenoptera
4222,4590.321990966797,2063.1513595581055,4608.0,2316.854522705078,4.985452051187167e-06,Hymenoptera
4223,2149.067138671875,400.01488253474236,2215.3562622070312,406.98658084869385,4.971208909410052e-06,Hymenoptera
4224,45.50275802612305,1201.079711318016,116.25077819824219,1217.2575950622559,4.967811037204228e-06,Hymenoptera
4225,1761.1283264160156,3285.5887451171875,1832.0351104736328,3300.0,4.938189704262186e-06,Hymenoptera
4226,1200.292244553566,1313.146713256836,1238.6867027282715,1380.1212310791016,4.922752850688994e-06,Hymenoptera
4227,4336.550964355469,2956.0,4396.484771728516,2961.369611263275,4.898615316051291e-06,Hymenoptera
4228,904.8747100830078,485.6558837890625,967.3643646240234,499.4576416015625,4.855500264966395e-06,Hymenoptera
4229,2869.6948852539062,582.3925476074219,2899.799072265625,637.9689636230469,4.853227437706664e-06,Hymenoptera
4230,4492.719207763672,1670.917465209961,4500.0,1734.9319152832031,4.79434447697713e-06,Hymenoptera
4231,2400,1600,2444.738754272461,1624.258981704712,4.771655767399352e-06,Hymenoptera
4232,557.5570373535156,400.01310035586357,622.9676513671875,406.7279191017151,4.7479743443545885e-06,Hymenoptera
4233,2499.446578979492,1600,2559.8873596191406,1605.8307332992554,4.730005457531661e-06,Hymenoptera
4234,1384.1900177001953,494.0732116699219,1437.3141479492188,500.0,4.693679329648148e-06,Hymenoptera
4235,400.04952251911163,1033.3749694824219,412.78667736053467,1172.5410461425781,4.690431069320766e-06,Hymenoptera
4236,4480.9832763671875,2089.7199096679688,4542.123321533203,2100.0,4.681064638134558e-06,Hymenoptera
4237,41.55693054199219,1.647876262664795,105.85783386230469,15.10429859161377,4.654755684896372e-06,Hymenoptera
4238,3665.242256164551,2000.0207915902138,3730.951858520508,2006.4885063171387,4.6438080971711315e-06,Hymenoptera
4239,2950.37451171875,2092.7781677246094,3008.8097381591797,2100.0,4.625558631232707e-06,Hymenoptera
4240,4493.151275634766,2956,4500.0,2998.8865089416504,4.599249677994521e-06,Hymenoptera
4241,1065.3287658691406,1600,1126.1585388183594,1607.0246653556824,4.591501237882767e-06,Hymenoptera
4242,4480.264221191406,1600.1972883939743,4499.976104736328,1616.634262084961,4.58290514870896e-06,Hymenoptera
4243,422.0242614746094,1200.0072985887527,478.99102783203125,1207.6515970230103,4.553555299935397e-06,Hymenoptera
4244,1200.0009894371033,2304.1902465820312,1219.1256999969482,2379.7822875976562,4.5255751501827035e-06,Hymenoptera
4245,2175.799285888672,1600.0010684132576,2241.1107025146484,1607.92831325531,4.497003828873858e-06,Hymenoptera
4246,58.611083984375,1690.609375,118.61619567871094,1700.0,4.417192485561827e-06,Hymenoptera
4247,4492.748779296875,1479.1445922851562,4500.0,1516.9634094238281,4.405690106068505e-06,Hymenoptera
4248,466.9441452026367,493.5339050292969,509.55484771728516,500.0,4.399241788632935e-06,Hymenoptera
4249,2895.775344848633,400,2958.375213623047,406.3568739891052,4.380414793558884e-06,Hymenoptera
4250,319.330078125,0.6064057350158691,408.7192077636719,19.453229904174805,4.371859631646657e-06,Hymenoptera
4251,2091.1654052734375,2400,2099.9012451171875,2422.004684448242,4.36042137152981e-06,Hymenoptera
4252,3773.0138549804688,2489.4300537109375,3823.914077758789,2499.9540405273438,4.356942099548178e-06,Hymenoptera
4253,552.1396942138672,3223.6600341796875,633.4451141357422,3295.7281494140625,4.309868018026464e-06,Hymenoptera
4254,1672.9592666625977,2093.676239013672,1749.1086883544922,2100.0,4.284476290195016e-06,Hymenoptera
4255,1902.9127502441406,2090.5668334960938,1977.3234252929688,2100.0,4.273181275493698e-06,Hymenoptera
4256,1011.3563995361328,2.825075387954712,1095.9381713867188,37.24341583251953,4.272541445971001e-06,Hymenoptera
4257,800.1612842082977,0.0387825071811676,849.7796058654785,7.763427734375,4.263594746589661e-06,Hymenoptera
4258,0.0,1474.1696472167969,15.550481796264648,1587.8909912109375,4.224646090733586e-06,Hymenoptera
4259,3912.2381286621094,2000,3976.9205017089844,2006.4199538230896,4.219004949845839e-06,Hymenoptera
4260,400.0624895095825,0.16328394412994385,414.3298740386963,37.803043365478516,4.2187316466879565e-06,Hymenoptera
4261,800.0447794795036,1687.5261764526367,816.3172626495361,1766.8607788085938,4.150923359702574e-06,Hymenoptera
4262,4108.095411390066,2241.638229370117,4120.386849403381,2364.5877685546875,4.135726157983299e-06,Hymenoptera
4263,1158.9225769042969,1606.2817306518555,1217.4842224121094,1621.8493824005127,4.070299382874509e-06,Hymenoptera
4264,4553.839263916016,2000.0394374132156,4608.0,2037.0743255615234,4.060989795107162e-06,Hymenoptera
4265,4000.0176459550858,1387.0393676757812,4012.153480529785,1495.9504089355469,4.042554792249575e-06,Hymenoptera
4266,885.7942199707031,3350.2879333496094,899.8888549804688,3407.930908203125,4.031901426060358e-06,Hymenoptera
4267,1689.5534973144531,2400,1700.0,2426.485466003418,3.980628662247909e-06,Hymenoptera
4268,493.6654968261719,93.90006256103516,500.0,168.33999633789062,3.969203589804238e-06,Hymenoptera
4269,488.1958694458008,1600.0,562.6922454833984,1607.2524161338806,3.962406935897889e-06,Hymenoptera
4270,68.97644805908203,3448.8573608398438,151.90882873535156,3456.0,3.936433586204657e-06,Hymenoptera
4271,933.5932006835938,2092.236083984375,1000.1438140869141,2100.0,3.8691273402946535e-06,Hymenoptera
4272,1742.492172241211,889.8680725097656,1801.6822509765625,899.968994140625,3.837066742562456e-06,Hymenoptera
4273,2492.70361328125,901.6829986572266,2500.0,961.3434295654297,3.8181838135642465e-06,Hymenoptera
4274,1600.058414041996,1830.6442260742188,1615.111427307129,1924.3649597167969,3.693940925586503e-06,Hymenoptera
4275,2000,2423.6251220703125,2016.727668762207,2498.5230102539062,3.3656926916592056e-06,Hymenoptera
4276,0.24639368057250977,59.29876708984375,40.00040817260742,130.7420196533203,3.2366535833716625e-06,Hymenoptera
4277,0.4874005913734436,3097.4175567626953,22.906190872192383,3174.746368408203,3.2244624890154228e-06,Hymenoptera
4278,42.480838775634766,11.546854019165039,94.5731201171875,26.81817054748535,3.222157147320104e-06,Hymenoptera
4279,1200.0283434987068,2518.9224700927734,1219.676866531372,2623.4835662841797,3.0513901947415434e-06,Hymenoptera
4280,400.0723510980606,1891.2025451660156,412.6383390426636,1979.9507141113281,2.9492089197447058e-06,Hymenoptera
4281,4108.0,2197.659683227539,4156.32638168335,2464.264678955078,0.00015579062164761126,Isoptera
4282,2848.0039672851562,2852.8815307617188,2900.0,2899.1377868652344,0.00010315443068975583,Isoptera
4283,4108.0,2547.5361328125,4133.831020355225,2605.5717010498047,9.514870180282742e-05,Isoptera
4284,2075.2243041992188,2285.474151611328,2099.9189453125,2369.0868530273438,7.155358616728336e-05,Isoptera
4285,400,1200.9504795074463,534.5580596923828,1609.5806274414062,4.756951238960028e-05,Isoptera
4286,0.0,0.0,658.2870483398438,900.8085327148438,4.1511339077260345e-05,Isoptera
4287,2194.4703826904297,601.5934906005859,2258.121337890625,673.0139770507812,2.9182179787312634e-05,Isoptera
4288,2530.7510681152344,963.2619323730469,2555.064468383789,988.3214416503906,2.1864858354092576e-05,Isoptera
4289,3223.472141265869,1200.009498000145,3504.6295776367188,1247.9843444824219,1.9630739188869484e-05,Isoptera
4290,4108.04655122757,2279.258819580078,4133.6414794921875,2402.0985717773438,1.9517972759786062e-05,Isoptera
4291,2031.0569763183594,2800.0,2100.0,2935.2403411865234,1.9387704014661722e-05,Isoptera
4292,4000.0,2540.045425415039,4033.1441535949707,2593.5523529052734,1.714822974463459e-05,Isoptera
4293,3249.2886657714844,1600.0,3300.0,1692.3130645751953,1.699575841485057e-05,Isoptera
4294,4014.0223388671875,1600.0,4100.0,1672.8130798339844,1.6690466509317048e-05,Isoptera
4295,4463.767303466797,2800,4500.0,2855.0683975219727,1.5649053239030764e-05,Isoptera
4296,1331.438232421875,800.0332772731781,1386.0264129638672,835.8313751220703,1.5487225027754903e-05,Isoptera
4297,3644.130645751953,3225.6963806152344,3699.9139404296875,3288.8633728027344,1.521552894701017e-05,Isoptera
4298,1503.8400268554688,486.51551818847656,1573.3225402832031,545.6681213378906,1.5187883036560379e-05,Isoptera
4299,1651.1258544921875,0.0,1700.0,121.88046264648438,1.3162508366804104e-05,Isoptera
4300,2450.5521850585938,2000,2500.0,2079.914794921875,1.303847511735512e-05,Isoptera
4301,3258.7158203125,2800,3300.0,2897.6242752075195,1.2774005881510675e-05,Isoptera
4302,0.0,1480.3287353515625,580.5752563476562,3390.890869140625,1.2670851901930291e-05,Isoptera
4303,1200.1397550106049,332.843017578125,1219.3575439453125,467.0350646972656,9.662257070885971e-06,Isoptera
4304,4000,1600,4203.373718261719,1633.054054260254,8.25484221422812e-06,Isoptera
4305,2449.3978576660156,2400,2500.0,2481.531234741211,8.205394806282129e-06,Isoptera
4306,1355.5620727539062,1456.5684814453125,1438.2754364013672,1498.8787231445312,8.017749678401742e-06,Isoptera
4307,4049.0404663085938,0,4100.0,81.58287811279297,7.506976544391364e-06,Isoptera
4308,1319.2657012939453,1967.0194396972656,1385.6568145751953,2033.6778564453125,5.882449386263033e-06,Isoptera
4309,2845.9818725585938,1200,2900.0,1310.2471618652344,5.7586803450249135e-06,Isoptera
4310,1600,400.0711143016815,1667.7726974487305,422.09996795654297,4.496647761698114e-06,Isoptera
4311,1713.9560470581055,1015.6923828125,1756.915542602539,1076.6508483886719,4.409750999911921e-06,Isoptera
4312,1796.2551879882812,492.3046112060547,1890.6360473632812,546.8223876953125,3.399156184968888e-06,Isoptera
4313,3823.619140625,2147.741455078125,4483.1494140625,3351.783935546875,0.03445613384246826,Lepidoptera
4314,60.130882263183594,1200.0,548.7139892578125,1700.0,0.029749639332294464,Lepidoptera
4315,2659.02880859375,8.21315860748291,4608.0,2557.3603515625,0.02570127323269844,Lepidoptera
4316,3267.9014282226562,3114.741668701172,3300.0,3401.7250061035156,0.02176985703408718,Lepidoptera
4317,0.0,1435.089111328125,500.0,3265.433349609375,0.019650787115097046,Lepidoptera
4318,40.3167724609375,2000.0,497.361572265625,2500.0,0.017358381301164627,Lepidoptera
4319,3594.889892578125,2800.0,4489.781646728516,3351.10107421875,0.013661403208971024,Lepidoptera
4320,4000.0,2629.4857025146484,4031.5619678497314,2839.6190185546875,0.0021101997699588537,Lepidoptera
4321,4108.0,2529.8429107666016,4182.940475463867,2700.012451171875,0.0009110542014241219,Lepidoptera
4322,4093.627426147461,2188.02880859375,4179.875823974609,2519.353828430176,0.0008557416149415076,Lepidoptera
4323,0.0,0.0,500.0,779.8447875976562,0.0008028766606003046,Lepidoptera
4324,2678.71142578125,0.0,4608.0,1921.798583984375,0.0001673813530942425,Lepidoptera
4325,53.096435546875,2210.7547760009766,488.6493225097656,2496.640869140625,0.00016559544019401073,Lepidoptera
4326,3958.757080078125,2369.8613891601562,4184.8787841796875,2500.0,0.0001555867784190923,Lepidoptera
4327,60.96668243408203,2475.608444213867,381.540283203125,2900.0,0.0001346739154541865,Lepidoptera
4328,4087.4423828125,2290.6524047851562,4185.134780883789,2403.9635314941406,8.642668399261311e-05,Lepidoptera
4329,4027.198699951172,2358.7060546875,4100.0,2544.2818145751953,7.742653542663902e-05,Lepidoptera
4330,3600.0414550304413,2800.187110900879,3699.5072174072266,2988.816116333008,7.460608321707696e-05,Lepidoptera
4331,0.0036529540084302425,3.2398681640625,296.5885314941406,794.8953247070312,4.692696165875532e-05,Lepidoptera
4332,4154.966354370117,440.1381530761719,4510.906463623047,500.0,3.896996713592671e-05,Lepidoptera
4333,4000,2196.884002685547,4017.6031227111816,2408.0914916992188,3.809547706623562e-05,Lepidoptera
4334,4119.677589416504,1068.2013549804688,4211.936065673828,1167.4918518066406,3.1874023989075795e-05,Lepidoptera
4335,4180.719284057617,2400.064718723297,4580.8016357421875,2464.9285049438477,3.02384087262908e-05,Lepidoptera
4336,2597.301513671875,21.297216415405273,3990.28271484375,1884.51904296875,2.7472582587506622e-05,Lepidoptera
4337,3985.2005920410156,869.6447448730469,4100.0,900.0,2.541918911447283e-05,Lepidoptera
4338,4110.668571472168,2657.0128479003906,4235.056694030762,2759.386444091797,1.528695793240331e-05,Lepidoptera
4339,17.67878532409668,2008.268642425537,383.8854675292969,2117.143226623535,1.3984319593873806e-05,Lepidoptera
4340,149.86119079589844,846.0039596557617,497.17523193359375,1292.28857421875,1.3735504580836277e-05,Lepidoptera
4341,4048.1870727539062,2412.415885925293,4085.5283813476562,2601.8272857666016,1.075964519259287e-05,Lepidoptera
4342,3719.8355407714844,1431.8401336669922,3814.4864349365234,1531.3858032226562,1.007811169984052e-05,Lepidoptera
4343,2236.9402923583984,3334.4564819335938,2330.197998046875,3406.58154296875,9.868474080576561e-06,Lepidoptera
4344,3600.0,2000.0,3673.9405975341797,2046.4467124938965,9.814272743824404e-06,Lepidoptera
4345,400,1200.860571861267,592.1215209960938,1458.5047607421875,8.407270797761157e-06,Lepidoptera
4346,4214.932723999023,753.5399475097656,4311.928375244141,869.1732482910156,8.406774213653989e-06,Lepidoptera
4347,0.0,1517.8721923828125,185.08119201660156,3231.294677734375,7.871579327911604e-06,Lepidoptera
4348,4108.024792551994,2676.3236083984375,4120.677584648132,2882.9158325195312,7.727733645879198e-06,Lepidoptera
4349,4468.147888183594,2578.7708892822266,4500.0,2862.2101440429688,5.109336598252412e-06,Lepidoptera
4350,4296.865020751953,2684.4652099609375,4334.727554321289,2837.525360107422,4.995746621716535e-06,Lepidoptera
4351,3314.335693359375,1052.0694580078125,3775.873046875,1440.1851806640625,4.175069079792593e-06,Lepidoptera
4352,4314.982452392578,440.41786193847656,4361.7750244140625,629.8578186035156,3.998816282546613e-06,Lepidoptera
4353,400,2956,584.5754241943359,3005.7627182006836,3.871116859954782e-06,Lepidoptera
4354,4108.515174865723,1535.8919067382812,4131.2753982543945,1628.8727722167969,3.503423158690566e-06,Lepidoptera
4355,3727.759521484375,3075.980094909668,3819.21923828125,3176.0625,0.9515149593353271,Nematocera
4356,743.5739135742188,1856.6764221191406,866.7021484375,1936.44482421875,0.9509190917015076,Nematocera
4357,2894.888397216797,2824.66162109375,2995.348388671875,2899.9573364257812,0.9331800937652588,Nematocera
4358,4033.1024780273438,2282.4121704101562,4071.8399658203125,2316.8753356933594,0.930479109287262,Nematocera
4359,1137.027587890625,749.4923706054688,1442.1220703125,913.487060546875,0.9291832447052002,Nematocera
4360,2803.751826286316,2746.051513671875,2943.811553955078,2950.3504791259766,0.9279611110687256,Nematocera
4361,3927.8232421875,432.7698974609375,4283.26318359375,730.494140625,0.9206250905990601,Nematocera
4362,3957.4365234375,1226.8250999450684,4109.381797790527,1438.5256042480469,0.9190487265586853,Nematocera
4363,3699.905014038086,2118.2359466552734,3784.7122955322266,2190.5696868896484,0.9167004227638245,Nematocera
4364,1520.4910888671875,2946.4339904785156,1556.527587890625,2990.149211883545,0.9147485494613647,Nematocera
4365,2750.666259765625,196.60348510742188,3165.532470703125,295.35650634765625,0.9142178297042847,Nematocera
4366,2106.399299621582,2028.9935302734375,2260.70166015625,2108.614501953125,0.9125148057937622,Nematocera
4367,2428.508544921875,2640.854736328125,2727.04833984375,2883.189453125,0.9120264649391174,Nematocera
4368,3975.485076904297,2501.097297668457,4033.8233337402344,2594.428421020508,0.9080142378807068,Nematocera
4369,2940.323486328125,560.1777954101562,3004.640365600586,635.4420776367188,0.9004766345024109,Nematocera
4370,3445.1764068603516,674.7247009277344,3531.050262451172,768.2537841796875,0.8987736701965332,Nematocera
4371,3230.9990043640137,2152.6036224365234,3300.1008529663086,2218.812973022461,0.8936639428138733,Nematocera
4372,3469.7320556640625,1067.287353515625,3540.834228515625,1181.4017333984375,0.8769561052322388,Nematocera
4373,3962.8307495117188,1288.0993423461914,4050.1961669921875,1369.25634765625,0.8768158555030823,Nematocera
4374,609.8455200195312,3065.386299133301,631.9588928222656,3087.685546875,0.869204044342041,Nematocera
4375,4030.870147705078,3012.9186096191406,4100.0,3170.3231201171875,0.8437722325325012,Nematocera
4376,3504.2916870117188,2444.8121070861816,3626.6944274902344,2512.3044509887695,0.8426079750061035,Nematocera
4377,4079.7310485839844,2527.974510192871,4187.98811340332,2634.4058227539062,0.7993364930152893,Nematocera
4378,3955.763916015625,2565.607650756836,4032.1416091918945,2733.342254638672,0.7722612023353577,Nematocera
4379,2726.9415893554688,3054.4947204589844,2807.8447265625,3146.6036682128906,0.7637879252433777,Nematocera
4380,3960.147705078125,881.6032104492188,4049.604736328125,976.3857421875,0.7335245609283447,Nematocera
4381,4000.0,903.6199722290039,4036.171844482422,972.1141357421875,0.7203951478004456,Nematocera
4382,4108.0,2836.621856689453,4172.87321472168,2886.022415161133,0.6994779706001282,Nematocera
4383,3736.274368286133,301.6160583496094,3785.112503051758,369.2496643066406,0.6706839203834534,Nematocera
4384,3467.8587951660156,1116.2268981933594,3527.5346069335938,1205.0293884277344,0.6329231858253479,Nematocera
4385,3417.1138458251953,2823.2366790771484,3478.062469482422,2882.121513366699,0.6262257099151611,Nematocera
4386,201.7955322265625,2315.978057861328,260.24993896484375,2360.4693298339844,0.4100254476070404,Nematocera
4387,3663.702548980713,235.0757598876953,3735.0970916748047,406.02520751953125,0.40538620948791504,Nematocera
4388,190.9564208984375,2003.4494280815125,264.1086730957031,2126.3358001708984,0.3907589912414551,Nematocera
4389,143.2406005859375,1888.195556640625,257.4054260253906,2060.545166015625,0.38677722215652466,Nematocera
4390,3911.5120544433594,613.8218383789062,4133.23486328125,724.0693969726562,0.20536001026630402,Nematocera
4391,4087.6412963867188,2511.8987350463867,4100.0,2625.8762817382812,0.1333075314760208,Nematocera
4392,4000.0,1209.7954711914062,4025.630702972412,1370.5435791015625,0.0697658583521843,Nematocera
4393,175.38330078125,1963.5784301757812,237.41015625,2047.868995666504,0.06645636260509491,Nematocera
4394,4045.0823669433594,2800.0,4149.260787963867,2829.629861831665,0.061353206634521484,Nematocera
4395,2162.030288696289,2738.4413146972656,2216.1024322509766,2783.3817443847656,0.03179533779621124,Nematocera
4396,3961.3715209960938,2361.4764404296875,4036.671760559082,2512.395767211914,0.027429699897766113,Nematocera
4397,786.0953369140625,1801.1910858154297,831.5103454589844,2000.0362548828125,0.026031557470560074,Nematocera
4398,457.330810546875,2172.9224548339844,521.19140625,2275.097900390625,0.01464537438005209,Nematocera
4399,3953.5499572753906,866.0772705078125,4056.6126708984375,900.0,0.013233501464128494,Nematocera
4400,291.3995666503906,2295.5343322753906,317.9490661621094,2382.55615234375,0.012571729719638824,Nematocera
4401,3385.054656982422,192.0764617919922,3433.7162322998047,227.57398986816406,0.011290664784610271,Nematocera
4402,3975.0703735351562,2536.0011138916016,4009.5419006347656,2593.4730224609375,0.011237399652600288,Nematocera
4403,2088.349395751953,2872.76611328125,2100.0,2989.496368408203,0.008353632874786854,Nematocera
4404,3670.7789306640625,290.19903564453125,3700.0,429.286865234375,0.00809049978852272,Nematocera
4405,3065.8028259277344,1277.924072265625,3177.260498046875,1300.0,0.0059277950786054134,Nematocera
4406,3600.0,2376.4986877441406,3630.721170425415,2542.4288024902344,0.0032884294632822275,Nematocera
4407,2522.177146911621,2800.0,2657.7081298828125,2825.108528137207,0.0030485494062304497,Nematocera
4408,3177.043426513672,1200.0,3285.6987915039062,1280.805160522461,0.0028487511444836855,Nematocera
4409,501.3736038208008,2393.607421875,611.0331115722656,2422.8507652282715,0.0027401638217270374,Nematocera
4410,3688.3463592529297,2586.2108001708984,3731.828384399414,2668.8462829589844,0.002696103183552623,Nematocera
4411,2800.0,3054.267509460449,2821.998208999634,3193.0925903320312,0.0026841864455491304,Nematocera
4412,4011.1610412597656,876.3792114257812,4099.865783691406,900.0,0.002354518510401249,Nematocera
4413,3904.2276000976562,1276.7557983398438,4015.7029724121094,1300.0,0.0021532673854380846,Nematocera
4414,2931.3394317626953,2872.5015258789062,3016.81689453125,2900.0,0.0021236513275653124,Nematocera
4415,800.0,2710.01171875,825.3637733459473,2890.5711669921875,0.002068862784653902,Nematocera
4416,1911.6224060058594,2956.0,2018.5256042480469,2976.022491455078,0.0020423876121640205,Nematocera
4417,1215.1925449371338,1461.8771362304688,1289.7050857543945,1528.3857116699219,0.0019861545879393816,Nematocera
4418,3786.3931427001953,310.87213134765625,3827.2498626708984,324.92047119140625,0.0019389044027775526,Nematocera
4419,2089.51025390625,929.0517272949219,2100.0,1000.5353240966797,0.0018824548460543156,Nematocera
4420,2376.1312561035156,2800.0,2498.6470336914062,2837.0866165161133,0.0018785757711157203,Nematocera
4421,2442.912338256836,2477.1636352539062,2575.6055297851562,2500.0,0.001750775845721364,Nematocera
4422,2220.737075805664,2877.3578491210938,2338.22802734375,2922.641326904297,0.0016926247626543045,Nematocera
4423,2400.0,3077.4698791503906,2421.894577026367,3200.3773193359375,0.0016448457026854157,Nematocera
4424,4561.46435546875,420.0932731628418,4608.0,1224.30615234375,0.0015336557989940047,Nematocera
4425,1594.6501159667969,1595.9762878417969,1669.3939056396484,1635.8416633605957,0.0014915796928107738,Nematocera
4426,1232.6163330078125,837.4871215820312,1338.5015106201172,900.0,0.001458632410503924,Nematocera
4427,3285.6939392089844,1473.5898132324219,3300.0,1567.3276062011719,0.0014388367999345064,Nematocera
4428,2800.0,3134.5111694335938,2871.29825592041,3307.376953125,0.001290322165004909,Nematocera
4429,2468.268585205078,2775.0205993652344,2524.888885498047,2904.6138076782227,0.0012770442990586162,Nematocera
4430,449.64437103271484,904.3072204589844,506.95154571533203,984.6824645996094,0.0011695816647261381,Nematocera
4431,193.63059997558594,2192.027542114258,263.8726501464844,2235.726852416992,0.001162955304607749,Nematocera
4432,3639.9786224365234,712.3568115234375,3715.468620300293,801.8797912597656,0.0011090354528278112,Nematocera
4433,2892.9231567382812,957.111328125,2900.0,1001.3457794189453,0.0011041462421417236,Nematocera
4434,3266.2302856445312,161.84068298339844,3300.0,272.27496337890625,0.0010862579802051187,Nematocera
4435,1393.8957824707031,3192.9010467529297,1481.2808837890625,3245.1408081054688,0.0010734305251389742,Nematocera
4436,400.0,220.95159912109375,414.18162727355957,375.2965393066406,0.001038535963743925,Nematocera
4437,4108.0,2725.9359436035156,4129.7374267578125,2863.4172973632812,0.0010107634589076042,Nematocera
4438,3564.2600708007812,2800.0,3715.076530456543,2819.6699199676514,0.0009906126651912928,Nematocera
4439,4095.9663162231445,2800.0,4149.595100402832,2824.9401512145996,0.000974933325778693,Nematocera
4440,3958.1184997558594,903.2859344482422,4004.8045654296875,976.0845184326172,0.0009590993286110461,Nematocera
4441,3866.1583557128906,1275.5648193359375,3974.0341796875,1300.0,0.0009523849585093558,Nematocera
4442,3287.214385986328,244.91900634765625,3300.0,348.34698486328125,0.0009494933765381575,Nematocera
4443,1597.2840270996094,3438.384490966797,1699.6611709594727,3456.0,0.0009475626284256577,Nematocera
4444,1283.6291809082031,829.2040824890137,1300.0,949.5797424316406,0.0007443825015798211,Nematocera
4445,1435.734130859375,2000.0,1532.3609008789062,2022.0092010498047,0.0007401292095892131,Nematocera
4446,677.6032104492188,3286.799346923828,806.1531982421875,3300.0,0.0006466314662247896,Nematocera
4447,1985.8617248535156,151.69503784179688,2034.6171417236328,212.81463623046875,0.000639966456219554,Nematocera
4448,2086.4749755859375,3176.1287536621094,2099.9649047851562,3278.7008361816406,0.0005879289819858968,Nematocera
4449,2800.0,1928.1736450195312,2834.221523284912,2048.9059448242188,0.0005665497155860066,Nematocera
4450,3200.0,2383.186767578125,3213.3451623916626,2547.108596801758,0.0005453283083625138,Nematocera
4451,4082.5924530029297,1124.8406372070312,4124.1474533081055,1190.8966064453125,0.0005204557674005628,Nematocera
4452,1294.191505432129,3279.0440673828125,1404.9204864501953,3300.0,0.0005100361886434257,Nematocera
4453,4570.035369873047,1975.4179382324219,4608.0,2051.840576171875,0.0004913068260066211,Nematocera
4454,2288.7840270996094,2800.0,2423.887725830078,2812.440475463867,0.0004864461370743811,Nematocera
4455,4596.119659423828,2085.489677429199,4608.0,2235.7866973876953,0.00045948565821163356,Nematocera
4456,768.4698486328125,1270.717041015625,871.6916885375977,1300.0,0.0004582242399919778,Nematocera
4457,4108.0,18.856525421142578,4120.20431804657,132.28468322753906,0.0004555540217552334,Nematocera
4458,2000.0,441.01971435546875,2035.4912071228027,537.6492309570312,0.00044981020619161427,Nematocera
4459,1692.9828491210938,3009.833526611328,1700.0,3094.839340209961,0.0004258459957782179,Nematocera
4460,4576.004119873047,861.8821792602539,4608.0,1039.55078125,0.0004222895950078964,Nematocera
4461,2149.1319580078125,2956.0202041119337,2216.707778930664,2963.2736768722534,0.0004076648037880659,Nematocera
4462,4053.8964233398438,886.0272521972656,4104.971435546875,900.0,0.0004057331243529916,Nematocera
4463,400.0,1980.6329650878906,440.9256019592285,2126.8933029174805,0.0004034813609905541,Nematocera
4464,1133.55517578125,886.4749755859375,1262.2266845703125,900.0,0.0003896100097335875,Nematocera
4465,2400.0,2029.4466018676758,2435.8354454040527,2170.2613525390625,0.0003860084107145667,Nematocera
4466,1292.5462646484375,870.3091354370117,1300.0,964.6353759765625,0.00038150206091813743,Nematocera
4467,464.6629943847656,2417.302059173584,500.0,2529.707000732422,0.0003762266715057194,Nematocera
4468,2078.020408630371,1200.0,2145.471221923828,1227.6624164581299,0.0003717745712492615,Nematocera
4469,1773.1043395996094,3286.6214599609375,1904.5286560058594,3300.0,0.00036815402563661337,Nematocera
4470,4000.0,2576.499221801758,4033.053134918213,2697.9700927734375,0.00036095650284551084,Nematocera
4471,3200.0,3138.209503173828,3262.0891342163086,3300.0,0.00035688147181645036,Nematocera
4472,1200.01026019454,1995.1001281738281,1224.8425483703613,2100.0,0.0003426529001444578,Nematocera
4473,4000.000600516796,283.3363952636719,4034.5881271362305,394.67706298828125,0.000335288408678025,Nematocera
4474,400.0,1566.2665710449219,450.8957862854004,1677.8983154296875,0.00033384672133252025,Nematocera
4475,1159.57373046875,3220.899932861328,1259.3956108093262,3351.855224609375,0.0003321919939480722,Nematocera
4476,3673.594795227051,400.0,3735.783233642578,428.39368629455566,0.0003307544393464923,Nematocera
4477,1550.0225524902344,1284.3209228515625,1658.6018981933594,1300.0,0.000325244152918458,Nematocera
4478,1600.0,606.4757843017578,1652.2132682800293,772.6228332519531,0.0003205686225555837,Nematocera
4479,1688.2662353515625,1152.0205383300781,1700.0,1232.7658996582031,0.00031526072416454554,Nematocera
4480,0.0,237.1518096923828,20.497840881347656,381.64239501953125,0.0002839191001839936,Nematocera
4481,4018.4650268554688,3029.684585571289,4053.978973388672,3128.62744140625,0.0002825669653248042,Nematocera
4482,3421.330780029297,400.04775673151016,3520.61767578125,416.14217376708984,0.0002802467788569629,Nematocera
4483,1107.1864013671875,3288.5606689453125,1213.9306030273438,3299.9818725585938,0.0002775997272692621,Nematocera
4484,3200.0022538006306,1600.0,3216.36674118042,1697.530532836914,0.00027647323440760374,Nematocera
4485,3400.142623901367,3189.6385192871094,3499.9527587890625,3257.395751953125,0.0002763628144748509,Nematocera
4486,4000.0034883618355,727.6185607910156,4040.9006156921387,836.1299858093262,0.00027095223776996136,Nematocera
4487,3065.904571533203,2400.0,3187.377685546875,2414.6177587509155,0.0002694200666155666,Nematocera
4488,4538.139831542969,852.5272827148438,4608.0,900.0,0.0002691412519197911,Nematocera
4489,800.0,3093.359619140625,831.3320045471191,3293.1029357910156,0.0002691053377930075,Nematocera
4490,2400.0,1943.2915649414062,2419.9753341674805,2053.2110290527344,0.0002683927596081048,Nematocera
4491,3762.274887084961,1200.013978034258,3837.7410430908203,1211.052324295044,0.0002678479941096157,Nematocera
4492,3169.5562744140625,384.1453552246094,3270.1727905273438,468.6874008178711,0.0002647285582497716,Nematocera
4493,3200.0,1200.0,3222.6417903900146,1399.756576538086,0.0002637407451402396,Nematocera
4494,488.30987548828125,23.850250244140625,500.0,94.44245910644531,0.00026122492272406816,Nematocera
4495,2348.4035034179688,2000.0047147274017,2443.4217414855957,2012.3527164459229,0.0002589300274848938,Nematocera
4496,2000.0167027115822,1245.1268196105957,2006.913694858551,1338.6481323242188,0.0002562848385423422,Nematocera
4497,1388.4763641357422,2972.033233642578,1432.1247100830078,3010.890609741211,0.000245895964326337,Nematocera
4498,3111.6136169433594,1283.9735641479492,3157.36865234375,1358.3079528808594,0.00023811271239537746,Nematocera
4499,3600.0,466.7261199951172,3627.143404006958,555.6808471679688,0.0002364113461226225,Nematocera
4500,2643.061782836914,1200.0,2729.7976989746094,1233.1129264831543,0.00023559182591270655,Nematocera
4501,1356.4538269042969,400,1434.7012023925781,407.03707933425903,0.00023475658963434398,Nematocera
4502,800.0,2800.0,814.5306663513184,2892.1876907348633,0.00023192445223685354,Nematocera
4503,1095.7905883789062,0.0852830708026886,1184.372802734375,28.916486740112305,0.0002307334216311574,Nematocera
4504,1600.1045614480972,400.0603571534157,1622.9072093963623,423.3926944732666,0.00022775711840949953,Nematocera
4505,0.0,662.7666625976562,25.2569522857666,856.2719421386719,0.00022249652829486877,Nematocera
4506,4000.0,167.21029663085938,4024.514263153076,279.312744140625,0.00022187434660736471,Nematocera
4507,0.0,864.2834625244141,21.38141632080078,1055.5032501220703,0.00022129817807581276,Nematocera
4508,3433.634811401367,673.3147277832031,3479.8607788085938,707.9053039550781,0.00021776232460979372,Nematocera
4509,1220.3790588378906,800.0006198883057,1284.4522399902344,834.4825820922852,0.00020142759603913873,Nematocera
4510,3693.3472595214844,2916.9929275512695,3700.0,3031.1357421875,0.00019106949912384152,Nematocera
4511,1718.4770812988281,1681.6952819824219,1807.3310852050781,1700.0,0.00018935577827505767,Nematocera
4512,1286.5251998901367,800.001385062933,1352.251724243164,838.1068115234375,0.00018745590932667255,Nematocera
4513,800.0,3346.7496337890625,842.8120269775391,3456.0,0.00018261716468259692,Nematocera
4514,0.0,2077.655601501465,12.886726379394531,2230.8529205322266,0.0001817026932258159,Nematocera
4515,3071.4301147460938,2889.055450439453,3188.5174255371094,2900.0,0.0001795514253899455,Nematocera
4516,1600.0,2221.430633544922,1638.2363090515137,2398.6043395996094,0.00017806098912842572,Nematocera
4517,3600.0,1588.9306335449219,3622.837635040283,1695.1718292236328,0.00017681829922366887,Nematocera
4518,2886.967918395996,3433.4513244628906,2995.626495361328,3456.0,0.00017550827760715038,Nematocera
4519,400.0693738460541,400.00548362731934,458.4552116394043,425.4040775299072,0.00017213162209372967,Nematocera
4520,3600.0,1580.6613159179688,3606.650008201599,1692.3138885498047,0.00017166955512948334,Nematocera
4521,1213.073468208313,2000.0,1324.0619888305664,2037.6199645996094,0.00017029519949574023,Nematocera
4522,0.014734268188476562,0.0,27.205646514892578,129.1270294189453,0.0001684822200331837,Nematocera
4523,1689.4213104248047,2400.0,1771.7712860107422,2413.8802070617676,0.00016799582226667553,Nematocera
4524,3968.8961181640625,2400.0,4048.96199798584,2441.473518371582,0.0001602296979399398,Nematocera
4525,1200.0,3200.1616973876953,1220.568841934204,3337.4188537597656,0.00015715173503849655,Nematocera
4526,1600.0,3249.6023559570312,1688.4781951904297,3300.0,0.00015529421216342598,Nematocera
4527,3286.3574829101562,232.2609405517578,3300.0,281.2481994628906,0.00015478314890060574,Nematocera
4528,2607.0060272216797,487.4865417480469,2700.749725341797,500.0,0.00015465922479052097,Nematocera
4529,745.2613830566406,1984.5457763671875,883.3800354003906,2061.8252868652344,0.0001539594231871888,Nematocera
4530,2070.4393005371094,2731.71533203125,2100.0,2838.8934020996094,0.00015337874356191605,Nematocera
4531,3724.8890380859375,2118.2236938476562,3799.35205078125,2193.173355102539,0.00015136980800889432,Nematocera
4532,510.9547348022461,0.11357516050338745,588.2158050537109,15.857497215270996,0.0001486174005549401,Nematocera
4533,1156.3101196289062,2956.034809485078,1224.9693908691406,2970.4684839248657,0.00014267720689531416,Nematocera
4534,856.0863647460938,2401.303195953369,900.0,2521.604766845703,0.00014259872841648757,Nematocera
4535,2400.0,1303.274154663086,2421.8356037139893,1446.2845306396484,0.00014169358473736793,Nematocera
4536,0.0,1181.6933288574219,19.39108657836914,1319.4461364746094,0.0001414060971001163,Nematocera
4537,2862.816204071045,2850.080352783203,2907.88516998291,2935.5467529296875,0.00014063880371395499,Nematocera
4538,2088.6929626464844,1659.5601921081543,2100.0,1726.6888122558594,0.00014044836279936135,Nematocera
4539,3440.981918334961,702.4504089355469,3513.936004638672,767.3474731445312,0.00013939847121946514,Nematocera
4540,800.0,2481.3076934814453,829.139741897583,2674.283416748047,0.0001393155544064939,Nematocera
4541,4094.401641845703,2697.5806274414062,4100.0,2742.809539794922,0.00013812455290462822,Nematocera
4542,2055.0558471679688,2800.0,2118.408332824707,2838.1784019470215,0.00013754257815890014,Nematocera
4543,4000.0859200954437,2000.0593394041061,4027.979320526123,2014.3121271133423,0.00013598796795122325,Nematocera
4544,2000.0,1670.062873840332,2013.2849979400635,1791.8607788085938,0.0001358435838483274,Nematocera
4545,1239.442626953125,1256.3492736816406,1300.0,1299.9844055175781,0.00013409816892817616,Nematocera
4546,4000.0,3262.3421630859375,4054.303009033203,3300.0,0.0001327393256360665,Nematocera
4547,4092.0367126464844,2517.360710144043,4100.0,2577.638656616211,0.0001311945670749992,Nematocera
4548,32.38554000854492,1285.0277099609375,145.00843811035156,1300.0,0.00013081132783554494,Nematocera
4549,2433.613525390625,1288.026611328125,2508.581855773926,1300.0,0.00012986999354325235,Nematocera
4550,3354.2059478759766,2956,3424.5013275146484,2987.448194503784,0.00012916652485728264,Nematocera
4551,1665.9022903442383,2800.7087498903275,1723.628189086914,2819.5587196350098,0.0001274318783544004,Nematocera
4552,2173.087661743164,2079.050018310547,2277.498291015625,2099.9783935546875,0.00012611906277015805,Nematocera
4553,2260.3323364257812,800.0,2348.7135314941406,821.5877799987793,0.00012587000674102455,Nematocera
4554,2000.0254794955254,3010.443832397461,2024.6044483184814,3122.8241577148438,0.00012469972716644406,Nematocera
4555,995.8508453369141,2088.1961669921875,1124.2214660644531,2100.0,0.0001246328029083088,Nematocera
4556,2000.0,544.4127960205078,2029.582332611084,709.0127563476562,0.0001225840678671375,Nematocera
4557,2968.482894897461,199.35202026367188,3023.0404663085938,284.28228759765625,0.00012162849452579394,Nematocera
4558,3580.39990234375,1234.653564453125,3649.208824157715,1300.0,0.0001206756496685557,Nematocera
4559,945.1111297607422,0.24559907615184784,1020.2378692626953,43.1446533203125,0.00012023298040730879,Nematocera
4560,1200.0,1670.2157745361328,1246.4597091674805,1788.6434020996094,0.00012015813263133168,Nematocera
4561,2000.0,644.5491790771484,2042.7856254577637,782.3280944824219,0.0001198216195916757,Nematocera
4562,4000.0,727.9569091796875,4007.3900537490845,899.8603820800781,0.00011950179759878665,Nematocera
4563,3200,2023.4576721191406,3206.1250524520874,2099.1171264648438,0.00011915701179532334,Nematocera
4564,3200.0,661.7256164550781,3235.268379211426,766.4016418457031,0.00011896366777364165,Nematocera
4565,1171.2963256835938,2000.0,1258.0787048339844,2009.9583539962769,0.0001169351817225106,Nematocera
4566,1256.9347839355469,3161.8907470703125,1300.0,3261.4498291015625,0.00011613409878918901,Nematocera
4567,2662.806365966797,1277.9389038085938,2733.7801513671875,1299.959716796875,0.00011581736180232838,Nematocera
4568,3600.0,1183.7760925292969,3631.3852310180664,1329.165786743164,0.00011570234346436337,Nematocera
4569,3200.0124990940094,2481.5719604492188,3239.0096588134766,2500.0,0.00011307468230370432,Nematocera
4570,1004.5558471679688,2400.0,1111.0586853027344,2417.8693466186523,0.00011303577048238367,Nematocera
4571,0.0,2366.2723388671875,12.293418884277344,2503.71134185791,0.00011231449752813205,Nematocera
4572,878.5912475585938,3280.3072509765625,976.0252532958984,3300.0,0.0001100328954635188,Nematocera
4573,265.0015869140625,2800.0,339.4303894042969,2830.116117477417,0.00010908502736128867,Nematocera
4574,791.3646545410156,2866.3265380859375,914.7233963012695,2900.0,0.00010831859253812581,Nematocera
4575,1314.8328552246094,0.11694617569446564,1376.6329498291016,5.067039489746094,0.00010663986176950857,Nematocera
4576,4000.0,2376.9769592285156,4011.2464742660522,2444.5342292785645,0.0001045487733790651,Nematocera
4577,3694.0133056640625,2544.692657470703,3700.0,2650.176544189453,0.00010436966113047674,Nematocera
4578,2400.0,1175.4881286621094,2412.426043510437,1286.3611145019531,0.0001029679988278076,Nematocera
4579,3600.0,2400.0,3659.0309448242188,2436.757080078125,0.00010198981908615679,Nematocera
4580,3200.0,787.0108642578125,3207.889560699463,903.0832290649414,0.0001018260809360072,Nematocera
4581,3185.921661376953,400.0812292098999,3259.8040466308594,473.14754486083984,0.00010013187420554459,Nematocera
4582,1600.0252403318882,3405.2999877929688,1630.72532081604,3456.0,9.994117863243446e-05,Nematocera
4583,0.0,1648.1832580566406,95.95182037353516,1711.8260879516602,9.959393355529755e-05,Nematocera
4584,3639.8746032714844,0.01443624496459961,3724.881637573242,20.465160369873047,9.949246305041015e-05,Nematocera
4585,1951.8532409667969,1200.0120900571346,2036.978515625,1213.7734804153442,9.947604849003255e-05,Nematocera
4586,1991.3576049804688,2000.0000402331352,2097.3915100097656,2020.041509628296,9.94713045656681e-05,Nematocera
4587,544.8617706298828,2400.0,650.5042572021484,2427.0466175079346,9.895211405819282e-05,Nematocera
4588,3005.26953125,488.1847839355469,3092.496337890625,500.0,9.802291606320068e-05,Nematocera
4589,1200.0,3027.299591064453,1211.9546089172363,3191.498550415039,9.727074211696163e-05,Nematocera
4590,800.0,2996.9937744140625,841.0445365905762,3176.0046997070312,9.717524517327547e-05,Nematocera
4591,800.0062815845013,674.7712707519531,813.960298538208,757.736572265625,9.62853227974847e-05,Nematocera
4592,3714.3112182617188,0.03491416573524475,3802.644012451172,14.769278526306152,9.520706225885078e-05,Nematocera
4593,2562.6245727539062,2956.0,2643.430953979492,2969.5957260131836,9.476558625465259e-05,Nematocera
4594,32.08441925048828,3289.4968872070312,151.4129180908203,3300.0,9.465855691814795e-05,Nematocera
4595,781.7847595214844,1675.5774841308594,882.0904235839844,1700.0,9.427588520338759e-05,Nematocera
4596,3600.0,1262.237548828125,3622.3165340423584,1300.0,9.419555135536939e-05,Nematocera
4597,3753.4712829589844,3144.859893798828,3815.0270385742188,3185.8241577148438,9.385377052240074e-05,Nematocera
4598,1600.0001594424248,753.9183959960938,1612.8691930770874,897.3425903320312,9.383273572893813e-05,Nematocera
4599,1676.2506103515625,2187.447067260742,1700.0,2271.2710876464844,9.236975893145427e-05,Nematocera
4600,800.0178076326847,1820.9178466796875,806.103928565979,1914.882568359375,9.19738959055394e-05,Nematocera
4601,1200.0,1855.0338745117188,1248.8641815185547,2006.0454711914062,9.151214908342808e-05,Nematocera
4602,4488.491912841797,866.2759704589844,4499.948699951172,899.8294677734375,9.05521446838975e-05,Nematocera
4603,3643.433753967285,729.0566101074219,3707.3933868408203,769.8538818359375,9.033481910591945e-05,Nematocera
4604,800.1820057630539,761.494140625,846.6794624328613,883.7172546386719,8.98708458407782e-05,Nematocera
4605,3200.0,1082.2194213867188,3214.7906856536865,1204.5723876953125,8.931398042477667e-05,Nematocera
4606,2887.5966186523438,1681.9041748046875,2899.9396362304688,1699.801025390625,8.904380956664681e-05,Nematocera
4607,4510.438537597656,800.0,4591.893402099609,845.2578201293945,8.877368964022025e-05,Nematocera
4608,2397.659454345703,280.021240234375,2462.1904792785645,385.8835754394531,8.871953468769789e-05,Nematocera
4609,3200.001873075962,1200.0,3223.192352294922,1300.0,8.825813711155206e-05,Nematocera
4610,2778.733673095703,1286.3452758789062,2856.62211227417,1300.0,8.782358781900257e-05,Nematocera
4611,2020.578025817871,2488.6891479492188,2097.242401123047,2500.0,8.759274351177737e-05,Nematocera
4612,1294.1355590820312,1254.7522048950195,1300.0,1340.0326232910156,8.704833453521132e-05,Nematocera
4613,2400.0,1652.9458236694336,2422.3018798828125,1795.3973999023438,8.650591189507395e-05,Nematocera
4614,1200.0,3210.910369873047,1208.1847143173218,3326.4898681640625,8.638968574814498e-05,Nematocera
4615,2800.0,2693.795196533203,2813.497890472412,2844.8059692382812,8.575750689487904e-05,Nematocera
4616,1600.0,3075.3121948242188,1610.0966806411743,3251.0748291015625,8.554106898372993e-05,Nematocera
4617,1166.4461364746094,1541.5115356445312,1274.8984680175781,1674.0734252929688,8.5322571976576e-05,Nematocera
4618,4065.9979858398438,2841.9473571777344,4099.998840332031,2900.0,8.489098399877548e-05,Nematocera
4619,2400.0,775.5018005371094,2423.9762840270996,850.5638122558594,8.390301081817597e-05,Nematocera
4620,1022.3557434082031,2956.011020898819,1111.8298950195312,2970.648034095764,8.377397898584604e-05,Nematocera
4621,3268.344009399414,3233.0697021484375,3295.0827026367188,3255.4115295410156,8.306283416459337e-05,Nematocera
4622,4403.62890625,3292.551513671875,4461.887176513672,3300.0,8.237327710958198e-05,Nematocera
4623,2562.0426635742188,1288.7219543457031,2626.4300994873047,1300.0,8.172488742275164e-05,Nematocera
4624,1281.5442276000977,894.250244140625,1335.0697784423828,900.0,8.172145317075774e-05,Nematocera
4625,4467.613494873047,1186.0255737304688,4500.0,1268.1465148925781,8.161188452504575e-05,Nematocera
4626,1200.002083927393,1956.8204040527344,1206.4474878311157,2056.3661499023438,7.928722334327176e-05,Nematocera
4627,2075.2046432495117,2088.6253356933594,2162.1508178710938,2100.0,7.868750981288031e-05,Nematocera
4628,0.0,3272.2708740234375,5.780616283416748,3373.9498596191406,7.845449727028608e-05,Nematocera
4629,1330.7317962646484,2640.566436767578,1417.2034454345703,2696.2931518554688,7.840587932150811e-05,Nematocera
4630,4108.0,3394.752410888672,4179.872207641602,3456.0,7.826447108527645e-05,Nematocera
4631,800.0,2216.944076538086,811.3186664581299,2325.7213134765625,7.750047370791435e-05,Nematocera
4632,1600.0,3127.7376708984375,1618.567684173584,3285.3785705566406,7.683042349526659e-05,Nematocera
4633,4263.800750732422,2956.0,4331.891708374023,3002.003143310547,7.645453297300264e-05,Nematocera
4634,976.1943359375,2800.0,1073.3807067871094,2815.078435897827,7.634299254277721e-05,Nematocera
4635,400.0,3230.6581420898438,440.62160873413086,3349.6023559570312,7.604916027048603e-05,Nematocera
4636,2092.9137268066406,2858.9706420898438,2100.0,2899.7931518554688,7.602797995787114e-05,Nematocera
4637,1891.9973754882812,178.2052764892578,1941.8765563964844,215.6688995361328,7.583986007375643e-05,Nematocera
4638,1140.011962890625,800.0,1232.8723449707031,807.1424736976624,7.462109351763502e-05,Nematocera
4639,3200.0,98.51150512695312,3207.7281498908997,215.43603515625,7.4356998084113e-05,Nematocera
4640,2000.0543244183064,161.48207092285156,2009.3013734817505,236.69361877441406,7.408005330944434e-05,Nematocera
4641,2400.0,1600.0,2413.5074586868286,1700.0,7.375446875812486e-05,Nematocera
4642,1200.0,1501.2363891601562,1214.7210731506348,1691.2401123046875,7.254507363541052e-05,Nematocera
4643,4000.019332394004,0.0,4026.2129135131836,107.5867919921875,7.163939881138504e-05,Nematocera
4644,2887.7766723632812,1242.74951171875,2899.8836669921875,1300.0,7.159364031394944e-05,Nematocera
4645,4561.816223144531,3249.7196655273438,4608.0,3300.0,7.108919089660048e-05,Nematocera
4646,3953.7684326171875,892.1790161132812,4008.5651245117188,900.0,7.108146382961422e-05,Nematocera
4647,4000.023105740547,673.0668029785156,4045.143684387207,797.8719787597656,7.105510303517804e-05,Nematocera
4648,1645.3821640014648,3444.786590576172,1802.2061309814453,3456.0,7.0522291935049e-05,Nematocera
4649,1200.0,3393.4566040039062,1255.5577087402344,3456.0,6.979571480769664e-05,Nematocera
4650,2442.765853881836,3432.3682250976562,2516.4812088012695,3456.0,6.960396422073245e-05,Nematocera
4651,1200.0271573662758,2483.627471923828,1255.4367904663086,2499.9957885742188,6.830858183093369e-05,Nematocera
4652,4000.0,2056.4810791015625,4039.8367462158203,2100.0,6.810902414144948e-05,Nematocera
4653,3200.0896394252777,2000.0,3285.771759033203,2014.780550956726,6.800979463150725e-05,Nematocera
4654,2156.63671875,2800.0016182661057,2268.3233947753906,2814.9129552841187,6.762371049262583e-05,Nematocera
4655,4063.451873779297,2800.0,4108.853706359863,2850.272621154785,6.757072696927935e-05,Nematocera
4656,2195.0491638183594,616.0360870361328,2257.57373046875,671.9690856933594,6.70187728246674e-05,Nematocera
4657,3073.218017578125,3445.3182678222656,3146.6373901367188,3456.0,6.65471816319041e-05,Nematocera
4658,4108.552670657635,2889.437286376953,4150.2407150268555,2900.0,6.640506035182625e-05,Nematocera
4659,2191.7818756103516,1382.6438903808594,2255.5027923583984,1446.3142852783203,6.604244845220819e-05,Nematocera
4660,3600.0,3219.603546142578,3651.906204223633,3362.1336669921875,6.568362732650712e-05,Nematocera
4661,135.60781860351562,3287.7826538085938,269.1295166015625,3300.0,6.558542372658849e-05,Nematocera
4662,651.0016021728516,2400.0,758.0594482421875,2425.6588249206543,6.54642644803971e-05,Nematocera
4663,1639.9023132324219,2870.9035034179688,1745.357437133789,2900.0,6.523256888613105e-05,Nematocera
4664,0.0,3263.86376953125,96.21245574951172,3300.0,6.517636211356148e-05,Nematocera
4665,0.0,3338.8848266601562,23.977367401123047,3439.9612426757812,6.495125853689387e-05,Nematocera
4666,2000.0,3149.684051513672,2030.536211013794,3324.3362426757812,6.358952668961138e-05,Nematocera
4667,3174.391876220703,3415.3482971191406,3251.3150329589844,3456.0,6.358043174259365e-05,Nematocera
4668,3200.048068165779,1248.8288269042969,3227.803903579712,1300.0,6.283764378167689e-05,Nematocera
4669,2000.0,3224.5201110839844,2014.2756624221802,3354.674835205078,6.267648132052273e-05,Nematocera
4670,2891.7779541015625,3417.9061584472656,2899.9404296875,3455.8650512695312,6.243559619178995e-05,Nematocera
4671,4318.476104736328,853.8490905761719,4387.341461181641,900.0,6.236377521418035e-05,Nematocera
4672,2056.248794555664,0.17889514565467834,2146.502410888672,26.154930114746094,6.235420005396008e-05,Nematocera
4673,1200.0,1115.7777709960938,1237.418228149414,1249.12109375,6.223906530067325e-05,Nematocera
4674,1201.212865114212,1600,1270.0396194458008,1605.8622508049011,6.199815106811002e-05,Nematocera
4675,2800.0,2449.611186981201,2812.6762046813965,2562.7342681884766,6.189553823787719e-05,Nematocera
4676,3855.0509490966797,2075.542938232422,3954.3761596679688,2100.0,6.144723010947928e-05,Nematocera
4677,4600.9102783203125,1369.8406219482422,4608.0,1465.34765625,6.085092536523007e-05,Nematocera
4678,4019.5292434692383,2000.0,4120.2436447143555,2036.3818244934082,6.077245780033991e-05,Nematocera
4679,612.7172546386719,2400.0,708.0896911621094,2415.6682748794556,6.0741636843886226e-05,Nematocera
4680,400.0,2000.0,484.0095520019531,2036.6106338500977,6.0639889852609485e-05,Nematocera
4681,0.0,577.0433349609375,29.44168472290039,695.1626586914062,6.050138472346589e-05,Nematocera
4682,800.0,2463.365364074707,812.7508211135864,2553.4767150878906,6.025839684298262e-05,Nematocera
4683,452.46649169921875,2459.6204833984375,499.90643310546875,2499.9373474121094,6.01876454311423e-05,Nematocera
4684,733.4602966308594,2514.7769927978516,803.625,2575.4495544433594,5.992672231514007e-05,Nematocera
4685,3265.480224609375,2082.8913192749023,3300.0,2245.8126831054688,5.95928831899073e-05,Nematocera
4686,1600.0,215.82894897460938,1644.1058387756348,340.2470703125,5.947553290752694e-05,Nematocera
4687,403.73586416244507,2888.0987548828125,481.56285095214844,2900.0,5.875380156794563e-05,Nematocera
4688,4000.0025779008865,3154.7823486328125,4016.0512199401855,3270.208465576172,5.852682079421356e-05,Nematocera
4689,2991.5668182373047,2800.0,3105.946533203125,2806.922142982483,5.7821562222670764e-05,Nematocera
4690,1287.5753784179688,1849.6257781982422,1300.0,1979.9167175292969,5.7518704124959186e-05,Nematocera
4691,1070.06787109375,400.0,1156.9127502441406,433.30959701538086,5.7104214647552e-05,Nematocera
4692,3764.0147857666016,2088.9449157714844,3840.1822814941406,2100.0,5.681491529685445e-05,Nematocera
4693,3964.7755126953125,430.5232524871826,4060.5869140625,533.8038940429688,5.6073364248732105e-05,Nematocera
4694,2000.0129371881485,2815.992645263672,2024.7505569458008,2927.3850173950195,5.5564858485013247e-05,Nematocera
4695,4050.271987915039,800.0,4123.997756958008,805.8104782104492,5.546289321500808e-05,Nematocera
4696,0.2599179744720459,2730.5813903808594,60.84344482421875,2828.950408935547,5.397236600401811e-05,Nematocera
4697,400.0,1537.6964721679688,407.5273551940918,1700.0,5.3298401326173916e-05,Nematocera
4698,4000.0,1681.2212219238281,4011.169942855835,1836.8111114501953,5.25787691003643e-05,Nematocera
4699,1200.0,272.7016906738281,1257.7212829589844,425.787109375,5.240661630523391e-05,Nematocera
4700,2400.0,2400.000251829624,2447.093734741211,2438.6803283691406,5.232717012404464e-05,Nematocera
4701,1600.0,1650.2386093139648,1611.3854236602783,1758.9565734863281,5.158920612302609e-05,Nematocera
4702,2767.6400756835938,2881.7379150390625,2884.2794799804688,2899.7762756347656,5.142985537531786e-05,Nematocera
4703,720.6915893554688,3279.0376586914062,777.0181274414062,3297.480499267578,5.1313800213392824e-05,Nematocera
4704,1200.0,2430.0070762634277,1213.2572765350342,2541.327346801758,5.130391218699515e-05,Nematocera
4705,2892.8353271484375,2218.432907104492,2900.0,2294.7098693847656,5.111604696139693e-05,Nematocera
4706,4043.8325805664062,3420.87890625,4100.0,3455.9451599121094,5.099520421936177e-05,Nematocera
4707,788.3285522460938,1862.5450134277344,825.4002685546875,1898.9339904785156,5.0887691031675786e-05,Nematocera
4708,3600.0111758708954,2337.0672302246094,3607.386270046234,2462.6615982055664,5.041189069743268e-05,Nematocera
4709,800.0138491392136,1995.4457397460938,821.8781833648682,2073.078323364258,5.0366768846288323e-05,Nematocera
4710,613.9645843505859,3068.484832763672,676.6585693359375,3117.4586181640625,5.0265331083210185e-05,Nematocera
4711,4583.240325927734,397.1730041503906,4608.0,500.0,5.0018927140627056e-05,Nematocera
4712,1600.0,2515.915870666504,1645.019172668457,2643.0491638183594,4.9967868108069524e-05,Nematocera
4713,2000.076624006033,2400.0263914465904,2015.790205001831,2441.590934753418,4.9630310968495905e-05,Nematocera
4714,4311.321838378906,1200.0,4413.950500488281,1259.570182800293,4.961720696883276e-05,Nematocera
4715,3200.000114738941,895.361946105957,3208.6443662643433,1002.7917785644531,4.960784281138331e-05,Nematocera
4716,4054.2772827148438,1243.415927886963,4099.972625732422,1441.4960174560547,4.9550442781765014e-05,Nematocera
4717,587.4037780761719,2309.856231689453,682.9778747558594,2414.7160034179688,4.9055222916649655e-05,Nematocera
4718,2971.9607696533203,487.8475646972656,3038.4723205566406,500.0,4.8711237468523905e-05,Nematocera
4719,39.37027359008789,2486.670196533203,127.86727142333984,2499.9922790527344,4.870561679126695e-05,Nematocera
4720,400.0,2598.1341857910156,425.05212783813477,2713.8438110351562,4.856429950450547e-05,Nematocera
4721,3200.0,800.0,3234.1445274353027,844.9140319824219,4.8370180593337864e-05,Nematocera
4722,1089.3361511230469,1816.986557006836,1145.5098571777344,1900.4446105957031,4.804680429515429e-05,Nematocera
4723,895.4746704101562,2400.0,982.7710876464844,2415.411220550537,4.8001376853790134e-05,Nematocera
4724,1196.2343444824219,2889.878173828125,1274.29541015625,2900.0,4.786501813214272e-05,Nematocera
4725,1200.0151872634888,2447.70849609375,1210.2001571655273,2500.0,4.780238668899983e-05,Nematocera
4726,3200.0095173716545,2862.2321128845215,3213.213146209717,2988.615997314453,4.7297882701968774e-05,Nematocera
4727,2239.3193969726562,1423.31103515625,2290.7232971191406,1486.1069641113281,4.72772735520266e-05,Nematocera
4728,3674.1622924804688,2847.429168701172,3700.0,2900.0,4.723788515548222e-05,Nematocera
4729,974.9171752929688,2640.6336517333984,1023.0904998779297,2699.677734375,4.722721496364102e-05,Nematocera
4730,4000,2358.9920043945312,4009.708688735962,2410.7161560058594,4.643377542379312e-05,Nematocera
4731,2480.4356994628906,2713.760986328125,2499.996612548828,2777.9237060546875,4.633994831237942e-05,Nematocera
4732,2400.0,1019.8016204833984,2414.878261566162,1138.1194458007812,4.627220914699137e-05,Nematocera
4733,2800.0047877430916,1685.3917541503906,2835.825168609619,1699.8837585449219,4.599377643899061e-05,Nematocera
4734,772.4710388183594,800.0,871.4197616577148,831.4937229156494,4.592146069626324e-05,Nematocera
4735,4094.1704711914062,294.60888671875,4100.0,362.8116149902344,4.568903023027815e-05,Nematocera
4736,4494.567291259766,1325.098892211914,4500.0,1389.669937133789,4.542285387287848e-05,Nematocera
4737,3373.7393798828125,2000.0,3466.8067321777344,2013.4628610610962,4.5396485802484676e-05,Nematocera
4738,1372.8326263427734,1736.9595489501953,1416.6271667480469,1766.3510284423828,4.5124692405806854e-05,Nematocera
4739,1692.6773986816406,2779.3875732421875,1700.0,2865.2039489746094,4.488842387218028e-05,Nematocera
4740,3600.0,2468.538619995117,3608.7691526412964,2582.277862548828,4.477230686461553e-05,Nematocera
4741,400.0,476.94319915771484,435.9066619873047,587.7193908691406,4.4673317461274564e-05,Nematocera
4742,1600.0,2041.07027053833,1632.200180053711,2154.2815704345703,4.45818186562974e-05,Nematocera
4743,729.3088073730469,2000.0161945819855,832.7605285644531,2028.2109851837158,4.4555170461535454e-05,Nematocera
4744,3200.0090330839157,1600.0347793102264,3208.0829906463623,1683.6684265136719,4.4305950723355636e-05,Nematocera
4745,800,1669.4714660644531,825.5186672210693,1699.9505004882812,4.41424417658709e-05,Nematocera
4746,2800.0,1018.8980560302734,2813.424054145813,1142.3867797851562,4.409906250657514e-05,Nematocera
4747,800.0,0.14595836400985718,900.0,38.32741928100586,4.3791882490040734e-05,Nematocera
4748,1200.0,1198.6413879394531,1243.2953071594238,1300.0,4.3701267713913694e-05,Nematocera
4749,1446.4751739501953,1684.7703552246094,1542.7970886230469,1700.0,4.36439186159987e-05,Nematocera
4750,3600.1025065779686,800.0595703721046,3615.9204244613647,814.0044794082642,4.361974788480438e-05,Nematocera
4751,2400.0006407499313,217.08169555664062,2413.0721311569214,362.9223327636719,4.33652094216086e-05,Nematocera
4752,2524.439193725586,959.8914337158203,2580.7252807617188,1008.0469055175781,4.328055365476757e-05,Nematocera
4753,1257.9717712402344,400.0,1299.97900390625,447.9806900024414,4.316748891142197e-05,Nematocera
4754,2000.0,2649.954605102539,2020.3527755737305,2782.8956604003906,4.196893496555276e-05,Nematocera
4755,0.0,1040.1299438476562,23.799896240234375,1163.9610900878906,4.158285810262896e-05,Nematocera
4756,3600.0,2621.7652740478516,3614.691506385803,2796.2991333007812,4.1364342905581e-05,Nematocera
4757,2477.5402755737305,483.8174743652344,2574.3960571289062,500.0,4.1260060243075714e-05,Nematocera
4758,2000.0,1600.0041231513023,2039.4773254394531,1629.009771347046,4.070983413839713e-05,Nematocera
4759,0.04146397113800049,1262.2821655273438,34.38873291015625,1361.3267822265625,4.031441858387552e-05,Nematocera
4760,1235.9243392944336,1287.8716430664062,1334.5180206298828,1300.0,4.029013143735938e-05,Nematocera
4761,400.0,3154.7576293945312,419.64567375183105,3277.758087158203,4.028840339742601e-05,Nematocera
4762,400.0,1791.2451782226562,423.96948623657227,1904.7080993652344,4.013271245639771e-05,Nematocera
4763,274.0385437011719,2400.0,350.9328918457031,2425.329881668091,3.99355631088838e-05,Nematocera
4764,0.0,2881.7122955322266,27.32098960876465,3006.3574829101562,3.977816959377378e-05,Nematocera
4765,2800.030742585659,2400.069846212864,2836.875988006592,2432.6039962768555,3.9565889892401174e-05,Nematocera
4766,3525.2695922851562,2449.7455139160156,3579.8839721679688,2499.5467529296875,3.9561211451655254e-05,Nematocera
4767,4000.0,1808.8408508300781,4015.3471488952637,1973.2986450195312,3.92636502510868e-05,Nematocera
4768,0,3263.1497497558594,17.084251403808594,3300.0,3.924392149201594e-05,Nematocera
4769,800.007164478302,3398.937286376953,840.5152015686035,3456.0,3.912755710189231e-05,Nematocera
4770,4325.479995727539,1247.7647705078125,4375.079498291016,1300.0,3.907356222043745e-05,Nematocera
4771,3712.4281158447266,491.52197265625,3763.2542877197266,500.0,3.9069280319381505e-05,Nematocera
4772,920.6003646850586,400.0,1001.5140991210938,435.65996170043945,3.905344783561304e-05,Nematocera
4773,4108.035457313061,3338.611846923828,4122.187194824219,3429.638153076172,3.898844079230912e-05,Nematocera
4774,1600.0331804156303,2469.886199951172,1651.618724822998,2500.0,3.881044904119335e-05,Nematocera
4775,800.0021770596504,1050.6563110351562,807.1191153526306,1139.76025390625,3.863489837385714e-05,Nematocera
4776,4288.733306884766,2800.0,4349.971405029297,2843.8780364990234,3.8548707379959524e-05,Nematocera
4777,4492.381011962891,954.1727752685547,4500.0,1021.7538757324219,3.834448943962343e-05,Nematocera
4778,400.0,3277.7776794433594,466.42112731933594,3300.0,3.820982965407893e-05,Nematocera
4779,2395.0824584960938,1649.8333129882812,2484.5071716308594,1700.0,3.803917206823826e-05,Nematocera
4780,2400.0,3410.6235961914062,2443.0622749328613,3456.0,3.7595946196233854e-05,Nematocera
4781,800.0020705163479,2800,806.970742225647,2874.018669128418,3.7515863368753344e-05,Nematocera
4782,3200.0312224030495,1437.8455657958984,3206.973376750946,1528.3389892578125,3.7480498576769605e-05,Nematocera
4783,800.0,3222.1620483398438,815.2385292053223,3391.8616943359375,3.737634688150138e-05,Nematocera
4784,800.0,547.4428253173828,816.7812557220459,674.0191040039062,3.721742905327119e-05,Nematocera
4785,3200.0,2164.6244049072266,3212.5673990249634,2359.850830078125,3.719553933478892e-05,Nematocera
4786,1327.1282653808594,2956,1402.5543212890625,2964.026671409607,3.6844692658632994e-05,Nematocera
4787,2079.111297607422,2800.0,2099.988037109375,2837.1921882629395,3.6748158890986815e-05,Nematocera
4788,2000.0958025455475,703.83154296875,2045.8640975952148,785.6972351074219,3.6731758882524446e-05,Nematocera
4789,0.0,869.9605407714844,58.25254440307617,899.9926452636719,3.642372030299157e-05,Nematocera
4790,3200.0,551.1591949462891,3213.6022415161133,658.1890258789062,3.618272967287339e-05,Nematocera
4791,3600.0,2174.7560424804688,3613.55809879303,2335.1062622070312,3.567141902749427e-05,Nematocera
4792,2000.0,3274.048095703125,2048.1143951416016,3300.0,3.552412090357393e-05,Nematocera
4793,400.0,760.123291015625,444.4053726196289,832.2649955749512,3.5524088161764666e-05,Nematocera
4794,1600.0,1731.7950286865234,1612.78346824646,1841.0627899169922,3.532750270096585e-05,Nematocera
4795,2890.792823791504,2492.223846435547,2982.8441162109375,2500.0,3.5307595680933446e-05,Nematocera
4796,1683.8036499023438,3246.6896057128906,1700.0,3300.0,3.4895798307843506e-05,Nematocera
4797,1600.0,3214.2667846679688,1619.763370513916,3382.1159057617188,3.488388756522909e-05,Nematocera
4798,0.0,1864.6626586914062,14.381816864013672,2049.9100646972656,3.430174183449708e-05,Nematocera
4799,2000.0,488.134521484375,2083.198844909668,500.0,3.4149612474720925e-05,Nematocera
4800,2474.9742889404297,2400,2539.7197875976562,2407.762044906616,3.4132226574001834e-05,Nematocera
4801,1600.0030383467674,2950.843002319336,1615.3663854599,3059.687957763672,3.409546479815617e-05,Nematocera
4802,2879.0839309692383,1294.6654357910156,2920.285430908203,1300.0,3.369834666955285e-05,Nematocera
4803,2346.5375366210938,1200.01557841897,2439.896728515625,1214.5432815551758,3.3379055821569636e-05,Nematocera
4804,400.0,1622.8535766601562,430.58305168151855,1787.525650024414,3.325971192680299e-05,Nematocera
4805,1200,1801.1244812011719,1208.0398588180542,1897.5628051757812,3.315805224701762e-05,Nematocera
4806,2109.7317962646484,2400.0576816499233,2176.8341522216797,2430.206663131714,3.299151285318658e-05,Nematocera
4807,3200.080628693104,2400.0653505325317,3223.696792602539,2443.558265686035,3.278976873843931e-05,Nematocera
4808,2082.500457763672,2490.5618286132812,2157.996322631836,2499.980987548828,3.257170465076342e-05,Nematocera
4809,530.5692443847656,2298.7320861816406,600.7654876708984,2380.262664794922,3.2394200388807803e-05,Nematocera
4810,494.71728515625,1686.0350646972656,617.4091796875,1700.0,3.232785456930287e-05,Nematocera
4811,710.1021423339844,800.0,820.2007446289062,839.3295745849609,3.220959479222074e-05,Nematocera
4812,459.2353210449219,1365.08740234375,500.0,1464.89697265625,3.22041887557134e-05,Nematocera
4813,105.48686981201172,1685.5683288574219,191.8209991455078,1700.0,3.201083018211648e-05,Nematocera
4814,4055.7412109375,2886.1621704101562,4099.709136962891,2899.9110107421875,3.19141436193604e-05,Nematocera
4815,1634.8300476074219,2891.686737060547,1695.2612915039062,2900.0,3.1908908567857e-05,Nematocera
4816,3290.5982971191406,3420.858154296875,3299.9385986328125,3455.801788330078,3.1484942155657336e-05,Nematocera
4817,400.0,938.9408111572266,418.3608913421631,1043.3485107421875,3.1479929020861164e-05,Nematocera
4818,2800.0,1293.676040649414,2811.865071296692,1394.690200805664,3.1427527574123815e-05,Nematocera
4819,4379.68603515625,1288.6761779785156,4461.4693603515625,1300.0,3.120941255474463e-05,Nematocera
4820,1200.0068508088589,2858.1181030273438,1206.7491188049316,2941.3832244873047,3.1072508136276156e-05,Nematocera
4821,1998.9091796875,2883.121551513672,2049.2274169921875,2937.3365631103516,3.0991450330475345e-05,Nematocera
4822,2000.7718116044998,169.9746551513672,2046.1992492675781,191.84359741210938,3.088520315941423e-05,Nematocera
4823,3200.0723123550415,800.0868201255798,3214.8615684509277,849.3430633544922,3.0840055842418224e-05,Nematocera
4824,224.44491577148438,224.23724365234375,270.85565185546875,306.292236328125,3.054187254747376e-05,Nematocera
4825,800.0063002109528,756.966064453125,808.1705350875854,840.2671813964844,3.0502025765599683e-05,Nematocera
4826,1200.0010192394257,104.25338745117188,1221.1847324371338,204.8928680419922,3.0312205126392655e-05,Nematocera
4827,1267.5868072509766,2865.8399658203125,1330.0370635986328,2899.987518310547,3.0011115086381324e-05,Nematocera
4828,400.0,2400.0,440.333251953125,2453.0736694335938,2.998994204972405e-05,Nematocera
4829,2874.2573471069336,800.0172432512045,2930.0091094970703,804.9754576683044,2.9959041057736613e-05,Nematocera
4830,4108.0,2099.8308639526367,4121.667352676392,2241.5003967285156,2.9857163099222817e-05,Nematocera
4831,3600.0889867544174,1200.0,3627.571409225464,1247.4301834106445,2.9829185223206878e-05,Nematocera
4832,3200.0,1710.8788452148438,3214.2325344085693,1803.4427642822266,2.9371836717473343e-05,Nematocera
4833,400,641.1821899414062,408.24568939208984,749.1604309082031,2.9308632292668335e-05,Nematocera
4834,1291.2866516113281,353.3839111328125,1300.0,468.9757385253906,2.9129823815310374e-05,Nematocera
4835,2000.0089846551418,1071.2957763671875,2015.8426914215088,1186.267578125,2.8904709324706346e-05,Nematocera
4836,3549.9011840820312,894.3321228027344,3598.247344970703,900.0,2.881051113945432e-05,Nematocera
4837,3600,11.200308799743652,3605.290102005005,83.96334838867188,2.8708511308650486e-05,Nematocera
4838,2944.483856201172,2489.0120544433594,3044.5379791259766,2500.0,2.861213761207182e-05,Nematocera
4839,1600.0008381903172,3317.40087890625,1606.067138671875,3454.3562622070312,2.8596181437023915e-05,Nematocera
4840,0.004213303327560425,466.9942321777344,12.737131118774414,598.2650756835938,2.857799881894607e-05,Nematocera
4841,3687.6455993652344,1692.1279907226562,3763.365036010742,1700.0,2.855217462638393e-05,Nematocera
4842,4000.0134319067,3243.3203735351562,4014.556254386902,3408.650115966797,2.8453394406824373e-05,Nematocera
4843,2448.957061767578,3081.5666275024414,2485.1852798461914,3108.10400390625,2.835487794072833e-05,Nematocera
4844,1693.1495208740234,2477.9015502929688,1814.1516418457031,2500.0,2.8248188755242154e-05,Nematocera
4845,4429.707092285156,3426.2279052734375,4500.0,3455.979736328125,2.819772453221958e-05,Nematocera
4846,0.004468858242034912,2464.0711822509766,14.193710327148438,2583.5067749023438,2.8073762223357335e-05,Nematocera
4847,2503.2297973632812,1600.0,2567.813247680664,1614.960039138794,2.7964450055151246e-05,Nematocera
4848,1200.0172521919012,502.63226318359375,1205.2619738578796,561.3472900390625,2.7868474717251956e-05,Nematocera
4849,2087.92919921875,0,2100.0,29.158533096313477,2.776453948172275e-05,Nematocera
4850,1200.0,3396.7591857910156,1215.1903448104858,3456.0,2.7558467991184443e-05,Nematocera
4851,2150.3172607421875,2013.8295412063599,2196.832275390625,2087.6935501098633,2.7438987672212534e-05,Nematocera
4852,428.87994384765625,800.0,493.4228515625,821.8074703216553,2.7360445528756827e-05,Nematocera
4853,800.0092945992947,2604.923538208008,805.8002276420593,2688.9534606933594,2.726493403315544e-05,Nematocera
4854,1200.0,3159.5496673583984,1224.9593143463135,3280.8680114746094,2.7174442948307842e-05,Nematocera
4855,3600.011808425188,1660.5226516723633,3607.07909488678,1770.4659729003906,2.715030132094398e-05,Nematocera
4856,2376.026641845703,3253.113555908203,2485.959861755371,3300.0,2.7129697627970017e-05,Nematocera
4857,1169.0380249023438,2967.6440715789795,1218.3345947265625,2985.522497177124,2.706981831579469e-05,Nematocera
4858,2000.0001043081284,403.9385795593262,2007.9593868255615,529.5187683105469,2.700497134355828e-05,Nematocera
4859,2229.406768798828,2892.54150390625,2293.4603881835938,2900.0,2.699114520510193e-05,Nematocera
4860,4581.046173095703,560.6895904541016,4608.0,752.5154113769531,2.6988956960849464e-05,Nematocera
4861,941.4205322265625,2400.0047847628593,1052.6499481201172,2413.423050880432,2.698628304642625e-05,Nematocera
4862,2400.0070594251156,2286.517059326172,2405.9286408424377,2357.503662109375,2.6932317268801853e-05,Nematocera
4863,800.0106364488602,3308.766845703125,808.7392492294312,3391.4864196777344,2.689563734747935e-05,Nematocera
4864,2781.42431640625,2887.0494995117188,2823.6495971679688,2899.88671875,2.6852172595681623e-05,Nematocera
4865,1200.0,2628.345962524414,1217.520227432251,2745.3580017089844,2.679960016394034e-05,Nematocera
4866,1789.152572631836,3444.0044555664062,1872.3186950683594,3456.0,2.6608780899550766e-05,Nematocera
4867,4086.608955383301,400.0,4147.393795013428,414.44114112854004,2.6536736186244525e-05,Nematocera
4868,608.7614593505859,1691.6666870117188,688.6095581054688,1700.0,2.643562766024843e-05,Nematocera
4869,800.0092141330242,2452.252471923828,827.3930988311768,2500.0,2.6431896912981756e-05,Nematocera
4870,167.92453002929688,1600.023014843464,235.94009399414062,1614.7817726135254,2.6318408345105127e-05,Nematocera
4871,3994.02099609375,875.4568176269531,4043.7438201904297,899.4290466308594,2.590989606687799e-05,Nematocera
4872,1323.9200973510742,2488.5309143066406,1399.765853881836,2500.0,2.576609404059127e-05,Nematocera
4873,2000.0,371.73052978515625,2013.5491800308228,500.0,2.5728500986588188e-05,Nematocera
4874,1600.0,604.9368896484375,1625.191120147705,689.108642578125,2.5655022909631953e-05,Nematocera
4875,4428.903503417969,3443.556640625,4517.147888183594,3455.7833251953125,2.561117071309127e-05,Nematocera
4876,3735.6697540283203,2891.6481018066406,3830.1470336914062,2900.0,2.5554156309226528e-05,Nematocera
4877,800.0172048807144,1600.0,828.3772773742676,1640.1577186584473,2.5524928787490353e-05,Nematocera
4878,2800.0,3440.8749084472656,2888.2498092651367,3456.0,2.5515897505101748e-05,Nematocera
4879,3600.0,3231.804718017578,3610.17769241333,3341.6304321289062,2.535075145715382e-05,Nematocera
4880,1922.9234619140625,1687.5534973144531,2005.0579528808594,1700.0,2.534734085202217e-05,Nematocera
4881,2046.7127952575684,1688.3237915039062,2138.2552795410156,1700.0,2.5276061933254823e-05,Nematocera
4882,669.2160034179688,0.22109374403953552,757.9828491210938,39.154869079589844,2.525437594158575e-05,Nematocera
4883,2000.0,2550.633819580078,2014.2267446517944,2637.72900390625,2.512480023142416e-05,Nematocera
4884,4602.807373046875,2589.8368377685547,4608.0,2647.6819458007812,2.5006405849126168e-05,Nematocera
4885,2894.4375,2854.858352661133,2900.0,2940.809295654297,2.49516870098887e-05,Nematocera
4886,391.208984375,413.6712951660156,427.68035888671875,508.3607635498047,2.490247970854398e-05,Nematocera
4887,782.2730407714844,385.2554016113281,861.5635986328125,457.9288330078125,2.4868968466762453e-05,Nematocera
4888,1024.4272155761719,3286.7149353027344,1085.4283447265625,3299.9612731933594,2.4777333237580024e-05,Nematocera
4889,0.0,2887.8048400878906,95.73001861572266,2899.9864501953125,2.4746255803620443e-05,Nematocera
4890,1843.278076171875,2888.0979919433594,1970.4741516113281,2900.0,2.461546318954788e-05,Nematocera
4891,2450.3337020874023,800.0,2543.8184814453125,817.8357772827148,2.447431870677974e-05,Nematocera
4892,4301.97883605957,2400.0,4369.840545654297,2445.1909713745117,2.425250204396434e-05,Nematocera
4893,3566.5218505859375,2800.0,3662.8604888916016,2843.132381439209,2.4095968910842203e-05,Nematocera
4894,30.3687686920166,1200.1252494752407,97.76301574707031,1214.85396194458,2.40915560425492e-05,Nematocera
4895,1689.314796447754,2491.337646484375,1770.0857696533203,2500.0,2.4050261345109902e-05,Nematocera
4896,800.0009015202522,483.0368957519531,816.9293994903564,576.7223358154297,2.4003633370739408e-05,Nematocera
4897,0.022887438535690308,1360.984390258789,6.068530082702637,1503.1835632324219,2.3908934963401407e-05,Nematocera
4898,1200.0,569.9023284912109,1217.8643951416016,675.5309143066406,2.388744178460911e-05,Nematocera
4899,1598.565185546875,486.3434753417969,1681.6981658935547,499.9054870605469,2.3873210011515766e-05,Nematocera
4900,3648.5436401367188,3246.3040466308594,3700.0,3300.0,2.381802005402278e-05,Nematocera
4901,800,182.9306640625,805.7866387367249,248.91070556640625,2.361311635468155e-05,Nematocera
4902,3856.0369873046875,1688.8879699707031,3936.3153076171875,1700.0,2.325719287910033e-05,Nematocera
4903,1600.0142641365528,2450.8313598632812,1619.1142120361328,2499.9734802246094,2.318641600140836e-05,Nematocera
4904,2800.0216841697693,400.0031054019928,2838.297504425049,415.3028726577759,2.314219091203995e-05,Nematocera
4905,3600.0,918.8786010742188,3612.8020029067993,1033.4879455566406,2.3114927898859605e-05,Nematocera
4906,2314.0985412597656,186.88304138183594,2379.551788330078,241.4334259033203,2.3099195459508337e-05,Nematocera
4907,2800.0154986977577,77.974853515625,2805.918541431427,142.40817260742188,2.3047925424179994e-05,Nematocera
4908,2400.0030860304832,2392.251251220703,2414.8645401000977,2497.359176635742,2.273763675475493e-05,Nematocera
4909,611.5626831054688,1200.0,698.962890625,1215.657220840454,2.2619547962676734e-05,Nematocera
4910,3668.149688720703,2956.0010028481483,3750.3795013427734,2976.9368228912354,2.2589971194975078e-05,Nematocera
4911,3272.821990966797,1661.7639465332031,3300.0,1699.8665771484375,2.249473982374184e-05,Nematocera
4912,400.1709848642349,1110.7263488769531,427.79743576049805,1245.6066589355469,2.2489182811114006e-05,Nematocera
4913,2400.0,1372.3555450439453,2417.0890464782715,1507.2922668457031,2.246061194455251e-05,Nematocera
4914,231.81089782714844,1600.0,310.9635009765625,1644.7510414123535,2.23765273403842e-05,Nematocera
4915,1330.6009979248047,2649.8030700683594,1384.8307342529297,2671.8184509277344,2.236920772702433e-05,Nematocera
4916,0.0481724739074707,854.0882568359375,14.760690689086914,957.7400665283203,2.2357713532983325e-05,Nematocera
4917,3294.593231201172,3137.3662109375,3300.0,3212.8744201660156,2.233299528597854e-05,Nematocera
4918,2000.0183019787073,2028.5870666503906,2006.4902381896973,2123.7811126708984,2.2284975784714334e-05,Nematocera
4919,2800.0,2551.553741455078,2839.526050567627,2741.562744140625,2.2190879462868907e-05,Nematocera
4920,4563.454925537109,3422.7845153808594,4608.0,3455.8002014160156,2.2112863007350825e-05,Nematocera
4921,2585.698745727539,3211.0593872070312,2629.9413146972656,3231.558319091797,2.209741433034651e-05,Nematocera
4922,1477.4503784179688,0.5026198625564575,1526.0443725585938,17.17987632751465,2.194436456193216e-05,Nematocera
4923,0.0,2598.0013427734375,15.661800384521484,2736.226806640625,2.1868654584977776e-05,Nematocera
4924,2400.135986328125,2486.6784057617188,2498.9980239868164,2500.0,2.1795096472487785e-05,Nematocera
4925,3600.008439272642,273.12451171875,3606.444357395172,383.6463928222656,2.176628913730383e-05,Nematocera
4926,2800.0,3248.5250549316406,2813.2434043884277,3373.4297790527344,2.17334945773473e-05,Nematocera
4927,3292.6564331054688,2290.5918579101562,3300.0,2364.650115966797,2.159756149922032e-05,Nematocera
4928,0.00559389591217041,962.8359069824219,27.1064395904541,1066.1035461425781,2.1568068405031227e-05,Nematocera
4929,2094.1503524780273,487.61376953125,2159.9078674316406,500.0,2.1564388589467853e-05,Nematocera
4930,1882.0104675292969,2488.5501708984375,1952.754638671875,2500.0,2.150897307728883e-05,Nematocera
4931,4571.5096435546875,2067.5479431152344,4607.960235595703,2099.8514099121094,2.1492200175998732e-05,Nematocera
4932,1600.0,2288.825897216797,1638.06400680542,2406.8432006835938,2.1488656784640625e-05,Nematocera
4933,2400.0147700309753,792.3907775878906,2405.9860277175903,859.5623168945312,2.1488083802978508e-05,Nematocera
4934,800.0081028789282,1371.5279541015625,806.2117919921875,1425.717025756836,2.1348270820453763e-05,Nematocera
4935,3614.224431991577,1110.2109985351562,3650.012554168701,1148.1433410644531,2.1255573301459663e-05,Nematocera
4936,4108.0,294.3067626953125,4119.245946884155,434.0806884765625,2.1254316379781812e-05,Nematocera
4937,3600.0,1497.1778869628906,3626.9088382720947,1596.6361999511719,2.1154824935365468e-05,Nematocera
4938,844.4754638671875,2482.4381408691406,900.0,2500.0,2.1079045836813748e-05,Nematocera
4939,36.11726760864258,2888.1041564941406,113.44723510742188,2900.0,2.1046284018666483e-05,Nematocera
4940,892.2098693847656,2398.239227294922,899.9708557128906,2500.0,2.0941137336194515e-05,Nematocera
4941,3200.0113517045975,2875.3777465820312,3241.232597351074,2899.9833984375,2.0930594473611563e-05,Nematocera
4942,1858.9082336425781,800.0,1929.6875915527344,823.3830375671387,2.0912517356919125e-05,Nematocera
4943,1275.5946044921875,2487.4908447265625,1300.0,2499.8764038085938,2.0875377231277525e-05,Nematocera
4944,3200.0,173.27699279785156,3215.892391204834,307.1252746582031,2.0865803890046664e-05,Nematocera
4945,4108.015203654766,563.0758361816406,4121.565058708191,659.9787292480469,2.0861227312707342e-05,Nematocera
4946,2400,2800.0668957829475,2434.624313354492,2815.3093786239624,2.0820265490328893e-05,Nematocera
4947,990.6183471679688,1200.091890990734,1112.7132873535156,1240.6615371704102,2.0728892195620574e-05,Nematocera
4948,621.1771545410156,1281.2150573730469,734.7352600097656,1300.0,2.069724905595649e-05,Nematocera
4949,2800.0956550240517,800.0423312187195,2820.335063934326,835.2382545471191,2.068757930828724e-05,Nematocera
4950,3600.0,761.1033325195312,3607.9979195594788,861.4672546386719,2.0664667317760177e-05,Nematocera
4951,1200.0023171305656,3117.260940551758,1212.6282844543457,3245.2599182128906,2.0570132619468495e-05,Nematocera
4952,0.029067695140838623,1664.4538879394531,7.496648788452148,1699.9473571777344,2.0401907022460364e-05,Nematocera
4953,2085.4527893066406,2483.3746032714844,2099.898956298828,2499.8058471679688,2.038401180470828e-05,Nematocera
4954,1689.5918884277344,3143.4346313476562,1700.0,3260.2360229492188,2.0362875147839077e-05,Nematocera
4955,3414.9519958496094,892.2878723144531,3497.8331909179688,900.0,2.022916669375263e-05,Nematocera
4956,4319.518981933594,2475.2717895507812,4377.7921142578125,2500.0,2.0184266759315506e-05,Nematocera
4957,4261.24267578125,3444.9205932617188,4384.945343017578,3456.0,2.0152783690718934e-05,Nematocera
4958,2800.0,3250.0565490722656,2835.383460998535,3300.0,2.008689261856489e-05,Nematocera
4959,3042.4879150390625,1291.662353515625,3112.0736083984375,1300.0,1.9922235878766514e-05,Nematocera
4960,4000.0,125.82952880859375,4011.8496475219727,222.4262237548828,1.9915243683499284e-05,Nematocera
4961,1600.0185310840607,2721.381805419922,1630.0246620178223,2816.6041259765625,1.9893017451977357e-05,Nematocera
4962,1600.0,1040.9800567626953,1615.0331363677979,1151.3240966796875,1.9874851204804145e-05,Nematocera
4963,3600.0129528343678,1831.5746307373047,3615.840069770813,1924.4404907226562,1.9822060494334437e-05,Nematocera
4964,1663.7588500976562,3281.8516235351562,1699.8988037109375,3299.8622436523438,1.980994602490682e-05,Nematocera
4965,3200.0,1319.113899230957,3213.404065132141,1440.5139923095703,1.9714583686436526e-05,Nematocera
4966,400.0,585.1345977783203,407.3037819862366,683.8105773925781,1.970452649402432e-05,Nematocera
4967,400.0,2148.7516021728516,412.8288927078247,2367.88720703125,1.9672983398777433e-05,Nematocera
4968,1200.0,1256.9704895019531,1210.855456352234,1300.0,1.962916758202482e-05,Nematocera
4969,2005.7005004882812,2912.728500366211,2053.8360595703125,2936.6216430664062,1.960202462214511e-05,Nematocera
4970,4183.910354614258,490.32525634765625,4260.1087646484375,499.9425354003906,1.9582386812544428e-05,Nematocera
4971,0.0,2739.5956420898438,22.54576873779297,2854.5169677734375,1.948975659615826e-05,Nematocera
4972,2094.300262451172,598.4781188964844,2100.0,656.4986267089844,1.9453564163995907e-05,Nematocera
4973,4000.0559762120247,1818.3827362060547,4008.5670166015625,1904.6659851074219,1.9450393665465526e-05,Nematocera
4974,2493.462371826172,2866.530158996582,2500.0,2938.011520385742,1.9425015125307254e-05,Nematocera
4975,4055.0700912475586,893.2929992675781,4118.952323913574,900.0,1.928186793520581e-05,Nematocera
4976,861.8245544433594,3254.7157287597656,900.0,3300.0,1.894723391160369e-05,Nematocera
4977,4494.2291259765625,123.90668487548828,4500.0,194.81036376953125,1.8862550859921612e-05,Nematocera
4978,4242.078155517578,3444.7314453125,4318.048721313477,3456.0,1.8848562831408344e-05,Nematocera
4979,4108.0264421105385,1262.5863037109375,4133.143449783325,1300.0,1.875559064501431e-05,Nematocera
4980,2252.5105895996094,0.5509339570999146,2321.664093017578,9.009432792663574,1.875339148682542e-05,Nematocera
4981,2008.6225748062134,2488.6332397460938,2067.753372192383,2500.0,1.8710768927121535e-05,Nematocera
4982,4457.427307128906,890.8775329589844,4539.5517578125,900.0,1.8619579350342974e-05,Nematocera
4983,2000.0,2927.0882110595703,2012.9300746917725,3056.053497314453,1.8553659174358472e-05,Nematocera
4984,3600.0436931848526,3448.8983764648438,3643.484546661377,3455.9891357421875,1.8516539057600312e-05,Nematocera
4985,0.012072920799255371,2874.852081298828,16.54737663269043,2899.9903564453125,1.8510534573579207e-05,Nematocera
4986,2490.7508850097656,1281.4615783691406,2499.8134765625,1299.8041687011719,1.847885869210586e-05,Nematocera
4987,400.0240281224251,2153.0081329345703,408.98441982269287,2234.3099365234375,1.840218283177819e-05,Nematocera
4988,2000.0195071101189,350.0685729980469,2006.0949430465698,428.765625,1.8369517420069315e-05,Nematocera
4989,4493.875823974609,3046.3768005371094,4500.0,3160.6255645751953,1.8345237549510784e-05,Nematocera
4990,2800,911.3742828369141,2806.1727566719055,1004.8485717773438,1.8343856936553493e-05,Nematocera
4991,904.7813415527344,3117.203125,948.9788055419922,3158.936004638672,1.8281038137502037e-05,Nematocera
4992,4309.814697265625,800.0,4385.048889160156,849.620246887207,1.827885898819659e-05,Nematocera
4993,3600.1069009304047,1306.0021896362305,3641.3478813171387,1376.917739868164,1.816420626710169e-05,Nematocera
4994,2707.1151733398438,483.97235107421875,2783.349090576172,500.0,1.8076696505886503e-05,Nematocera
4995,852.9926147460938,459.12969970703125,899.9745483398438,500.0,1.80376573553076e-05,Nematocera
4996,1684.1775817871094,1258.4701538085938,1699.9847412109375,1300.0,1.8003509467234835e-05,Nematocera
4997,1692.9796142578125,2261.186981201172,1700.0,2321.931854248047,1.7969990949495696e-05,Nematocera
4998,0.0,160.5257568359375,36.137115478515625,296.04815673828125,1.795354728528764e-05,Nematocera
4999,1648.5321502685547,400.0,1713.4547500610352,427.0429496765137,1.7951630070456304e-05,Nematocera
5000,4297.465087890625,0.1674950122833252,4366.873870849609,37.534996032714844,1.7941567421075888e-05,Nematocera
5001,3376.0186157226562,3288.8937377929688,3547.3291015625,3300.0,1.7807653421186842e-05,Nematocera
5002,4561.683654785156,2854.0521545410156,4608.0,2900.0,1.7704916899674572e-05,Nematocera
5003,1200.0,1469.9229736328125,1229.575038909912,1570.9981079101562,1.7683454643702134e-05,Nematocera
5004,4489.579498291016,2800.0,4574.417785644531,2830.8358306884766,1.7514244973426685e-05,Nematocera
5005,2000.0,1679.8662109375,2075.3819580078125,1700.0,1.750366027408745e-05,Nematocera
5006,77.5680160522461,859.2683067321777,118.13507080078125,898.4195861816406,1.746166162774898e-05,Nematocera
5007,4063.8134727478027,1350.561050415039,4099.969085693359,1425.3046264648438,1.7413252862752415e-05,Nematocera
5008,800.0,2481.916229248047,867.3782348632812,2499.9717712402344,1.7391630535712466e-05,Nematocera
5009,1786.6900634765625,2956.0,1883.3629150390625,2962.3213510513306,1.7176020264741965e-05,Nematocera
5010,1547.9722900390625,2956.0323362648487,1579.3865356445312,2968.282356262207,1.7165883036796004e-05,Nematocera
5011,1600.0900283455849,2000.0,1617.657377243042,2036.68851852417,1.7139367628260516e-05,Nematocera
5012,4558.3792724609375,3278.628387451172,4607.794250488281,3299.9388732910156,1.7132879293058068e-05,Nematocera
5013,4000.0011682510376,3238.7940979003906,4009.081756591797,3409.731719970703,1.707748197077308e-05,Nematocera
5014,3600.0192426145077,1929.238525390625,3633.1852645874023,2036.5527648925781,1.6922043869271874e-05,Nematocera
5015,278.3664245605469,2058.5592346191406,347.5902099609375,2100.0,1.6902027709875256e-05,Nematocera
5016,400.0423163175583,2800.0043407082558,425.8371410369873,2838.920082092285,1.684109702182468e-05,Nematocera
5017,201.2961883544922,2240.2119140625,235.34494018554688,2256.8384704589844,1.6681045963196084e-05,Nematocera
5018,2000,2865.058319091797,2014.910340309143,2900.0,1.662720569584053e-05,Nematocera
5019,1600.0074289739132,106.96125030517578,1620.5013313293457,200.57626342773438,1.6598753063590266e-05,Nematocera
5020,4077.0855102539062,3264.2459716796875,4100.0,3299.9322814941406,1.6496805983479135e-05,Nematocera
5021,482.6779556274414,3293.412872314453,541.4371032714844,3300.0,1.6470192349515855e-05,Nematocera
5022,3718.5718536376953,2956,3785.837203979492,2962.729039669037,1.6446994777652435e-05,Nematocera
5023,239.69757080078125,800.0,320.99371337890625,855.7611808776855,1.6425457943114452e-05,Nematocera
5024,4010.781717300415,1200.1789011061192,4068.6682739257812,1206.1693325042725,1.6416814105468802e-05,Nematocera
5025,4025.0736351013184,3443.6848754882812,4120.997512817383,3455.97705078125,1.629429607419297e-05,Nematocera
5026,269.5621032714844,400.0,368.8044128417969,415.6638231277466,1.6271809727186337e-05,Nematocera
5027,3980.9459838867188,2400.0113006681204,4086.4329223632812,2407.3391132354736,1.6241299817920662e-05,Nematocera
5028,1706.8960876464844,2956.0018261373043,1752.2855072021484,2961.111683368683,1.620538932911586e-05,Nematocera
5029,3293.4108276367188,3017.1881713867188,3300.0,3081.8339233398438,1.6201665857806802e-05,Nematocera
5030,1200.0399231910706,2400.0,1224.3144149780273,2440.5984992980957,1.6188554582186043e-05,Nematocera
5031,3444.7537841796875,1686.3924255371094,3526.948211669922,1709.7825012207031,1.6130039512063377e-05,Nematocera
5032,584.9647674560547,1282.5346069335938,689.1854858398438,1300.0,1.6087409676401876e-05,Nematocera
5033,4092.2675170898438,652.0682067871094,4100.0,726.1361694335938,1.6074620361905545e-05,Nematocera
5034,2400.016014277935,1662.4264831542969,2415.2966232299805,1699.9722595214844,1.59613809955772e-05,Nematocera
5035,231.36146545410156,2885.4068603515625,321.6728820800781,2899.9960021972656,1.594079913047608e-05,Nematocera
5036,2209.892318725586,800.4447147250175,2284.3338623046875,821.5826950073242,1.5935174815240316e-05,Nematocera
5037,492.381103515625,2964.5045776367188,500.0,3016.158889770508,1.5923038517939858e-05,Nematocera
5038,1693.3670043945312,1502.3034973144531,1700.0,1562.9302062988281,1.5856332538533024e-05,Nematocera
5039,2329.23388671875,2490.2218017578125,2398.0398559570312,2500.0,1.5541643733740784e-05,Nematocera
5040,3146.807861328125,1292.7351989746094,3213.4227905273438,1300.0,1.552342473587487e-05,Nematocera
5041,2400.0,948.1836242675781,2413.136860847473,1085.9667358398438,1.542936297482811e-05,Nematocera
5042,1292.5302124023438,926.1263885498047,1300.0,1007.9855499267578,1.5329891539295204e-05,Nematocera
5043,1349.3611602783203,1689.5687255859375,1420.1740264892578,1699.905029296875,1.5309497030102648e-05,Nematocera
5044,1799.2474822998047,502.24566650390625,1879.489013671875,549.4527587890625,1.5248504496412352e-05,Nematocera
5045,4113.405586242676,2835.7247924804688,4155.284240722656,2871.0372314453125,1.5243603229464497e-05,Nematocera
5046,1939.4643249511719,2848.7169189453125,1987.4923706054688,2898.0645141601562,1.5220768545987085e-05,Nematocera
5047,3200.006990879774,2603.720474243164,3207.5309829711914,2690.585693359375,1.5183120012807194e-05,Nematocera
5048,3041.0757598876953,491.53033447265625,3112.0628967285156,500.0,1.5170512597251218e-05,Nematocera
5049,3200.0,2282.1170654296875,3213.674608230591,2374.6126098632812,1.5134776731429156e-05,Nematocera
5050,3271.2701416015625,492.5069885253906,3342.7444915771484,500.0,1.5073616850713734e-05,Nematocera
5051,4473.751739501953,2483.54248046875,4536.734771728516,2500.0,1.5026426808617543e-05,Nematocera
5052,3200.0,3270.9030151367188,3268.9195556640625,3300.0,1.4994216144259553e-05,Nematocera
5053,1200.0123098492622,3307.176025390625,1208.4739742279053,3406.1195068359375,1.4991529496910516e-05,Nematocera
5054,2000.0274486839771,920.5410003662109,2006.555995464325,1002.3249206542969,1.4897964319970924e-05,Nematocera
5055,2171.00732421875,3121.502166748047,2229.259063720703,3164.9820861816406,1.4878113688610028e-05,Nematocera
5056,4198.365791320801,400.0,4255.143493652344,405.9512538909912,1.4877192370477132e-05,Nematocera
5057,1250.0750122070312,1200.0742077827454,1299.9563598632812,1236.514877319336,1.4818328963883687e-05,Nematocera
5058,4350.911437988281,3437.9159545898438,4470.809356689453,3456.0,1.4765599189558998e-05,Nematocera
5059,0.0,70.77351379394531,23.393821716308594,178.88421630859375,1.4697940969199408e-05,Nematocera
5060,4361.057037353516,0.0,4415.633148193359,24.83698081970215,1.4607055163651239e-05,Nematocera
5061,4601.189727783203,846.6939811706543,4608.0,913.9971237182617,1.4558353541360702e-05,Nematocera
5062,1489.8412170410156,2890.0228576660156,1607.2606506347656,2900.0,1.4548028957506176e-05,Nematocera
5063,851.7963256835938,329.4899597167969,899.8207092285156,413.47064208984375,1.4495555660687387e-05,Nematocera
5064,2800.0,460.8665466308594,2816.6998233795166,583.2039794921875,1.4487913176708389e-05,Nematocera
5065,1200.0227555632591,2869.7734375,1215.208911895752,2899.9956665039062,1.4420231309486553e-05,Nematocera
5066,3600.0128529965878,96.68743896484375,3606.155882835388,183.91151428222656,1.4377045772562269e-05,Nematocera
5067,1038.2566528320312,891.3272705078125,1100.4613037109375,900.0,1.4185315194481518e-05,Nematocera
5068,4126.925132751465,2892.4481506347656,4159.659286499023,2900.0,1.4101676242717076e-05,Nematocera
5069,0.013355910778045654,1753.4862060546875,26.782079696655273,1866.5070190429688,1.4090504009800497e-05,Nematocera
5070,2668.9566955566406,494.01129150390625,2732.7664794921875,500.0,1.4073542843107134e-05,Nematocera
5071,400.0,62.05949783325195,418.01563262939453,143.70338439941406,1.4069678400119301e-05,Nematocera
5072,2450.6873168945312,3444.806915283203,2500.0,3456.0,1.3992123058415018e-05,Nematocera
5073,4280.579620361328,1690.7539367675781,4339.938293457031,1699.9449768066406,1.398394670104608e-05,Nematocera
5074,400,2400,487.2301025390625,2413.5415210723877,1.394334412907483e-05,Nematocera
5075,4000.1376941800117,871.1138763427734,4012.794527053833,918.5314636230469,1.3806000424665399e-05,Nematocera
5076,1600.0,1275.9234466552734,1616.2206649780273,1410.2795867919922,1.3801181921735406e-05,Nematocera
5077,2000.1143902540207,1600.1810014247894,2016.1824226379395,1631.993392944336,1.3795747690892313e-05,Nematocera
5078,1459.2425842285156,2800,1524.3804016113281,2807.2124032974243,1.376115051243687e-05,Nematocera
5079,2021.8118591308594,3162.720260620117,2067.0575256347656,3216.8440551757812,1.375842111883685e-05,Nematocera
5080,1200.0,2993.6599731445312,1230.923921585083,3101.8569946289062,1.3737719200435095e-05,Nematocera
5081,1600.014090538025,696.4548645019531,1611.860954284668,780.0404052734375,1.3726705219596624e-05,Nematocera
5082,3600.0739328563213,2578.7134704589844,3607.663215637207,2646.68994140625,1.3592013601737563e-05,Nematocera
5083,1600.0248856842518,875.6190795898438,1607.2344751358032,962.0663452148438,1.3584070075012278e-05,Nematocera
5084,2800.022715330124,1285.5639343261719,2813.8848628997803,1300.0,1.3577242498286068e-05,Nematocera
5085,3056.564697265625,3288.0142211914062,3133.6380004882812,3297.5418090820312,1.3562619642470963e-05,Nematocera
5086,2270.6619262695312,1200.0,2337.6373291015625,1237.2123527526855,1.3539953215513378e-05,Nematocera
5087,4092.399932861328,1890.9794921875,4100.0,1946.7835083007812,1.3504374692274723e-05,Nematocera
5088,457.8955879211426,2491.570098876953,540.0961761474609,2500.0,1.3481572750606574e-05,Nematocera
5089,20.50957679748535,400.1327019184828,79.08232116699219,405.3369336128235,1.3451777704176493e-05,Nematocera
5090,3954.104766845703,2282.0936279296875,4006.2252197265625,2346.717071533203,1.3415009561867919e-05,Nematocera
5091,270.41668701171875,2956.0,359.0248718261719,2990.1661529541016,1.3397916518442798e-05,Nematocera
5092,1693.8993530273438,3079.2542419433594,1700.0,3172.7783813476562,1.3324712199391797e-05,Nematocera
5093,861.1310119628906,2863.8131103515625,899.9466857910156,2900.0,1.3266096175357234e-05,Nematocera
5094,3340.742630004883,2490.914337158203,3443.4857330322266,2500.0,1.3260265404824167e-05,Nematocera
5095,0.0,3443.5709533691406,116.7234878540039,3456.0,1.2896065527456813e-05,Nematocera
5096,4491.960632324219,1927.3390808105469,4500.0,2059.0077514648438,1.2888503988506272e-05,Nematocera
5097,400.0,756.3280029296875,411.7799882888794,879.367431640625,1.2863601114077028e-05,Nematocera
5098,4600.701995849609,1069.0633239746094,4608.0,1169.4862976074219,1.285817961615976e-05,Nematocera
5099,3957.2814331054688,493.2054138183594,4017.3834228515625,500.0,1.2789412721758708e-05,Nematocera
5100,2888.1293563842773,891.957275390625,2949.075897216797,899.9869384765625,1.275351951335324e-05,Nematocera
5101,1100.2528381347656,1849.6770935058594,1150.9898071289062,1872.8666381835938,1.2746188076562248e-05,Nematocera
5102,0.24552345275878906,2067.6625747680664,13.814577102661133,2154.8865966796875,1.2710573173535522e-05,Nematocera
5103,2400.0,1513.4052124023438,2425.1566524505615,1597.943603515625,1.2703654647339135e-05,Nematocera
5104,2584.4173889160156,3219.665252685547,2630.472137451172,3232.363037109375,1.2645816241274588e-05,Nematocera
5105,923.4023361206055,3277.4757385253906,963.1130523681641,3290.166290283203,1.2570845683512744e-05,Nematocera
5106,1438.3517761230469,800,1519.1956481933594,805.556770324707,1.2544917808554601e-05,Nematocera
5107,1766.2187805175781,2890.886199951172,1816.3763732910156,2900.0,1.248468197445618e-05,Nematocera
5108,4437.396636962891,400.095734000206,4513.757507324219,405.12920093536377,1.2387148672132753e-05,Nematocera
5109,4448.071380615234,1686.6903381347656,4568.336120605469,1700.0,1.2376782251521945e-05,Nematocera
5110,904.0648956298828,488.9754333496094,1018.4577484130859,500.0,1.2343940397840925e-05,Nematocera
5111,4000.007600337267,2064.8088912963867,4007.1063861846924,2242.3284759521484,1.2287810932321008e-05,Nematocera
5112,4000.0028133392334,1385.833755493164,4012.516103744507,1525.6180725097656,1.2285163393244147e-05,Nematocera
5113,1028.6682586669922,2489.983642578125,1103.6478881835938,2499.9867553710938,1.2267344573047012e-05,Nematocera
5114,4453.23583984375,3288.126953125,4524.630401611328,3299.7371826171875,1.2234210771566723e-05,Nematocera
5115,3200.0,3234.0272521972656,3215.1540327072144,3362.1981811523438,1.2088969924661797e-05,Nematocera
5116,0.0,1828.7459411621094,15.600311279296875,1939.8500061035156,1.1990342500212137e-05,Nematocera
5117,3200.0,473.10601806640625,3233.8365898132324,499.9512634277344,1.1932074812648352e-05,Nematocera
5118,800.0065833330154,1507.9294128417969,813.7969131469727,1581.0473937988281,1.1898338016180787e-05,Nematocera
5119,3804.9041290283203,3448.318359375,3880.853515625,3456.0,1.1831815754703712e-05,Nematocera
5120,2173.00439453125,1288.6225280761719,2260.1040954589844,1300.0,1.1807874216174241e-05,Nematocera
5121,0.0,2014.8751220703125,24.825815200805664,2099.9697265625,1.1755414561775979e-05,Nematocera
5122,2400,1200.0823855400085,2421.3141860961914,1236.6269454956055,1.1709786122082733e-05,Nematocera
5123,3600.0094026327133,1666.1578979492188,3617.551525115967,1700.0,1.1679707313305698e-05,Nematocera
5124,1404.7182006835938,1286.8493041992188,1472.7581176757812,1300.0,1.167222399089951e-05,Nematocera
5125,2000.0311478972435,2000.0647738575935,2020.1308307647705,2013.5035095214844,1.1578210433071945e-05,Nematocera
5126,1674.5798950195312,483.35638427734375,1700.0,499.8580017089844,1.1577614714042284e-05,Nematocera
5127,3315.898582458496,2093.9361572265625,3383.554000854492,2100.0,1.1537483260326553e-05,Nematocera
5128,597.4377136230469,800.0501692295074,665.0227966308594,817.446216583252,1.1483793969091494e-05,Nematocera
5129,627.6980438232422,3293.4544982910156,703.5000305175781,3300.0,1.1452952094259672e-05,Nematocera
5130,569.6619567871094,2000,628.3715057373047,2006.9559650421143,1.1390614417905454e-05,Nematocera
5131,0.0,1253.571273803711,7.581122398376465,1364.0696105957031,1.1389354767743498e-05,Nematocera
5132,4295.07861328125,2000.0,4361.7335205078125,2053.4744720458984,1.1384597200958524e-05,Nematocera
5133,3600,3177.817596435547,3607.67765045166,3278.992645263672,1.135293859988451e-05,Nematocera
5134,400,1600,448.0771827697754,1613.934720993042,1.134146805270575e-05,Nematocera
5135,533.6066436767578,1600.0,645.0928192138672,1613.1695766448975,1.1305000953143463e-05,Nematocera
5136,4586.986755371094,1751.7669219970703,4608.0,1898.3771362304688,1.1255517165409401e-05,Nematocera
5137,4340.584411621094,1663.2511672973633,4365.709259033203,1739.6603393554688,1.125515245803399e-05,Nematocera
5138,1600.025387108326,2441.5756225585938,1606.449459552765,2524.360466003418,1.1194551916560158e-05,Nematocera
5139,1390.7799987792969,3294.288818359375,1467.3353881835938,3300.0,1.1178784916410223e-05,Nematocera
5140,1600.0386826694012,1592.6020812988281,1617.3030548095703,1678.7307510375977,1.1130861821584404e-05,Nematocera
5141,3200.019469112158,2150.5808868408203,3205.748344898224,2239.488296508789,1.106953732232796e-05,Nematocera
5142,0.706520676612854,677.2484741210938,57.789886474609375,748.7921752929688,1.1055981303798035e-05,Nematocera
5143,4318.257629394531,2800.0792145729065,4340.2213134765625,2840.3639488220215,1.1033534065063577e-05,Nematocera
5144,1628.0232543945312,2647.4498291015625,1681.1422119140625,2684.491729736328,1.0994514013873413e-05,Nematocera
5145,46.38398742675781,2447.174144744873,92.89862060546875,2494.492027282715,1.090031219064258e-05,Nematocera
5146,4108.0,2120.4571228027344,4115.858593940735,2246.4362182617188,1.0875579391722567e-05,Nematocera
5147,1600.0314190983772,2400.0,1639.0213241577148,2419.553321838379,1.0861846021725796e-05,Nematocera
5148,2863.186279296875,2800,2900.0,2831.2818298339844,1.0759910765045788e-05,Nematocera
5149,4082.604034423828,2000,4100.0,2030.3104705810547,1.0751869012892712e-05,Nematocera
5150,133.5186004638672,1600.0160932540894,199.24163818359375,1606.2038660049438,1.0749603461590596e-05,Nematocera
5151,2890.1119689941406,880.9304809570312,2899.8128356933594,899.8533630371094,1.0726460459409282e-05,Nematocera
5152,4491.4638671875,400,4500.0,457.5779800415039,1.0715591088228393e-05,Nematocera
5153,2000.028744339943,2471.6631469726562,2011.320104598999,2564.198776245117,1.0665004992915783e-05,Nematocera
5154,4000.0,466.5943603515625,4016.4720096588135,584.9043121337891,1.0653436220309231e-05,Nematocera
5155,904.7388534545898,892.2675476074219,966.3433074951172,900.0,1.06440320450929e-05,Nematocera
5156,2300.3409729003906,2892.1524963378906,2345.2920837402344,2899.9213256835938,1.06430061350693e-05,Nematocera
5157,3043.527557373047,2093.4795532226562,3115.805877685547,2100.0,1.0560022928984836e-05,Nematocera
5158,3600.0171698629856,651.1791687011719,3606.412907600403,731.3683166503906,1.0559459042269737e-05,Nematocera
5159,4494.348419189453,1388.875244140625,4500.0,1434.2174072265625,1.0557132554822601e-05,Nematocera
5160,1877.09765625,1200,1957.1664428710938,1208.298807144165,1.0539065442571882e-05,Nematocera
5161,1825.0653228759766,0.36460310220718384,1891.6010437011719,10.6136474609375,1.0522154298087116e-05,Nematocera
5162,2987.617904663086,2892.2483825683594,3027.272918701172,2900.0,1.0505739737709519e-05,Nematocera
5163,2962.749526977539,2400.009059906006,3018.772171020508,2414.5697507858276,1.0466020285093691e-05,Nematocera
5164,3895.247589111328,3444.4305419921875,3984.2120056152344,3455.5828552246094,1.0459733857715037e-05,Nematocera
5165,1690.9979858398438,882.7366943359375,1699.8807067871094,899.7590026855469,1.0447352906339802e-05,Nematocera
5166,3690.70703125,484.1144104003906,3699.9423828125,499.8218994140625,1.038501886796439e-05,Nematocera
5167,1055.9287567138672,2087.4488830566406,1152.148193359375,2100.0,1.0376990758231841e-05,Nematocera
5168,3908.2120056152344,641.9175567626953,3961.9132080078125,695.7119140625,1.0367702998337336e-05,Nematocera
5169,235.4757537841797,1200.0,338.4962158203125,1239.7703971862793,1.0311360711057205e-05,Nematocera
5170,3406.5650024414062,893.7797546386719,3470.4258422851562,900.0,1.0268085134157445e-05,Nematocera
5171,4000.0160232186317,1158.6581726074219,4031.496753692627,1263.7727355957031,1.0242099961033091e-05,Nematocera
5172,2000.0052094459534,2369.0122680664062,2006.4970417022705,2457.6867065429688,1.0175925126532093e-05,Nematocera
5173,2552.419906616211,3450.1129760742188,2606.881118774414,3456.0,1.0170491805183701e-05,Nematocera
5174,2224.2937622070312,2904.811813354492,2270.7278747558594,2955.0733032226562,1.012424490909325e-05,Nematocera
5175,4507.880889892578,2890.979766845703,4555.473724365234,2900.0,1.0124089385499246e-05,Nematocera
5176,2616.0074768066406,1294.2364196777344,2685.3350524902344,1300.0,1.0104885404871311e-05,Nematocera
5177,4448.8466796875,1291.0699768066406,4502.624755859375,1300.0,1.0088862836710177e-05,Nematocera
5178,4491.998382568359,2055.748748779297,4499.8970947265625,2099.847900390625,1.0087168448080774e-05,Nematocera
5179,1519.1483154296875,1219.6422729492188,1585.6844482421875,1286.8149719238281,1.007780429063132e-05,Nematocera
5180,878.3282165527344,3437.7042236328125,900.0,3455.7635803222656,1.0071184078697115e-05,Nematocera
5181,470.00938415527344,493.4021911621094,514.2270660400391,500.0,1.006950424198294e-05,Nematocera
5182,4000.0139236450195,103.19194793701172,4031.316131591797,185.20761108398438,9.990485523303505e-06,Nematocera
5183,528.5614929199219,3293.9656372070312,593.0873870849609,3300.0,9.966247489501256e-06,Nematocera
5184,1056.8369140625,78.53734588623047,1109.9197692871094,117.4825439453125,9.963216143660247e-06,Nematocera
5185,3453.2269439697266,2891.7247924804688,3491.297821044922,2900.0,9.83770951279439e-06,Nematocera
5186,3756.8558044433594,3446.9725341796875,3796.6385803222656,3456.0,9.82969140750356e-06,Nematocera
5187,800.0059787184,282.9046325683594,805.88440990448,363.0931396484375,9.805095032788813e-06,Nematocera
5188,1254.8970832824707,2956.0376783311367,1308.1957321166992,2964.2372274398804,9.766832590685226e-06,Nematocera
5189,3200.0,388.5968322753906,3228.092456817627,473.85633850097656,9.752918231242802e-06,Nematocera
5190,1872.979736328125,3447.455352783203,1959.1232299804688,3456.0,9.733005754242186e-06,Nematocera
5191,1017.1590881347656,400.0470131635666,1104.452880859375,415.47493171691895,9.726771168061532e-06,Nematocera
5192,813.2153511047363,489.94122314453125,899.87451171875,500.0,9.725490599521436e-06,Nematocera
5193,3895.2916259765625,2800,3959.8489685058594,2806.7161798477173,9.707597200758755e-06,Nematocera
5194,816.96266746521,2090.6161193847656,899.1589279174805,2100.0,9.666670848673675e-06,Nematocera
5195,3200,2000.0608123838902,3237.7838973999023,2010.567190170288,9.662237971497234e-06,Nematocera
5196,4108.081938505173,1200.0,4127.252712249756,1265.3104553222656,9.533691809338052e-06,Nematocera
5197,517.7364807128906,1435.3412170410156,566.5588531494141,1523.2474670410156,9.517993930785451e-06,Nematocera
5198,800,1623.9695129394531,805.8365759849548,1700.0,9.50749745243229e-06,Nematocera
5199,1661.6465454101562,1344.5471801757812,1700.0,1408.3178253173828,9.487797797191888e-06,Nematocera
5200,4601.190002441406,1221.9148635864258,4608.0,1294.650245666504,9.429921192349866e-06,Nematocera
5201,3810.5952758789062,1200,3890.251495361328,1206.6038665771484,9.420851711183786e-06,Nematocera
5202,800.0,2311.5433959960938,835.5704193115234,2379.635009765625,9.39255733101163e-06,Nematocera
5203,2800.0920459628105,400.17152428627014,2811.497534751892,433.2099494934082,9.376833077112678e-06,Nematocera
5204,2135.484176635742,2800.0,2209.1492614746094,2806.6886835098267,9.365662663185503e-06,Nematocera
5205,3364.3892974853516,3200.8601684570312,3415.7325744628906,3227.821533203125,9.36384003580315e-06,Nematocera
5206,4108.071416795254,2083.0061950683594,4139.609111785889,2099.9107360839844,9.349518222734332e-06,Nematocera
5207,3329.570587158203,890.958740234375,3406.3895263671875,900.0,9.2602931545116e-06,Nematocera
5208,671.7726745605469,1688.6065063476562,760.7476196289062,1700.0,9.23420702747535e-06,Nematocera
5209,3488.9884643554688,2782.6365966796875,3524.602294921875,2802.3617248535156,9.228238923242316e-06,Nematocera
5210,519.1314010620117,5.48555850982666,578.0846405029297,31.91704750061035,9.213526936946437e-06,Nematocera
5211,4108.010300800204,731.49853515625,4113.852911949158,804.4632873535156,9.193269761453848e-06,Nematocera
5212,2743.0140380859375,3444.6378173828125,2814.5185546875,3456.0,9.183850124827586e-06,Nematocera
5213,2800.0003293156624,2201.3046264648438,2821.4340324401855,2293.6705017089844,9.157979548035655e-06,Nematocera
5214,4502.4176025390625,2400.002856552601,4571.441101074219,2407.801003932953,9.068419785762671e-06,Nematocera
5215,3330.0076904296875,400.08429288864136,3384.5787963867188,414.93643379211426,9.065989615919534e-06,Nematocera
5216,1872.5797424316406,3185.756881713867,1933.3208923339844,3223.256866455078,9.037365089170635e-06,Nematocera
5217,4000.0,1457.8108215332031,4015.534499168396,1582.9369201660156,9.022389349411242e-06,Nematocera
5218,298.443115234375,2298.6529235839844,328.80682373046875,2352.8723754882812,8.982579856819939e-06,Nematocera
5219,1510.369873046875,3072.6051635742188,1543.8041687011719,3130.5642700195312,8.975882337836083e-06,Nematocera
5220,2000,233.63323974609375,2006.9521307945251,309.3105773925781,8.96488199941814e-06,Nematocera
5221,400.0,1641.4714965820312,477.1406555175781,1700.0,8.945708032115363e-06,Nematocera
5222,2788.4911499023438,186.90040588378906,2871.4342041015625,259.19097900390625,8.938655810197815e-06,Nematocera
5223,2510.470672607422,942.0474243164062,2556.913345336914,989.1244354248047,8.911019904189743e-06,Nematocera
5224,0.017201155424118042,2855.592918395996,6.406362533569336,2920.8240966796875,8.894829079508781e-06,Nematocera
5225,3200.0231228768826,2684.8299560546875,3206.6011481285095,2754.4326782226562,8.870018064044416e-06,Nematocera
5226,800.0191673636436,2347.157196044922,814.7706327438354,2456.5675659179688,8.83622942637885e-06,Nematocera
5227,2239.2876586914062,2956.10699108243,2294.9949645996094,2964.756823539734,8.828184945741668e-06,Nematocera
5228,4461.271759033203,1200.0521183013916,4562.658355712891,1225.539529800415,8.815296496322844e-06,Nematocera
5229,2800.020617991686,141.84327697753906,2808.1841583251953,225.3825225830078,8.807464837445877e-06,Nematocera
5230,966.4859313964844,3448.2962036132812,1043.6446228027344,3456.0,8.737891221244354e-06,Nematocera
5231,539.8882598876953,884.3987426757812,639.1996459960938,900.0,8.732351489015855e-06,Nematocera
5232,3800.345230102539,2956.0,3886.1722106933594,2962.02348279953,8.714365321793593e-06,Nematocera
5233,691.1228942871094,1930.4710388183594,724.8932495117188,1981.5903625488281,8.690373761055525e-06,Nematocera
5234,288.4441223144531,2952.5416870117188,313.87750244140625,3001.416961669922,8.671505383972544e-06,Nematocera
5235,1328.8385925292969,2088.9151611328125,1398.8499603271484,2099.9068298339844,8.64743378770072e-06,Nematocera
5236,3200.136175751686,1686.4142761230469,3236.428421020508,1699.9601745605469,8.641827662358992e-06,Nematocera
5237,1641.0664443969727,2087.5286254882812,1726.7436065673828,2099.9017639160156,8.640788109914865e-06,Nematocera
5238,1691.8666381835938,1681.7681274414062,1699.7872009277344,1699.7750244140625,8.610903023509309e-06,Nematocera
5239,2202.490280151367,2885.8869705200195,2247.643798828125,2945.905563354492,8.609285941929556e-06,Nematocera
5240,251.89356994628906,3279.7349853515625,371.1633605957031,3300.0,8.588890523242299e-06,Nematocera
5241,2400.0210009515285,2085.1355590820312,2407.053394794464,2177.1295013427734,8.562155926483683e-06,Nematocera
5242,3320.5712661743164,3447.468048095703,3374.073013305664,3455.9971313476562,8.540820999769494e-06,Nematocera
5243,4108.0,510.60972595214844,4122.353397369385,600.5133666992188,8.534959306416567e-06,Nematocera
5244,1244.1767463684082,3449.7010803222656,1307.386001586914,3456.0,8.51175263960613e-06,Nematocera
5245,1003.3291320800781,2885.685661315918,1049.8466033935547,2931.989028930664,8.511549822287634e-06,Nematocera
5246,4602.49072265625,725.3628845214844,4608.0,802.9722290039062,8.437439646513667e-06,Nematocera
5247,2800,480.17578125,2814.229148864746,499.81689453125,8.386987246922217e-06,Nematocera
5248,3600.0,3289.004180908203,3609.4849281311035,3401.5853576660156,8.370278919755947e-06,Nematocera
5249,1155.8951416015625,1290.4349365234375,1214.3686218261719,1300.0,8.314896149386186e-06,Nematocera
5250,1711.3824844360352,801.4772027730942,1769.033935546875,822.231315612793,8.304277798742987e-06,Nematocera
5251,1292.0057678222656,1743.1063232421875,1300.0,1837.283462524414,8.211970452975947e-06,Nematocera
5252,1676.3233795166016,1518.6413879394531,1717.9968719482422,1538.5384521484375,8.189274922187906e-06,Nematocera
5253,3200,2090.172149658203,3272.457977294922,2100.0,8.155606337822974e-06,Nematocera
5254,1200.014603883028,1375.4425964355469,1210.286434173584,1459.8044738769531,8.111740498861764e-06,Nematocera
5255,2599.4203491210938,28.82080078125,2641.112091064453,62.33716583251953,8.109715054160915e-06,Nematocera
5256,3605.608612060547,2088.836181640625,3665.2426147460938,2099.990936279297,8.094986696960405e-06,Nematocera
5257,1214.0204906463623,1737.0372009277344,1298.3932647705078,1795.9808807373047,8.086306479526684e-06,Nematocera
5258,1972.8621520996094,800.0231549143791,2019.995412826538,815.5307712554932,8.068527677096426e-06,Nematocera
5259,4000.0112995505333,1972.4256591796875,4009.1806116104126,2078.43017578125,8.015509592951275e-06,Nematocera
5260,1430.8692169189453,2065.0264053344727,1552.1607360839844,2120.1197662353516,8.006081770872697e-06,Nematocera
5261,4027.7608947753906,3290.7003479003906,4099.683380126953,3300.0,7.993250619620085e-06,Nematocera
5262,3297.8011779785156,800.0305458903313,3351.9366912841797,812.8692150115967,7.977965651662089e-06,Nematocera
5263,2544.3731842041016,1292.5193786621094,2597.6094818115234,1299.993896484375,7.90945159678813e-06,Nematocera
5264,800.0198729336262,1250.493968963623,806.7432918548584,1311.4897232055664,7.908304723969195e-06,Nematocera
5265,1902.3485107421875,2886.6292114257812,1982.5772399902344,2900.0,7.888058462413028e-06,Nematocera
5266,3286.308380126953,2879.4157104492188,3299.9119873046875,2899.9116821289062,7.865808584028855e-06,Nematocera
5267,643.9918518066406,2000.018048286438,693.0451354980469,2026.7339057922363,7.77962850406766e-06,Nematocera
5268,1289.38037109375,3269.923309326172,1299.9142761230469,3299.811065673828,7.755486876703799e-06,Nematocera
5269,1612.9118347167969,800.0077269971371,1673.5250854492188,808.1813116073608,7.745183211227413e-06,Nematocera
5270,441.0264015197754,891.635498046875,530.3333435058594,900.0,7.702262337261345e-06,Nematocera
5271,400.0175602734089,3052.107955932617,406.5419239997864,3150.2410888671875,7.688627192692365e-06,Nematocera
5272,4489.634094238281,1600.1347914338112,4542.986053466797,1604.5181164741516,7.638184797542635e-06,Nematocera
5273,4505.861328125,400.04998594522476,4589.959014892578,412.8795623779297,7.598958291055169e-06,Nematocera
5274,3421.7052001953125,3449.231689453125,3465.344482421875,3456.0,7.586597803310724e-06,Nematocera
5275,400.00535547733307,2400.0,406.5543518066406,2500.169708251953,7.568286036985228e-06,Nematocera
5276,757.6006774902344,43.32258224487305,802.075439453125,109.04209899902344,7.520821327489102e-06,Nematocera
5277,4330.031997680664,2501.7801513671875,4349.954727172852,2554.1702575683594,7.488778464903589e-06,Nematocera
5278,44.16341781616211,0.296638548374176,101.81161499023438,5.363621711730957,7.4869153650070075e-06,Nematocera
5279,3200.1049175858498,2800,3216.461450576782,2820.439395904541,7.476148311980069e-06,Nematocera
5280,601.043701171875,3294.1832885742188,653.7623443603516,3300.0,7.47188596506021e-06,Nematocera
5281,1126.8150329589844,1686.3667602539062,1213.1511840820312,1700.0,7.444964012393029e-06,Nematocera
5282,2400.1046031713486,2481.8335571289062,2432.261703491211,2499.9869384765625,7.443948106811149e-06,Nematocera
5283,2000,3249.5798950195312,2011.0469398498535,3300.0,7.434477083734237e-06,Nematocera
5284,1461.4522094726562,2400.0,1571.7828369140625,2417.0477199554443,7.281788839463843e-06,Nematocera
5285,891.7760925292969,3166.9342651367188,899.9917602539062,3247.6605529785156,7.2354573603661265e-06,Nematocera
5286,884.2863159179688,880.7421569824219,899.9937133789062,899.8392028808594,7.219735380203929e-06,Nematocera
5287,3208.8948364257812,1294.0171203613281,3295.875732421875,1300.0,7.190827091108076e-06,Nematocera
5288,3623.107421875,490.50164794921875,3667.7185821533203,499.9056396484375,7.190676114987582e-06,Nematocera
5289,0.0,2982.388671875,7.385183811187744,3124.9336853027344,7.164152066252427e-06,Nematocera
5290,3950.2548217773438,2956.0110507011414,4026.154510498047,2968.891936302185,7.130556241463637e-06,Nematocera
5291,2503.9476776123047,401.37436985969543,2568.264907836914,415.3538017272949,7.127863227651687e-06,Nematocera
5292,2000.0206589698792,2080.7975997924805,2005.7439165115356,2149.806686401367,7.126354375941446e-06,Nematocera
5293,420.4194927215576,1687.9156188964844,516.7467498779297,1700.0,7.114640538929962e-06,Nematocera
5294,649.2300567626953,489.5486755371094,722.2341918945312,499.7833251953125,7.102227755240165e-06,Nematocera
5295,52.25534439086914,1688.3587036132812,121.10873413085938,1699.350341796875,7.100399670889601e-06,Nematocera
5296,2803.2691366672516,3064.2789001464844,2825.0791664123535,3114.9585571289062,7.0730416155129205e-06,Nematocera
5297,1201.6979932785034,400.00521019101143,1285.471809387207,409.04505443573,7.048518000374315e-06,Nematocera
5298,2400,2456.9083557128906,2416.029586791992,2500.0,7.0346709435398225e-06,Nematocera
5299,4551.43701171875,3447.4703979492188,4607.816131591797,3455.9453125,7.020757038844749e-06,Nematocera
5300,4546.516418457031,1735.6696319580078,4575.619903564453,1754.6893615722656,6.974084953981219e-06,Nematocera
5301,2080.9547424316406,3249.0663452148438,2099.9881591796875,3300.0,6.897615548950853e-06,Nematocera
5302,1029.5722045898438,2888.3226928710938,1104.1097717285156,2900.0,6.895839760545641e-06,Nematocera
5303,3406.1390380859375,2092.571258544922,3468.1397399902344,2099.9884643554688,6.893117642903235e-06,Nematocera
5304,1428.6947784423828,493.53369140625,1501.6898193359375,500.0,6.871444838907337e-06,Nematocera
5305,3810.1793212890625,3284.8628540039062,3886.0999145507812,3299.58642578125,6.868503533041803e-06,Nematocera
5306,3493.143798828125,1600.8002787828445,3563.3588256835938,1629.1843185424805,6.857547305116896e-06,Nematocera
5307,3181.7086791992188,2800.0536136329174,3248.1471557617188,2809.5641498565674,6.852343176433351e-06,Nematocera
5308,749.7507934570312,1471.6582336425781,774.2230529785156,1491.212646484375,6.8264225774328224e-06,Nematocera
5309,4000.015886873007,670.8739318847656,4006.367214679718,744.4522705078125,6.79488266541739e-06,Nematocera
5310,2178.4171142578125,1692.6177062988281,2226.3226013183594,1699.9669189453125,6.791358828195371e-06,Nematocera
5311,4280.819549560547,2986.793560028076,4302.617248535156,3065.4840774536133,6.7851437961508054e-06,Nematocera
5312,828.8800601959229,3204.1217193603516,947.1052703857422,3230.8146362304688,6.756539278285345e-06,Nematocera
5313,400.0352695584297,1345.0535278320312,420.02606201171875,1474.6677856445312,6.754265086783562e-06,Nematocera
5314,1009.4095764160156,2871.906280517578,1062.2632446289062,2899.48388671875,6.741169727320084e-06,Nematocera
5315,1630.3306102752686,3292.5558166503906,1710.690284729004,3300.0,6.734204362146556e-06,Nematocera
5316,3492.1022033691406,3292.9639892578125,3584.0985717773438,3300.0,6.731539997417713e-06,Nematocera
5317,2491.261474609375,3025.6290283203125,2500.0,3115.5200958251953,6.729793312842958e-06,Nematocera
5318,4552.297515869141,2268.0074462890625,4598.808380126953,2330.3717041015625,6.719314569636481e-06,Nematocera
5319,1600.0162653625011,1208.0642223358154,1607.547945022583,1290.0297393798828,6.718398253724445e-06,Nematocera
5320,2000.0,2482.583953857422,2032.614875793457,2499.8595581054688,6.696955551888095e-06,Nematocera
5321,4320.288177490234,2400.0307887792587,4379.466613769531,2427.152576446533,6.677842520730337e-06,Nematocera
5322,2506.143226623535,1775.8346710205078,2549.837905883789,1831.7962646484375,6.672431482002139e-06,Nematocera
5323,4108.016114860773,3175.0238494873047,4115.199409484863,3264.746368408203,6.638563263550168e-06,Nematocera
5324,4000,1343.0841369628906,4007.1318073272705,1446.4958190917969,6.628472874581348e-06,Nematocera
5325,2400.0217370688915,1896.927978515625,2405.952763557434,2005.2049255371094,6.617558028665371e-06,Nematocera
5326,3494.258270263672,0.12442469596862793,3548.5001220703125,8.1624116897583,6.564063369296491e-06,Nematocera
5327,1415.3827209472656,1692.2627563476562,1478.5840148925781,1700.0,6.559114353876794e-06,Nematocera
5328,267.59033203125,891.5311889648438,325.6372985839844,900.0,6.557412689289777e-06,Nematocera
5329,2121.726058959961,491.1984558105469,2208.808807373047,500.0,6.539869445987279e-06,Nematocera
5330,400.00099167227745,3039.5670623779297,406.3536777496338,3101.6217041015625,6.511622359539615e-06,Nematocera
5331,2093.389404296875,203.80300903320312,2100.0,256.6416320800781,6.4950622800097335e-06,Nematocera
5332,569.819091796875,0.18412470817565918,617.9667663574219,4.594345569610596,6.491934982477687e-06,Nematocera
5333,2072.5484924316406,886.4211120605469,2099.8742065429688,899.8522644042969,6.461650627898052e-06,Nematocera
5334,3140.169952392578,2427.0997638702393,3200.4696350097656,2480.6573486328125,6.461631528509315e-06,Nematocera
5335,2892.998992919922,2817.8667907714844,2900.0,2889.9081115722656,6.440708602895029e-06,Nematocera
5336,4389.203369140625,1200.07636398077,4456.699676513672,1207.9305334091187,6.375624252541456e-06,Nematocera
5337,4423.139678955078,2087.3292541503906,4523.212493896484,2100.0,6.294679224083666e-06,Nematocera
5338,4409.978668212891,2893.754150390625,4457.0443115234375,2900.0,6.250472324609291e-06,Nematocera
5339,762.0683288574219,760.14404296875,816.6252136230469,839.0828552246094,6.219618171598995e-06,Nematocera
5340,2122.149299621582,800.0781483948231,2188.437774658203,812.2795429229736,6.217542704689549e-06,Nematocera
5341,104.48655700683594,2400.1832231879234,186.19496154785156,2409.454972267151,6.189943178469548e-06,Nematocera
5342,1009.7390594482422,2804.244112968445,1070.5939636230469,2833.824546813965,6.13436168350745e-06,Nematocera
5343,1010.2071228027344,52.068946838378906,1075.3441467285156,87.9081039428711,6.113605650170939e-06,Nematocera
5344,2759.7191772460938,3078.9660034179688,2795.9541931152344,3128.951644897461,6.093745014368324e-06,Nematocera
5345,4599.576568603516,68.56893920898438,4608.0,181.01400756835938,6.080265393393347e-06,Nematocera
5346,1656.694911956787,1532.7278747558594,1708.4538955688477,1548.8700256347656,6.064681201678468e-06,Nematocera
5347,1728.3435363769531,800.0881195068359,1803.880126953125,812.7810373306274,6.057682185200974e-06,Nematocera
5348,489.0473327636719,2878.3389892578125,499.86334228515625,2899.8426513671875,6.015719009155873e-06,Nematocera
5349,0.13572126626968384,796.4200134277344,24.849037170410156,872.1366882324219,5.995221272314666e-06,Nematocera
5350,2832.2490234375,2956.0037599354982,2890.652130126953,2961.273482322693,5.963174771750346e-06,Nematocera
5351,1369.3806457519531,2502.304801940918,1441.4640502929688,2564.4927825927734,5.944795248069568e-06,Nematocera
5352,2977.3126831054688,645.4259643554688,3021.874786376953,685.5655822753906,5.926686299062567e-06,Nematocera
5353,2843.5601234436035,400.003382563591,2900.615119934082,405.1464467048645,5.9111071095685475e-06,Nematocera
5354,4108.456085801125,2483.7396545410156,4139.298976898193,2499.8706665039062,5.89709861742449e-06,Nematocera
5355,1600.018286705017,1079.7658386230469,1606.7841758728027,1163.5569458007812,5.891870387131348e-06,Nematocera
5356,4600.216979980469,536.8802337646484,4608.0,631.6078948974609,5.890594820812112e-06,Nematocera
5357,947.9008026123047,800.0253520905972,1014.525146484375,808.5707101821899,5.875923307030462e-06,Nematocera
5358,1361.3041381835938,1291.5259399414062,1426.7640075683594,1300.0,5.800327016913798e-06,Nematocera
5359,1600.016475468874,1481.4312133789062,1606.5200881958008,1561.9645080566406,5.71425880480092e-06,Nematocera
5360,2086.8661499023438,482.53564453125,2099.8916015625,499.8490295410156,5.5806640375521965e-06,Nematocera
5361,4054.582359313965,1308.6091537475586,4093.767417907715,1330.281997680664,5.518325906450627e-06,Nematocera
5362,686.4056701660156,711.4668884277344,743.7785034179688,766.8343505859375,5.516405508387834e-06,Nematocera
5363,2560.897750854492,2.1661341190338135,2628.1947631835938,22.33506965637207,5.4852498578839e-06,Nematocera
5364,400.24187564849854,889.2594299316406,431.0882091522217,899.9501342773438,5.481046173372306e-06,Nematocera
5365,4015.6228942871094,1600,4079.9007568359375,1625.729009628296,5.470554697240004e-06,Nematocera
5366,490.218505859375,879.2770385742188,499.8710021972656,899.7467041015625,5.455482551042223e-06,Nematocera
5367,4108.000010430813,1725.6362915039062,4115.81044960022,1826.4798889160156,5.451202014228329e-06,Nematocera
5368,4163.100509643555,1292.0341491699219,4211.3212890625,1299.9864501953125,5.4478555284731556e-06,Nematocera
5369,1209.235990524292,0.12679845094680786,1285.6630172729492,7.5017290115356445,5.437495019577909e-06,Nematocera
5370,892.345947265625,1521.2335205078125,900.0,1575.0914916992188,5.421862624643836e-06,Nematocera
5371,4363.487487792969,400.0625841319561,4472.1165771484375,407.7638921737671,5.378996775107225e-06,Nematocera
5372,1456.6954650878906,880.2269058227539,1520.904541015625,954.0820159912109,5.318617240845924e-06,Nematocera
5373,464.74515533447266,2800.151863694191,538.7510375976562,2837.7248306274414,5.317146587913157e-06,Nematocera
5374,2541.3492126464844,374.2519836425781,2579.947280883789,394.8050842285156,5.299761596688768e-06,Nematocera
5375,2492.917694091797,3097.372039794922,2500.0,3204.7122497558594,5.297801180859096e-06,Nematocera
5376,800.0169530510902,403.0013122558594,808.1926975250244,467.2755126953125,5.285694896883797e-06,Nematocera
5377,2344.4288635253906,400.7239267230034,2406.3768005371094,419.76931381225586,5.2510822570184246e-06,Nematocera
5378,2000.0361129641533,1485.4512634277344,2007.1225867271423,1544.1573486328125,5.247527496976545e-06,Nematocera
5379,608.3317718505859,2800.084213167429,666.2622375488281,2808.0814123153687,5.224393589742249e-06,Nematocera
5380,730.7115478515625,681.8861389160156,779.3905334472656,692.6435852050781,5.210680228628917e-06,Nematocera
5381,4520.996398925781,2693.2213439941406,4567.237396240234,2732.9833374023438,5.2092591431573965e-06,Nematocera
5382,1899.3931884765625,1600.2257943153381,1963.7680053710938,1630.150520324707,5.192959633859573e-06,Nematocera
5383,4065.4441833496094,2808.6429681777954,4107.571098327637,2827.9956550598145,5.178262654226273e-06,Nematocera
5384,527.2513122558594,171.4653778076172,577.4844360351562,240.9420928955078,5.167513336346019e-06,Nematocera
5385,1200.0286504626274,1426.379867553711,1206.5229167938232,1522.5678405761719,5.107748620503116e-06,Nematocera
5386,1482.0188598632812,4.24349308013916,1520.8922424316406,28.854978561401367,5.095303095004056e-06,Nematocera
5387,4353.948089599609,1600.295451283455,4379.0167236328125,1633.6838989257812,5.087534646008862e-06,Nematocera
5388,400,740.1426391601562,414.00365257263184,821.4405517578125,5.0569728955451865e-06,Nematocera
5389,1600.0348389148712,361.8211669921875,1605.670385837555,436.9962158203125,5.032105946156662e-06,Nematocera
5390,1002.1881866455078,3348.030731201172,1056.7175598144531,3405.6356811523438,5.031400178268086e-06,Nematocera
5391,152.84271240234375,890.4638671875,204.76400756835938,900.0,5.017026069253916e-06,Nematocera
5392,2960.31787109375,800.9546637535095,3010.7259979248047,828.1723709106445,4.9917462092707865e-06,Nematocera
5393,1200.028259307146,2094.46728515625,1205.9150695800781,2148.8431701660156,4.983883172826609e-06,Nematocera
5394,2277.3179626464844,1600.0,2349.8802490234375,1618.6056671142578,4.961319518770324e-06,Nematocera
5395,565.5886840820312,554.947021484375,611.0740966796875,597.5839538574219,4.946390617988072e-06,Nematocera
5396,1784.3016967773438,1692.0728149414062,1848.148681640625,1699.9873657226562,4.912772510579089e-06,Nematocera
5397,400.0090882182121,835.4063110351562,407.1855754852295,899.5159301757812,4.897663075098535e-06,Nematocera
5398,2277.2933959960938,802.8627820014954,2341.8843383789062,823.1583480834961,4.876922503171954e-06,Nematocera
5399,2400.11076182127,1600,2412.9818620681763,1620.982328414917,4.862539299210766e-06,Nematocera
5400,1464.6231689453125,1288.8980712890625,1537.9796142578125,1299.8836669921875,4.80338303532335e-06,Nematocera
5401,2826.4041748046875,1529.5909423828125,2858.62158203125,1571.3577880859375,4.797660039912444e-06,Nematocera
5402,0.020389258861541748,359.37518310546875,14.075506210327148,450.3931884765625,4.748440915136598e-06,Nematocera
5403,4461.2618408203125,3000.711196899414,4504.158874511719,3074.694305419922,4.728562089439947e-06,Nematocera
5404,3532.1851501464844,488.41534423828125,3582.8284912109375,499.8695373535156,4.710145276476396e-06,Nematocera
5405,1676.09423828125,2216.265823364258,1698.8208618164062,2250.438735961914,4.688069566327613e-06,Nematocera
5406,4222.240447998047,2000.0183291733265,4280.539520263672,2005.7894525527954,4.683761744672665e-06,Nematocera
5407,4108.029280781746,400.1270443201065,4125.145851135254,429.83459281921387,4.669481313612778e-06,Nematocera
5408,2000,1282.7883605957031,2018.769302368164,1299.7855224609375,4.667370831157314e-06,Nematocera
5409,1168.9812316894531,488.9925842285156,1243.2797546386719,499.9665222167969,4.634247943613445e-06,Nematocera
5410,892.4866638183594,2800,899.9132995605469,2844.711898803711,4.580921540764393e-06,Nematocera
5411,1600.0202223658562,2621.193405151367,1608.1810674667358,2706.5094604492188,4.475863534025848e-06,Nematocera
5412,4556.879089355469,1200.0904891639948,4607.004699707031,1206.1380643844604,4.471464762900723e-06,Nematocera
5413,4459.251037597656,1675.1678466796875,4499.852355957031,1700.0,4.466120572033105e-06,Nematocera
5414,2258.611785888672,2000.0,2327.9754638671875,2006.1377158164978,4.416290721565019e-06,Nematocera
5415,1519.9107666015625,2378.099639892578,1567.329345703125,2424.063018798828,4.308556526666507e-06,Nematocera
5416,4311.992492675781,2057.952880859375,4356.848205566406,2100.0,4.212897692923434e-06,Nematocera
5417,400.2003461122513,1694.985984802246,438.8878479003906,1772.9539337158203,4.210456154396525e-06,Nematocera
5418,1310.9364776611328,1277.549072265625,1354.752944946289,1298.1757202148438,4.193913355265977e-06,Nematocera
5419,4108,2883.3903198242188,4121.408538818359,2899.8742065429688,4.1927291931642685e-06,Nematocera
5420,4244.168182373047,1600.1188188791275,4280.844482421875,1606.7239227294922,4.181891199550591e-06,Nematocera
5421,4108.0671945512295,2492.4177169799805,4117.019320487976,2588.9232635498047,4.17619639847544e-06,Nematocera
5422,721.0795288085938,490.224365234375,807.1545715332031,500.0,4.118691322219092e-06,Nematocera
5423,2400.5804270505905,1373.1347961425781,2428.1724071502686,1426.483627319336,4.117450316698523e-06,Nematocera
5424,2000.0190816819668,2289.5013427734375,2007.9070148468018,2369.3282470703125,4.110729150852421e-06,Nematocera
5425,0,143.35755920410156,6.600257873535156,237.88833618164062,4.09952463087393e-06,Nematocera
5426,1427.0579376220703,2890.2609252929688,1482.4664916992188,2900.0,4.092356903129257e-06,Nematocera
5427,0.008909404277801514,3172.6670837402344,6.525005340576172,3275.8760986328125,4.058914782945067e-06,Nematocera
5428,1909.5082702636719,400.0382795929909,1983.1075134277344,409.9753532409668,4.053851171192946e-06,Nematocera
5429,667.7828369140625,322.2775573730469,730.9299011230469,369.3240051269531,4.039976374770049e-06,Nematocera
5430,1157.0505981445312,1954.00439453125,1195.6268310546875,1967.9388122558594,3.987046056863619e-06,Nematocera
5431,3118.71875,1916.3611755371094,3177.514434814453,1958.0745849609375,3.976064817834413e-06,Nematocera
5432,4530.738555908203,1693.0022277832031,4598.269287109375,1700.0,3.958516572311055e-06,Nematocera
5433,950.7541656494141,1978.61669921875,987.9087677001953,2005.6915893554688,3.9338333408522885e-06,Nematocera
5434,1200.1586735248566,460.580810546875,1234.0305519104004,499.9380187988281,3.9082633520592935e-06,Nematocera
5435,1693.0013732910156,392.63629150390625,1700.0,460.3216247558594,3.89368733522133e-06,Nematocera
5436,188.9766845703125,2956.133356451988,252.28720092773438,2962.3086705207825,3.8919497455935925e-06,Nematocera
5437,4108.064550340176,2400.3573775291443,4132.824520111084,2459.687660217285,3.887290858983761e-06,Nematocera
5438,1200.0118382275105,161.78341674804688,1207.9290971755981,247.9689178466797,3.841683792416006e-06,Nematocera
5439,3351.711196899414,3294.443572998047,3420.3837127685547,3300.0,3.8361195038305596e-06,Nematocera
5440,1510.6803894042969,2534.4930725097656,1561.7394409179688,2571.796661376953,3.7551117202383466e-06,Nematocera
5441,96.58470153808594,263.5733947753906,137.25738525390625,291.170166015625,3.709983730004751e-06,Nematocera
5442,4000.032937526703,400,4021.697103500366,419.84790229797363,3.6038559301232453e-06,Nematocera
5443,385.38824462890625,0.11269152164459229,458.07598876953125,6.943729400634766,3.5928949273511535e-06,Nematocera
5444,3542.4434814453125,2800.043322890997,3598.1543579101562,2810.144048690796,3.4195618354715407e-06,Nematocera
5445,3272.8782653808594,3292.9707641601562,3355.2318115234375,3300.0,3.408722932363162e-06,Nematocera
5446,1200,2567.596389770508,1207.2278051376343,2672.1589965820312,3.4074064387823455e-06,Nematocera
5447,756.6094970703125,1600,810.5007629394531,1605.6224265098572,3.3906574117281707e-06,Nematocera
5448,0.015673786401748657,1451.8236083984375,6.317494869232178,1543.0785217285156,3.3718902159307618e-06,Nematocera
5449,608.8287353515625,2092.9027709960938,687.3292846679688,2100.0,3.3390135740773985e-06,Nematocera
5450,400.0032678246498,2074.953887939453,413.0060729980469,2099.797119140625,3.3323235584248323e-06,Nematocera
5451,1906.5236206054688,890.1756286621094,1973.2348327636719,899.953857421875,3.30023226524645e-06,Nematocera
5452,1600.1542389392853,872.9116516113281,1632.1571235656738,899.853515625,3.195116050846991e-06,Nematocera
5453,538.0407867431641,2093.633331298828,606.3552398681641,2100.0,2.81388179246278e-06,Nematocera
5454,325.744140625,0.5646616220474243,390.91888427734375,17.646015167236328,2.5431538688280853e-06,Nematocera
5455,891.3197631835938,1222.4644775390625,4608.0,3454.697021484375,0.5581378936767578,Odonata
5456,738.1920166015625,0.0,3343.6611328125,1563.039306640625,0.4317299425601959,Odonata
5457,0.0,0.2908081114292145,2113.686767578125,1423.19775390625,0.3370564877986908,Odonata
5458,2800.0,400.0,3299.5997314453125,923.2947082519531,0.2714831531047821,Odonata
5459,884.7437133789062,826.4141845703125,3554.8935546875,3261.07568359375,0.20756272971630096,Odonata
5460,3240.006103515625,444.9410095214844,4608.0,3385.13818359375,0.20247282087802887,Odonata
5461,3565.0619201660156,1200.0,4100.0,1712.7021789550781,0.1822809875011444,Odonata
5462,2400.0,1200.0,2912.4509201049805,1717.3640975952148,0.1804405301809311,Odonata
5463,2501.046875,2796.2913818359375,4593.60009765625,3455.439208984375,0.11726847290992737,Odonata
5464,660.3814697265625,777.6173095703125,1928.0511474609375,2789.991455078125,0.09079328924417496,Odonata
5465,2407.204580307007,718.2601013183594,2977.4271697998047,1300.0,0.08296217769384384,Odonata
5466,2800.0,1600.0,3300.0,2148.6292877197266,0.08028500527143478,Odonata
5467,3200.0,2749.2034912109375,3735.810302734375,3296.015594482422,0.07103266566991806,Odonata
5468,2400.0,2000.0,2900.0,2595.1571044921875,0.0698617622256279,Odonata
5469,3190.0679931640625,2001.7142295837402,3711.0706939697266,2586.9606323242188,0.058801278471946716,Odonata
5470,0.0,1070.140869140625,900.7826538085938,3379.85107421875,0.057249587029218674,Odonata
5471,3125.544403076172,1170.9683837890625,3699.4415893554688,1636.2431640625,0.05535668879747391,Odonata
5472,3177.5844116210938,1600.0,3700.0,2100.0,0.055283304303884506,Odonata
5473,3907.447509765625,2707.3159790039062,4608.0,3453.66650390625,0.04873534291982651,Odonata
5474,0.0,2007.2236328125,1818.1484375,3456.0,0.04797566682100296,Odonata
5475,1569.6583251953125,1557.8207397460938,2100.0,2100.0,0.04634898528456688,Odonata
5476,2400.0,1600.0,2952.316207885742,2100.0,0.04265836626291275,Odonata
5477,1600.0,308.36614990234375,2120.8726501464844,900.0,0.038773782551288605,Odonata
5478,1976.4386291503906,1511.4540710449219,2489.3349609375,1878.5859985351562,0.03757523372769356,Odonata
5479,3600.0,2336.7158813476562,4104.710304260254,2900.0,0.03520813211798668,Odonata
5480,3600.263833999634,800.0,4100.0,1300.0,0.030817918479442596,Odonata
5481,3503.464324951172,306.81536865234375,3984.346710205078,899.9474487304688,0.030801646411418915,Odonata
5482,3147.6650390625,2717.5382385253906,3529.1542053222656,3368.828338623047,0.025874368846416473,Odonata
5483,3925.3914489746094,2000.0,4602.49072265625,2573.930877685547,0.024805668741464615,Odonata
5484,2000.0,2400.0,2524.303726196289,2900.0,0.02459835447371006,Odonata
5485,3517.3272399902344,1600.0,4100.0,2146.632614135742,0.0243094339966774,Odonata
5486,3191.134307861328,1505.14453125,3700.0,1700.0,0.02164556086063385,Odonata
5487,0.0,0.0,1015.2294311523438,1349.7705383300781,0.021508457139134407,Odonata
5488,2800.0,1552.6002807617188,3300.0,1774.9925689697266,0.019287817180156708,Odonata
5489,693.2889404296875,2251.75830078125,2624.364990234375,3456.0,0.01779576949775219,Odonata
5490,3978.5439453125,0.0,4605.631134033203,1814.725830078125,0.017433440312743187,Odonata
5491,0.0,0.0,777.4776000976562,1059.5394287109375,0.01696905866265297,Odonata
5492,3625.93150138855,256.2453308105469,4113.9267578125,599.1192626953125,0.016790274530649185,Odonata
5493,1980.29736328125,2800.0,2532.64697265625,3448.625,0.014657124876976013,Odonata
5494,3600.0,2000.0,4099.790130615234,2500.0,0.01455493550747633,Odonata
5495,400.0,1200.0,986.7353973388672,1788.2987670898438,0.013602128252387047,Odonata
5496,4000.0,2400.0,4608.0,2901.3865509033203,0.0122229540720582,Odonata
5497,796.022705078125,1041.3756103515625,1601.6435546875,2787.15576171875,0.011535530909895897,Odonata
5498,3755.0519409179688,1183.2537536621094,4422.683898925781,1700.0,0.011531487107276917,Odonata
5499,475.19812774658203,882.956169128418,960.3524780273438,1322.9787826538086,0.010621398687362671,Odonata
5500,1600.0,1901.885498046875,2100.0,2474.0824279785156,0.010263989679515362,Odonata
5501,1143.3467407226562,351.919677734375,1700.0,861.3617553710938,0.010044201277196407,Odonata
5502,0.0,1600.0,562.0197906494141,2127.4741287231445,0.009304596111178398,Odonata
5503,1200.0,1704.8891525268555,1700.0,2100.0,0.00884329155087471,Odonata
5504,800.0,1034.414794921875,1996.63916015625,1789.808837890625,0.008709226734936237,Odonata
5505,3232.3307037353516,2400.0,3733.180618286133,2900.0,0.008699096739292145,Odonata
5506,1600.0,2138.093276977539,2100.0,2509.0947036743164,0.007636093534529209,Odonata
5507,2987.0824279785156,2400.0,3584.349334716797,2900.0,0.007558489218354225,Odonata
5508,11.085891723632812,2800.0,560.4768676757812,3355.163818359375,0.007431800942867994,Odonata
5509,4218.439682006836,1733.450439453125,4608.0,2889.999755859375,0.006930166389793158,Odonata
5510,2400.0,2824.025344848633,2900.0,3284.565155029297,0.006519956514239311,Odonata
5511,1600.0,1801.6242980957031,2157.5360565185547,2159.5806427001953,0.006410183850675821,Odonata
5512,2088.9943084716797,0.6283760070800781,2603.3719787597656,535.0850524902344,0.006093963049352169,Odonata
5513,2671.32568359375,3288.5128479003906,4478.607421875,3456.0,0.0059541333466768265,Odonata
5514,1169.7160034179688,2740.946258544922,1698.158447265625,3145.940155029297,0.00587020069360733,Odonata
5515,4000.0,1118.9282531738281,4608.0,1700.0,0.005763201974332333,Odonata
5516,2800.0,2000.0,3300.0,2500.0,0.0056828828528523445,Odonata
5517,2497.205825805664,2800.0,3056.114501953125,3456.0,0.00502393301576376,Odonata
5518,3927.2605895996094,734.4660339355469,4427.970794677734,1300.0,0.0045673600398004055,Odonata
5519,3510.825927734375,677.2297973632812,4100.0,982.5377044677734,0.0045161680318415165,Odonata
5520,3851.381103515625,2856.65087890625,4608.0,3455.9596252441406,0.004275962244719267,Odonata
5521,3101.7098388671875,800.0,3525.6734313964844,1300.0,0.004170186817646027,Odonata
5522,0.0,26.565719604492188,522.6908416748047,500.0,0.004113104194402695,Odonata
5523,3549.437225341797,2000.0,3991.196533203125,2395.7592163085938,0.004097791854292154,Odonata
5524,906.0986328125,2071.5337295532227,1699.7331237792969,2785.185302734375,0.004059568978846073,Odonata
5525,959.0827026367188,727.4631958007812,1924.25244140625,1536.249267578125,0.003972784616053104,Odonata
5526,4010.833740234375,400.0,4460.790069580078,869.9292297363281,0.0035781445913016796,Odonata
5527,2400.0,2400.0,2907.80184173584,2968.801986694336,0.00349531602114439,Odonata
5528,0.0,2000.0,556.8942718505859,2563.920913696289,0.0033732729498296976,Odonata
5529,902.7390441894531,2400.0,1300.0,2814.7381286621094,0.0032769234385341406,Odonata
5530,1200.0,1186.3801879882812,1700.0,1658.670654296875,0.003254806390032172,Odonata
5531,4000.0,400.0,4608.0,998.5863342285156,0.0032044611871242523,Odonata
5532,3600.026798248291,2671.2568359375,4100.0,2968.1050872802734,0.0032036479096859694,Odonata
5533,2684.9120483398438,1130.3784790039062,3006.3524017333984,1700.0,0.0031063107308000326,Odonata
5534,2711.8803100585938,1925.9454650878906,3086.6182250976562,2320.5829467773438,0.0028614888433367014,Odonata
5535,400.0,800.0,832.3956604003906,1352.154769897461,0.002821067115291953,Odonata
5536,3465.4849548339844,0.0,3936.3021240234375,500.0,0.0027181231416761875,Odonata
5537,4094.7921142578125,1507.0946655273438,4608.0,1931.8244934082031,0.0027011644560843706,Odonata
5538,3957.901336669922,400.0,4179.373321533203,701.3659973144531,0.002667525317519903,Odonata
5539,3941.5624084472656,2400.0,4221.611862182617,2900.0,0.0025950060226023197,Odonata
5540,400.0,2602.4837036132812,900.0,3067.4580993652344,0.0025397806894034147,Odonata
5541,1586.2158508300781,800.0,2100.0,1357.6465606689453,0.002526628552004695,Odonata
5542,2306.6531982421875,1129.54443359375,2772.8775024414062,1600.3799438476562,0.002413756912574172,Odonata
5543,2000.0,749.0315246582031,2517.3285598754883,1300.0,0.002264755079522729,Odonata
5544,2891.3897552490234,741.8395690917969,3389.6978302001953,1002.3099365234375,0.002178481314331293,Odonata
5545,1600.0,1285.0874404907227,2132.6841430664062,1700.0,0.0021439366973936558,Odonata
5546,3200.2278327941895,573.0132141113281,3700.0,1061.9214477539062,0.002094895811751485,Odonata
5547,29.305553436279297,2400.0,554.4996948242188,2966.5543060302734,0.0020848209969699383,Odonata
5548,1945.7160034179688,3139.916030883789,2495.3240356445312,3456.0,0.002078032586723566,Odonata
5549,1600.0,69.84033203125,2100.0,500.0,0.0020614424720406532,Odonata
5550,3139.5601196289062,0.0,3603.142364501953,310.3118896484375,0.0020249304361641407,Odonata
5551,3600.0,2865.574119567871,3818.8890380859375,3456.0,0.0019027484813705087,Odonata
5552,4000.0,1509.825927734375,4416.251129150391,1830.5138397216797,0.0017366714309901,Odonata
5553,2017.3802490234375,1685.5323791503906,2500.0,2100.0,0.001676151412539184,Odonata
5554,401.623010635376,2001.4240741729736,897.7096557617188,2351.339111328125,0.0016639711102470756,Odonata
5555,4330.216751098633,17.430578231811523,4608.0,1642.845458984375,0.001625037519261241,Odonata
5556,2760.5317993164062,2372.024688720703,3289.4525146484375,2837.0154418945312,0.001620578346773982,Odonata
5557,2001.188564300537,1222.6567993164062,2500.0,1700.0,0.0015927759231999516,Odonata
5558,0.0,1203.9027099609375,352.5310363769531,2500.0,0.0015506631461903453,Odonata
5559,1064.9441223144531,2000.0,1404.2501983642578,2500.0,0.0015221424400806427,Odonata
5560,400.07572174072266,2897.7249298095703,974.2719879150391,3450.319580078125,0.001495559816248715,Odonata
5561,3600.0,0.0,4100.0,294.64849853515625,0.001385252340696752,Odonata
5562,3901.0415649414062,1558.2331237792969,4207.067199707031,2100.0,0.0013831345131620765,Odonata
5563,2000.4271984100342,1827.74072265625,2499.8562927246094,2178.8009033203125,0.0012599666370078921,Odonata
5564,3609.941291809082,1090.606201171875,4107.138320922852,1401.2203674316406,0.0012456023832783103,Odonata
5565,3293.5176849365234,1268.16796875,3698.0907592773438,1700.0,0.0012441598810255527,Odonata
5566,4000.0,800.0,4608.0,1343.4696197509766,0.0012307614088058472,Odonata
5567,2400.0,323.456298828125,2907.3159561157227,773.9895324707031,0.0012126623187214136,Odonata
5568,2000.0,1132.8809814453125,2500.0,1416.4226531982422,0.0011827326379716396,Odonata
5569,3171.7824096679688,254.2786102294922,3664.3631591796875,845.0990295410156,0.0011534288059920073,Odonata
5570,1517.6607971191406,2800.0,2037.994140625,3300.0,0.0011282750638201833,Odonata
5571,400.0,1200.0,784.4148254394531,1769.1959686279297,0.0011277571320533752,Odonata
5572,1130.244384765625,1510.3197631835938,1699.6297302246094,1923.0914916992188,0.001117425854317844,Odonata
5573,400.0,1682.6435089111328,900.0,2141.7658081054688,0.0010877879103645682,Odonata
5574,2468.8980560302734,19.11960792541504,2900.0,499.1451416015625,0.0010851961560547352,Odonata
5575,2800.0,400.0,2995.2483825683594,780.184326171875,0.00105404166970402,Odonata
5576,0.0,2822.5834369659424,375.1766357421875,3455.5808715820312,0.0010141939856112003,Odonata
5577,3115.1796264648438,2467.7743911743164,3497.1119995117188,2900.0,0.0010002604685723782,Odonata
5578,2800.0,2491.923095703125,3300.0,2939.189926147461,0.0009513539262115955,Odonata
5579,1600.0,2563.4102783203125,2097.7056884765625,3039.3675994873047,0.000941209786105901,Odonata
5580,2802.3879051208496,1200.0,3299.8173828125,1445.4365692138672,0.0009035755065269768,Odonata
5581,2000.0,158.16188049316406,2410.9152221679688,498.7436218261719,0.0008967577014118433,Odonata
5582,3600.0,2400.0,3835.4270935058594,2899.427947998047,0.0008828535792417824,Odonata
5583,2000.0,361.88848876953125,2500.1651306152344,805.1079406738281,0.0008816985646262765,Odonata
5584,400.0,306.49102783203125,900.0,785.067138671875,0.0008565063471905887,Odonata
5585,3340.3438110351562,800.0,3911.9505310058594,1300.0,0.0008187497151084244,Odonata
5586,2825.513792037964,938.40283203125,3300.0,1388.6063690185547,0.0008146670297719538,Odonata
5587,3200.0,3342.5423278808594,3670.908203125,3456.0,0.0007986728451214731,Odonata
5588,1508.8756713867188,2312.8601684570312,1984.96875,2838.412841796875,0.0007816245197318494,Odonata
5589,1723.059310913086,2315.7718811035156,2117.6504287719727,2838.0401611328125,0.0007794343982823193,Odonata
5590,1902.4412841796875,2703.036346435547,2360.1758422851562,3169.7958984375,0.0007539834477938712,Odonata
5591,2400.0,2762.880859375,2817.1548461914062,3112.1760864257812,0.0007381766336038709,Odonata
5592,1244.2322731018066,1367.9572143554688,1699.8414611816406,1699.9353942871094,0.0007168623269535601,Odonata
5593,3929.584014892578,1909.7152099609375,4326.082855224609,2270.659881591797,0.0007132768514566123,Odonata
5594,735.4033508300781,0.6226778030395508,1245.8325500488281,500.0,0.0007002998609095812,Odonata
5595,800.0,2740.2491455078125,1300.0,3067.7514038085938,0.0006978641613386571,Odonata
5596,1200.0,2400.0,1349.6891479492188,2900.0,0.0006871808436699212,Odonata
5597,1304.359245300293,2526.4613189697266,1700.0,2900.0,0.0006854205275885761,Odonata
5598,400.0,1600.0,833.9922790527344,2006.1222534179688,0.0006828284822404385,Odonata
5599,1536.7557983398438,3117.058807373047,2100.0,3456.0,0.0006539056194014847,Odonata
5600,3200.24573802948,800.0,3519.9129943847656,999.9744110107422,0.000627096917014569,Odonata
5601,400.0,712.1593017578125,984.0442352294922,1168.5001220703125,0.0006259444635361433,Odonata
5602,2409.4100952148438,3211.6036071777344,2959.253936767578,3456.0,0.0006107267690822482,Odonata
5603,1946.815673828125,1600.0,2178.9041442871094,2099.537384033203,0.0006099478923715651,Odonata
5604,442.39140701293945,2793.174835205078,963.0893402099609,2900.0,0.0006060245796106756,Odonata
5605,400.0,2329.8242797851562,890.3014526367188,2773.9127502441406,0.0006038843421265483,Odonata
5606,717.6219482421875,400.0,1186.3829956054688,747.6343688964844,0.0006008229102008045,Odonata
5607,1601.2654781341553,508.174560546875,2100.0,951.8881530761719,0.0005965607124380767,Odonata
5608,2000.0,1997.3043212890625,2270.8532104492188,2371.1437072753906,0.0005872373003512621,Odonata
5609,3516.265899658203,1118.607177734375,3910.9331970214844,1591.8863220214844,0.0005870229797437787,Odonata
5610,2940.3585510253906,3016.2291564941406,3309.532402038574,3456.0,0.0005811822484247386,Odonata
5611,1669.7736282348633,3290.8831176757812,2099.673309326172,3456.0,0.0005744405789300799,Odonata
5612,1173.3846740722656,1908.5873107910156,1693.2994995117188,2312.189239501953,0.0005634059780277312,Odonata
5613,2150.3882446289062,3202.3773193359375,2588.9791107177734,3456.0,0.0005441733519546688,Odonata
5614,1079.4476928710938,2800.0,1590.8988342285156,3455.3274536132812,0.0005299866897985339,Odonata
5615,2000.0,0.0,2500.0,260.0887756347656,0.0005157364066690207,Odonata
5616,2469.973663330078,2800.0,2900.0,3181.226348876953,0.0004792570252902806,Odonata
5617,0.0,1601.44522190094,177.22830200195312,2100.0,0.00046666566049680114,Odonata
5618,733.4939880371094,2338.9295654296875,1090.7855224609375,2732.888641357422,0.00046276478678919375,Odonata
5619,1302.804946899414,0.0,1972.6711120605469,462.3906555175781,0.00045873734052293,Odonata
5620,724.4203491210938,2697.393524169922,1113.4173889160156,3137.9249877929688,0.00045772388693876565,Odonata
5621,3802.812057495117,417.6725387573242,4083.460479736328,693.9677124023438,0.00045756949111819267,Odonata
5622,2400.0492334365845,2323.363739013672,2900.0,2655.2971801757812,0.00045717821922153234,Odonata
5623,2000,2000.011670589447,2179.4583587646484,2056.754337310791,0.00044823484495282173,Odonata
5624,2000.0,290.8398132324219,2214.85400390625,681.9194946289062,0.00044798178714700043,Odonata
5625,2089.8320693969727,400.0,2640.4253997802734,900.0,0.0004353273252490908,Odonata
5626,2095.910987854004,2750.932586669922,2500.0,2986.5032806396484,0.00043443957110866904,Odonata
5627,0.0,735.9609680175781,402.6869812011719,1162.1319885253906,0.0004326640337239951,Odonata
5628,1615.0504350662231,1200.0,2103.0385818481445,1642.2133483886719,0.0004326186899561435,Odonata
5629,684.2247009277344,1600.0,1211.3444213867188,2100.0,0.00042923667933791876,Odonata
5630,0.0,0.0,221.8020477294922,500.0,0.00041334799607284367,Odonata
5631,1909.4371337890625,1121.924560546875,2302.1031494140625,1673.1450500488281,0.00040741017437539995,Odonata
5632,172.16525268554688,713.2885131835938,592.9400634765625,987.3108978271484,0.00039316253969445825,Odonata
5633,3656.0252685546875,139.81570434570312,3700.0,500.0,0.0003911042877007276,Odonata
5634,2364.9847412109375,800.0,2800.850860595703,1300.0,0.00038792521809227765,Odonata
5635,3939.4041442871094,3079.3659744262695,4205.896499633789,3456.0,0.0003834074886981398,Odonata
5636,1733.7856140136719,2587.5272216796875,2100.0,2974.199966430664,0.0003654166648630053,Odonata
5637,2342.9017639160156,1732.8148803710938,2786.3190307617188,2191.117919921875,0.0003639802453108132,Odonata
5638,2354.96826171875,1600.0,2560.3245544433594,2100.0,0.00036159518640488386,Odonata
5639,1202.0798206329346,161.61216735839844,1700.0,520.0294723510742,0.0003613691369537264,Odonata
5640,3965.1004638671875,3238.8766174316406,4312.749267578125,3300.0,0.0003574695438146591,Odonata
5641,3570.136199951172,0.0,3860.5201110839844,269.0496520996094,0.0003550880937837064,Odonata
5642,2451.796615600586,1022.8628234863281,2900.0,1390.6431427001953,0.00035434309393167496,Odonata
5643,2401.081371307373,1995.0874938964844,2900.0,2245.2015838623047,0.00035181621205992997,Odonata
5644,1146.8952026367188,0.0,1628.8414916992188,418.0198059082031,0.0003423463203944266,Odonata
5645,1340.7047271728516,1962.7801513671875,1790.1465911865234,2395.0548400878906,0.00034155056346207857,Odonata
5646,3861.7999877929688,0.0,4228.754180908203,342.306396484375,0.0003344057477079332,Odonata
5647,1200.05624294281,800.1217484474182,1501.6600952148438,1241.6095581054688,0.0003311740583740175,Odonata
5648,0.0,2711.7833251953125,386.7333068847656,2964.504119873047,0.00032211787765845656,Odonata
5649,400.0,2800.0,632.8506011962891,3341.9818725585938,0.0003211939474567771,Odonata
5650,3529.5374755859375,2983.5468463897705,3959.210235595703,3456.0,0.0003120703040622175,Odonata
5651,903.2057800292969,1600.0,1371.4042053222656,2018.4829711914062,0.0003111303667537868,Odonata
5652,400.0,758.9375610351562,720.06982421875,1055.5248260498047,0.0003079035959672183,Odonata
5653,1200.0,1677.8284530639648,1390.4785614013672,2100.0,0.00030629796674475074,Odonata
5654,2800.0,2846.0558547973633,3007.2369995117188,3182.7442626953125,0.00030386869912035763,Odonata
5655,3618.609666824341,1200.09383559227,4030.6528930664062,1299.9920959472656,0.00029913766775280237,Odonata
5656,2205.4061431884766,2026.2469177246094,2499.5328979492188,2100.0,0.00029846085817553103,Odonata
5657,2800.0,3074.827781677246,3170.797119140625,3456.0,0.00029768332024104893,Odonata
5658,0.0,2381.8776245117188,379.7911682128906,2781.8641052246094,0.0002935513330157846,Odonata
5659,2800.0,800.0,3196.024169921875,1163.3975219726562,0.0002935029333457351,Odonata
5660,3600.0,3330.3759765625,4074.3626708984375,3456.0,0.0002870858006644994,Odonata
5661,3478.2815856933594,800.0,3748.604507446289,1067.9931030273438,0.0002860206295736134,Odonata
5662,4000.0,0.0,4608.0,184.16094970703125,0.0002830107696354389,Odonata
5663,2841.2210578918457,844.9871215820312,3222.782989501953,899.8903198242188,0.00027759341173805296,Odonata
5664,4381.340118408203,2746.1942749023438,4608.0,3450.87890625,0.00026949765742756426,Odonata
5665,745.0919189453125,2000.0,995.3079528808594,2500.0,0.0002685972722247243,Odonata
5666,1600.3763914108276,754.1082763671875,2087.8656311035156,1058.9207458496094,0.00025889769312925637,Odonata
5667,4209.445297241211,396.2823486328125,4608.0,753.1684265136719,0.00025548168923705816,Odonata
5668,2400.0,800.0,2656.0418090820312,1007.3084106445312,0.00024258947814814746,Odonata
5669,3200.0,2000.0,3592.3076171875,2263.733612060547,0.00023819036141503602,Odonata
5670,1721.0907363891602,2800.0,2100.0,3313.3746337890625,0.0002381860394962132,Odonata
5671,2350.462127685547,0.0,2772.5711669921875,258.5709228515625,0.00023472144675906748,Odonata
5672,1598.6715698242188,1200.0,1779.3946990966797,1622.4796142578125,0.00023432387388311327,Odonata
5673,4332.139221191406,2892.380760192871,4608.0,3245.8006896972656,0.00023220347065944225,Odonata
5674,3747.2037200927734,2000.0,4096.01904296875,2287.3223876953125,0.00023099251848179847,Odonata
5675,1300.7335662841797,2956.0,1688.4461975097656,3121.0184783935547,0.00022915466979611665,Odonata
5676,1355.8165588378906,2176.573486328125,1700.0,2567.3941802978516,0.00022726038878317922,Odonata
5677,2467.7256240844727,0.0,2984.892578125,258.70648193359375,0.00022647711739409715,Odonata
5678,4000.2848982810974,2400.9948015213013,4250.006484985352,2715.671112060547,0.00022560943034477532,Odonata
5679,1524.3449096679688,2800.0,1759.5039367675781,3454.3985900878906,0.00022090839047450572,Odonata
5680,0.0,2405.5115461349487,120.66898345947266,2983.857681274414,0.00021750025916844606,Odonata
5681,2774.559814453125,2782.9773559570312,3057.382293701172,3052.2743225097656,0.00021609461691696197,Odonata
5682,2400.0,3043.9576721191406,2785.5997924804688,3456.0,0.00020987869356758893,Odonata
5683,811.8948698043823,2687.2765502929688,1136.2592163085938,2898.6412963867188,0.00020947324810549617,Odonata
5684,4000,1636.9410400390625,4403.749359130859,1700.0,0.00020629496430046856,Odonata
5685,3862.9424438476562,1572.3343811035156,4100.0,1700.0,0.00020491251780185848,Odonata
5686,2400.0,2522.608039855957,2665.480987548828,2874.4024353027344,0.00020475957717280835,Odonata
5687,1537.3722534179688,316.3969421386719,1796.9471282958984,729.6743469238281,0.00020362919894978404,Odonata
5688,3200.0,400.0,3700.0,641.8778381347656,0.00020224085892550647,Odonata
5689,1290.4163360595703,3201.883514404297,1700.0,3300.0,0.00020070387108717114,Odonata
5690,1935.9234313964844,0.0,2388.024139404297,430.0348205566406,0.0001991394383367151,Odonata
5691,2000.0,1340.288101196289,2319.0048828125,1699.2322387695312,0.00019753862579818815,Odonata
5692,2400.093948841095,400.31933784484863,2541.5612030029297,595.7958526611328,0.00019665552827063948,Odonata
5693,2800.0,1527.1752014160156,3139.696258544922,1798.4686279296875,0.00019623839762061834,Odonata
5694,3859.3154907226562,0.0,4099.80078125,500.0,0.0001893974986160174,Odonata
5695,2444.8742866516113,473.9912872314453,2919.668388366699,900.0,0.00018644696683622897,Odonata
5696,4206.267318725586,1274.2586288452148,4608.0,1700.0,0.00018580823962111026,Odonata
5697,2400.0,3066.4624252319336,2899.5942993164062,3300.0,0.00018395499500911683,Odonata
5698,415.38336277008057,2314.078369140625,886.5755615234375,2494.7088317871094,0.00018249827553518116,Odonata
5699,3294.417808532715,2000.0,3700.0,2153.853790283203,0.0001815478753997013,Odonata
5700,3535.8345336914062,2400.0,3760.5719146728516,2588.5490112304688,0.00017852560267783701,Odonata
5701,0.0,338.61041259765625,143.6932373046875,786.1784973144531,0.00017583307635504752,Odonata
5702,407.2664260864258,98.83699035644531,900.0,497.2747802734375,0.00017546411254443228,Odonata
5703,800.0,1860.099609375,1299.747314453125,2226.434799194336,0.00017544721777085215,Odonata
5704,1860.295166015625,1140.3708801269531,2100.0,1300.0,0.0001730642543407157,Odonata
5705,3158.1754150390625,1284.1556091308594,3331.601577758789,1700.0,0.00017195854161400348,Odonata
5706,2400.0383138656616,2648.174530029297,2516.0202865600586,3050.816925048828,0.00016661066911183298,Odonata
5707,331.15997314453125,1200.0,891.9241943359375,1522.278076171875,0.00015860670828260481,Odonata
5708,362.4088439941406,0.0,782.0292053222656,174.78753662109375,0.00015399452240671962,Odonata
5709,4304.710067749023,2394.850311279297,4608.0,2628.0089416503906,0.0001436406746506691,Odonata
5710,1209.556245803833,2956.8862257003784,1700.0,3249.0986938476562,0.00014312073471955955,Odonata
5711,3600.0,3208.7677001953125,3969.2246704101562,3389.8370666503906,0.00014180240395944566,Odonata
5712,0.0,0.0,318.814453125,258.5173645019531,0.00013826713257003576,Odonata
5713,2709.3233947753906,1956.9324645996094,2900.0,2420.3390197753906,0.00013810321979690343,Odonata
5714,2331.130828857422,1287.9471740722656,2544.9818725585938,1725.7149200439453,0.00013435682922136039,Odonata
5715,1997.8638305664062,2497.2395401000977,2144.540985107422,2900.0,0.00013392948312684894,Odonata
5716,1549.5597839355469,1273.3278274536133,1746.76123046875,1700.0,0.00013315590331330895,Odonata
5717,0.0,3037.9176635742188,387.5689392089844,3456.0,0.00013005810615140945,Odonata
5718,763.7824401855469,1649.2355346679688,1201.5581970214844,2099.4283752441406,0.00012840783165302128,Odonata
5719,0.0,2800.0,175.49533081054688,3029.791732788086,0.00012691578012891114,Odonata
5720,4071.609405517578,2511.018035888672,4100.0,2850.578582763672,0.0001263457234017551,Odonata
5721,618.4457702636719,400.0,900.0,856.7788696289062,0.00012563510972540826,Odonata
5722,80.15098571777344,3140.546127319336,500.0,3404.137908935547,0.00012300607340876013,Odonata
5723,1504.8170166015625,1555.706787109375,1700.0,1953.0965881347656,0.0001225845335284248,Odonata
5724,768.5515441894531,2487.7290267944336,952.7272186279297,2900.0,0.00011735105363186449,Odonata
5725,1156.3159790039062,2800.0,1484.8538818359375,3093.8441772460938,0.00011684378114296123,Odonata
5726,2793.1165771484375,2136.8399658203125,2912.338150024414,2500.0,0.00011610297224251553,Odonata
5727,4370.513671875,1190.8190307617188,4608.0,1484.5567626953125,0.00011568325135158375,Odonata
5728,3160.754913330078,2979.5288619995117,3339.663604736328,3452.5597229003906,0.00011547825852176175,Odonata
5729,3196.221160888672,479.92445373535156,3597.3988037109375,896.7527465820312,0.0001152916593127884,Odonata
5730,4340.738494873047,0.0,4608.0,299.7697448730469,0.0001144896014011465,Odonata
5731,0.0,455.3072204589844,79.74254608154297,900.0,0.00011430372978793457,Odonata
5732,3.0599117279052734,800.149416923523,407.66949462890625,900.0,0.00010878004832193255,Odonata
5733,3404.8190155029297,3346.960723876953,3699.887664794922,3455.8282470703125,0.0001080305955838412,Odonata
5734,2935.971160888672,1244.4787979125977,3288.2589416503906,1699.6786193847656,0.00010785634367493913,Odonata
5735,2775.436981201172,0.13980865478515625,2972.332229614258,368.40936279296875,0.00010779639706015587,Odonata
5736,2400.0,2400.0,2549.2112579345703,2849.0653381347656,0.0001074869287549518,Odonata
5737,1142.38037109375,3260.3502197265625,1697.2074584960938,3456.0,0.00010731854854384437,Odonata
5738,1298.3965911865234,0.0,1699.3434448242188,74.2508544921875,0.00010699657286750153,Odonata
5739,2267.2081909179688,1600.0,2500.0,1843.3946838378906,0.00010655884398147464,Odonata
5740,4442.8076171875,5.836212158203125,4608.0,757.5612182617188,0.00010514754831092432,Odonata
5741,1149.9224548339844,1173.509033203125,1348.029312133789,1700.0,9.896578558254987e-05,Odonata
5742,1545.856201171875,2438.9751892089844,1808.1170349121094,2900.0,9.584086365066469e-05,Odonata
5743,1551.2117919921875,108.4166030883789,1706.986213684082,500.0,9.488873911323026e-05,Odonata
5744,4241.092971801758,2138.907974243164,4608.0,2499.835205078125,8.980265556601807e-05,Odonata
5745,4108.0,3113.306610107422,4216.1708908081055,3455.6800842285156,8.948124741436914e-05,Odonata
5746,2784.0125732421875,864.8191909790039,3200.687225341797,1300.0,8.695243013789877e-05,Odonata
5747,4489.128967285156,2800.0,4608.0,2850.127281188965,8.22664296720177e-05,Odonata
5748,0.0,942.3060760498047,198.4856414794922,1476.5068664550781,8.066515147220343e-05,Odonata
5749,0.0,1283.5031051635742,226.99696350097656,1777.1966094970703,7.878948235884309e-05,Odonata
5750,667.2855834960938,2353.0870361328125,900.0,2721.0028076171875,7.831808034097776e-05,Odonata
5751,2000.0,474.8761672973633,2500.0,900.0,7.723391900071874e-05,Odonata
5752,1417.8543090820312,3290.5469970703125,1699.99609375,3455.862579345703,7.64532305765897e-05,Odonata
5753,1608.7857723236084,0.039774179458618164,1966.0147705078125,90.28112030029297,7.497238402720541e-05,Odonata
5754,2402.557063102722,628.0951080322266,2893.652862548828,892.2898864746094,7.330704102059826e-05,Odonata
5755,1952.4125366210938,2133.033462524414,2211.475082397461,2500.0,7.253808144014329e-05,Odonata
5756,1383.970932006836,2027.6768798828125,1698.19287109375,2099.8860473632812,7.238406396936625e-05,Odonata
5757,4323.939910888672,2112.3581314086914,4500.0,2500.0,7.059697963995859e-05,Odonata
5758,1787.3646240234375,800.0,2124.283576965332,1300.0,6.810259219491854e-05,Odonata
5759,2405.2592039108276,3356.9058532714844,2742.8729858398438,3455.6732788085938,6.80040247971192e-05,Odonata
5760,3232.9987030029297,1131.7823791503906,3700.0,1300.0,6.706486601615325e-05,Odonata
5761,400.0,2400.0,577.7082672119141,2637.7733154296875,6.692163879051805e-05,Odonata
5762,730.7623291015625,851.6245346069336,987.0753021240234,1300.2936248779297,6.611333810724318e-05,Odonata
5763,1235.7355117797852,2104.6647186279297,1700.0,2497.7777404785156,6.569352262886241e-05,Odonata
5764,4108.0,3299.050537109375,4241.082733154297,3456.0,6.496630521724e-05,Odonata
5765,1128.8780822753906,1391.0696105957031,1300.0,1700.0,6.341488187899813e-05,Odonata
5766,86.01498413085938,3047.511276245117,635.4933929443359,3456.0,6.33415111224167e-05,Odonata
5767,1164.1087951660156,2628.4303588867188,1312.8599166870117,2899.3472595214844,6.317705992842093e-05,Odonata
5768,800.0,1926.9647827148438,1234.008544921875,2115.2108154296875,6.193480658112094e-05,Odonata
5769,3239.369918823242,0.0,3700.0,236.68446350097656,6.174332520458847e-05,Odonata
5770,709.07421875,2444.1027870178223,891.7372894287109,2779.450714111328,6.0941521951463073e-05,Odonata
5771,1824.2412567138672,3015.225654602051,2183.33544921875,3456.0,6.091357136028819e-05,Odonata
5772,3761.613052368164,70.17896270751953,4095.560791015625,292.1876525878906,6.079165177652612e-05,Odonata
5773,3200.094413757324,121.8436279296875,3363.7596740722656,376.399169921875,6.046066482667811e-05,Odonata
5774,800.0,1155.0612487792969,1300.0,1367.2784881591797,5.9644622524501756e-05,Odonata
5775,4000.0,1318.5771942138672,4393.964813232422,1700.0,5.957015309832059e-05,Odonata
5776,1735.4737701416016,2956.0,2100.0,3245.678985595703,5.828203575219959e-05,Odonata
5777,1200.0,1200.0,1507.5621643066406,1268.5518112182617,5.697551750927232e-05,Odonata
5778,4108,0.16564130783081055,4252.260040283203,84.0201644897461,5.62963068659883e-05,Odonata
5779,3800.324249267578,481.01548767089844,4100.0,899.4339904785156,5.6284228776348755e-05,Odonata
5780,1923.1410217285156,800.0,2099.965576171875,995.6882019042969,5.448702722787857e-05,Odonata
5781,4529.381195068359,444.13829040527344,4608.0,868.8873291015625,5.3642277634935454e-05,Odonata
5782,2073.9515991210938,2800.0,2454.8219299316406,2859.159980773926,5.332396904123016e-05,Odonata
5783,2000.10644197464,2005.5366039276123,2100.0,2405.0594482421875,5.2443010645220056e-05,Odonata
5784,3192.6214294433594,481.66976165771484,3300.0,900.0,5.0993156037293375e-05,Odonata
5785,4000,1131.7010498046875,4148.943572998047,1300.0,5.065795630798675e-05,Odonata
5786,864.829345703125,400.0,1284.7035522460938,499.5070495605469,5.0491031288402155e-05,Odonata
5787,2462.94083404541,1200.0,2899.91015625,1274.071548461914,4.946352419210598e-05,Odonata
5788,400.0,2000.0,605.0287170410156,2397.035675048828,4.880307096755132e-05,Odonata
5789,2400.121068954468,1600.315237045288,2749.180694580078,1861.7018737792969,4.762947719427757e-05,Odonata
5790,4329.202728271484,400.0,4500.0,793.6008911132812,4.757119313580915e-05,Odonata
5791,3358.477264404297,395.2363586425781,3700.0,499.9151306152344,4.742081728181802e-05,Odonata
5792,864.7306900024414,444.06317138671875,1237.2913208007812,499.9781494140625,4.616994920070283e-05,Odonata
5793,0.021857023239135742,1903.7523193359375,93.38878631591797,2100.0,4.6073539124336094e-05,Odonata
5794,1120.1570129394531,35.33220291137695,1492.7838439941406,498.0516052246094,4.4839649490313604e-05,Odonata
5795,4552.6966552734375,2857.9397201538086,4608.0,3166.0968322753906,4.426493978826329e-05,Odonata
5796,2800,2185.4116973876953,2821.6000328063965,2443.6006469726562,4.337575228419155e-05,Odonata
5797,2800.0,3111.010467529297,3185.7916259765625,3265.711700439453,4.3259922676952556e-05,Odonata
5798,3470.144500732422,0.15076398849487305,3698.1131591796875,174.6563720703125,4.24072532041464e-05,Odonata
5799,1587.8861999511719,502.6198425292969,1700.0,900.0,4.221861672704108e-05,Odonata
5800,708.2352294921875,532.4902954101562,901.7275924682617,899.839599609375,4.1443465306656435e-05,Odonata
5801,4504.874816894531,1200.7006406784058,4608.0,1507.002685546875,4.141557292314246e-05,Odonata
5802,872.0333099365234,3150.349090576172,1300.0,3429.7342224121094,4.10401844419539e-05,Odonata
5803,4073.8740844726562,2642.776107788086,4100.0,2888.3770141601562,4.0735580114414915e-05,Odonata
5804,3603.010630607605,3298.653564453125,3980.349395751953,3444.555389404297,4.0325685404241085e-05,Odonata
5805,2156.2521057128906,3304.7394409179688,2479.5265197753906,3414.230682373047,3.9867867599241436e-05,Odonata
5806,4290.542022705078,1937.4532775878906,4500.0,2246.7244567871094,3.9771075535099953e-05,Odonata
5807,0.19168853759765625,1233.8869552612305,63.92881774902344,1516.4029541015625,3.962362097809091e-05,Odonata
5808,1564.0357360839844,1688.1140213012695,1700.0,2100.0,3.912860120180994e-05,Odonata
5809,2514.6751403808594,2988.634490966797,2825.7261352539062,3273.8270263671875,3.7320358387660235e-05,Odonata
5810,4404.065673828125,2902.946044921875,4542.560150146484,3246.990203857422,3.6988643842050806e-05,Odonata
5811,3520.669158935547,1543.2924194335938,3700.0,1744.8063201904297,3.6871224438073114e-05,Odonata
5812,3884.2799072265625,3268.144561767578,4100.0,3300.0,3.628435297287069e-05,Odonata
5813,2036.6717109680176,2838.0021057128906,2387.1534729003906,2899.8919372558594,3.552862835931592e-05,Odonata
5814,827.5655822753906,2537.445602416992,899.8480834960938,2720.5284729003906,3.548413224052638e-05,Odonata
5815,1600.0,2000.0,1689.6812896728516,2499.3336791992188,3.4722950658760965e-05,Odonata
5816,0.0,1201.1824131011963,317.1175842285156,1347.0536651611328,3.4549375413917005e-05,Odonata
5817,1600,2281.8572387695312,1708.8683853149414,2499.624267578125,3.452974488027394e-05,Odonata
5818,4289.636123657227,718.1353759765625,4555.232147216797,1024.7876586914062,3.365509110153653e-05,Odonata
5819,571.8024291992188,0.054073333740234375,900.0,394.58349609375,3.3226420782739297e-05,Odonata
5820,880.7935028076172,2956.0,1293.3131103515625,3094.9706115722656,3.20924082188867e-05,Odonata
5821,244.72308349609375,2800.0266551971436,496.80682373046875,3002.260452270508,3.1246996513800696e-05,Odonata
5822,0.0,876.6626815795898,63.09391784667969,1274.3238525390625,3.110930265393108e-05,Odonata
5823,0.0,1592.9402770996094,166.88568115234375,1622.9121704101562,3.107434531557374e-05,Odonata
5824,1200.0,2956.0,1544.2755432128906,3045.275360107422,3.081891918554902e-05,Odonata
5825,70.4803466796875,0.021016597747802734,499.04931640625,235.92405700683594,3.048978396691382e-05,Odonata
5826,3200.0,400.0,3265.5889053344727,844.4090270996094,3.0404822609853e-05,Odonata
5827,2761.4261474609375,350.2466125488281,2900.0,500.0,3.0225321097532287e-05,Odonata
5828,1059.2041015625,399.622314453125,1300.0,499.8431701660156,2.9972814445500262e-05,Odonata
5829,800.0032901763916,1200.0,1052.3047485351562,1390.5799560546875,2.972908077936154e-05,Odonata
5830,4226.698265075684,1222.6000785827637,4522.453643798828,1700.0,2.9026776246610098e-05,Odonata
5831,4382.746063232422,1200.0,4500.0,1477.2428894042969,2.882911758206319e-05,Odonata
5832,1961.2048645019531,400,2100.0,792.0234680175781,2.8751965146511793e-05,Odonata
5833,2400.0,3099.119842529297,2588.6647338867188,3260.8970642089844,2.8511794880614616e-05,Odonata
5834,1968.5245361328125,50.7568359375,2100.0,497.0429992675781,2.8271177143324167e-05,Odonata
5835,402.51612663269043,2836.4998779296875,674.830810546875,2900.0,2.7736041374737397e-05,Odonata
5836,1673.7864532470703,2956.0,2004.0462951660156,3087.175018310547,2.647200381034054e-05,Odonata
5837,713.5789794921875,3229.8596801757812,900.0,3456.0,2.616425626911223e-05,Odonata
5838,712.9689331054688,0.0,1027.4319458007812,153.4091339111328,2.6161560526816174e-05,Odonata
5839,3083.783966064453,2493.3718185424805,3299.4673767089844,2900.0,2.604014298412949e-05,Odonata
5840,3565.2996215820312,590.2458190917969,3700.0,898.0966186523438,2.490803672117181e-05,Odonata
5841,4423.726715087891,813.1949663162231,4608.0,1244.9023132324219,2.4230446797446348e-05,Odonata
5842,2919.582077026367,1241.1803741455078,3230.7366943359375,1423.4600067138672,2.3657090423512273e-05,Odonata
5843,3469.0175170898438,3330.6046447753906,3684.8269958496094,3390.8427734375,2.3580532797495835e-05,Odonata
5844,13.108158111572266,2956.0,370.6949157714844,3045.441650390625,2.3526063159806654e-05,Odonata
5845,927.3572463989258,1778.618148803711,1283.7547912597656,2025.5179443359375,2.3275320927496068e-05,Odonata
5846,4398.281005859375,0.017783045768737793,4608.0,305.1703796386719,2.2405438357964158e-05,Odonata
5847,1766.9412078857422,0.019180774688720703,2097.1990661621094,107.01853942871094,2.2269023247645237e-05,Odonata
5848,3217.6820526123047,1053.7175598144531,3567.8348388671875,1298.9622497558594,2.1611036572721787e-05,Odonata
5849,4508.167327880859,2015.4199123382568,4608.0,2500.0,2.135232170985546e-05,Odonata
5850,4579.2471923828125,2730.8763427734375,4607.794860839844,2900.0,2.128872074536048e-05,Odonata
5851,3200.0,318.0260314941406,3349.594711303711,500.0,2.1282408852130175e-05,Odonata
5852,806.3248634338379,1200.0,1263.3391723632812,1275.1231689453125,2.123952617694158e-05,Odonata
5853,3275.3036041259766,3081.2552947998047,3699.9002990722656,3299.9960021972656,2.0783922082046047e-05,Odonata
5854,4472.528503417969,2460.652328491211,4608.0,2784.1287231445312,2.0771994968526997e-05,Odonata
5855,1200,1237.1989135742188,1395.8109588623047,1299.9901733398438,2.0638315618271008e-05,Odonata
5856,2822.817802429199,1305.1251525878906,3242.389678955078,1630.2598876953125,2.0090014004381374e-05,Odonata
5857,822.2621688842773,0.0,1265.5998229980469,165.212158203125,2.0071342078153975e-05,Odonata
5858,3612.69052028656,606.7020416259766,3977.3186645507812,825.5314331054688,1.9959126802859828e-05,Odonata
5859,2469.671676635742,2000.1104593276978,2809.34619140625,2066.557586669922,1.977998726943042e-05,Odonata
5860,140.21839904785156,1201.0483741760254,500.0,1489.4623718261719,1.953758328454569e-05,Odonata
5861,3063.7291564941406,1528.9878845214844,3177.7113037109375,1631.07080078125,1.9493772924761288e-05,Odonata
5862,2893.423553466797,0.0,3285.237030029297,172.20303344726562,1.9466464436845854e-05,Odonata
5863,457.02252197265625,3298.8258361816406,829.1653747558594,3455.4523010253906,1.886267818917986e-05,Odonata
5864,1671.7289428710938,3143.113250732422,1700.0,3363.9855346679688,1.8362039554631338e-05,Odonata
5865,3341.0731506347656,832.3727607727051,3663.5957641601562,1107.0691223144531,1.7244263290194795e-05,Odonata
5866,1032.3861999511719,3022.03653717041,1300.0,3248.6805114746094,1.6318943380611017e-05,Odonata
5867,568.8870849609375,0.0,897.9334411621094,68.39437866210938,1.6104984752018936e-05,Odonata
5868,2074.093994140625,3137.7667541503906,2100.0,3412.8471069335938,1.6098689229693264e-05,Odonata
5869,206.6236572265625,3269.2928466796875,550.9030609130859,3456.0,1.5450434148078784e-05,Odonata
5870,2803.3193588256836,2800.0,3269.4385375976562,2899.264434814453,1.5054898540256545e-05,Odonata
5871,4472.281066894531,81.09917449951172,4608.0,402.82574462890625,1.4866229321341962e-05,Odonata
5872,800.0,800.0,1013.852783203125,898.2119140625,1.4848149476165418e-05,Odonata
5873,4464.8494873046875,2800.343108177185,4500.0,3175.1427307128906,1.4552024367731065e-05,Odonata
5874,1680.6893005371094,3094.024932861328,2032.8099670410156,3261.4515686035156,1.4360904060595203e-05,Odonata
5875,996.7558288574219,1990.8581237792969,1300.0,2099.498321533203,1.3773124919680413e-05,Odonata
5876,3718.8483505249023,3299.9611206054688,3836.941665649414,3343.8578186035156,1.3665525329997763e-05,Odonata
5877,0,3258.805419921875,223.3337860107422,3300.0,1.3113282875565346e-05,Odonata
5878,3263.487480163574,1451.7601013183594,3350.0157165527344,1523.7362060546875,1.3045999367022887e-05,Odonata
5879,0,1200,156.17515563964844,1250.7957229614258,1.2852013242081739e-05,Odonata
5880,4444.845764160156,531.3915252685547,4499.838073730469,761.8742065429688,1.2601909475051798e-05,Odonata
5881,1266.5742874145508,76.60784912109375,1662.4201354980469,306.3690185546875,1.2425732165866066e-05,Odonata
5882,18.909168243408203,0.0,459.25750732421875,188.34710693359375,1.2336044164840132e-05,Odonata
5883,1001.4122467041016,1978.1647644042969,1194.9816589355469,2086.2693786621094,1.1782305591623299e-05,Odonata
5884,748.9359130859375,2801.6314029693604,899.9303894042969,3088.7855529785156,1.1649327461782377e-05,Odonata
5885,3678.387725830078,892.9810485839844,3700.0,1158.1213073730469,1.1528926734172273e-05,Odonata
5886,0.2704203128814697,3303.324920654297,99.54998779296875,3456.0,1.1502723282319494e-05,Odonata
5887,802.0050764083862,3222.427276611328,1300.0,3299.9949340820312,1.1324682418489829e-05,Odonata
5888,1600,2800.4154205322266,1747.9127807617188,3037.003372192383,1.1278521924396046e-05,Odonata
5889,3300.6914596557617,62.284278869628906,3689.7074279785156,314.84613037109375,1.1239373634452932e-05,Odonata
5890,1069.784912109375,3369.6165771484375,1300.0,3455.9288635253906,1.1094267392763868e-05,Odonata
5891,786.2582092285156,2239.142562866211,900.0,2497.723114013672,1.0736110198195092e-05,Odonata
5892,3685.166618347168,1200,3868.7752380371094,1233.0818557739258,1.0191366527578793e-05,Odonata
5893,2000.0,455.622745513916,2500.0,722.6654968261719,1.0066229151561856e-05,Odonata
5894,4454.692169189453,1376.396224975586,4486.3660888671875,1570.1977844238281,1.0054495760414284e-05,Odonata
5895,842.2895660400391,2400,1175.398193359375,2462.2090225219727,9.99553594738245e-06,Odonata
5896,3246.974277496338,2034.1389045715332,3395.3025817871094,2148.201446533203,9.979591595765669e-06,Odonata
5897,1244.9682235717773,2447.2006607055664,1615.2909240722656,2769.380126953125,9.77488343778532e-06,Odonata
5898,515.077766418457,2258.1644897460938,727.9631652832031,2321.6382751464844,9.752909136295784e-06,Odonata
5899,2001.708984375,0,2234.1278533935547,63.193626403808594,9.73444457486039e-06,Odonata
5900,77.34722900390625,1049.7783660888672,144.13375854492188,1160.04638671875,9.434833373234142e-06,Odonata
5901,800.0,3331.199737548828,976.0286560058594,3456.0,9.395397682965267e-06,Odonata
5902,3545.864959716797,1360.9506072998047,3699.897491455078,1611.2133483886719,9.166541531158146e-06,Odonata
5903,1221.8308219909668,0.03879666328430176,1572.8824462890625,79.71319580078125,9.01826933841221e-06,Odonata
5904,4108,3048.8931274414062,4158.760684967041,3409.440673828125,8.676493962411769e-06,Odonata
5905,3843.397186279297,1363.4944458007812,3903.141082763672,1422.5591430664062,8.630148840893526e-06,Odonata
5906,2968.1810302734375,2.521491050720215,3113.8018493652344,89.90599060058594,8.429718945990317e-06,Odonata
5907,4523.970794677734,2400.03205537796,4599.481201171875,2541.1041717529297,8.285174772026949e-06,Odonata
5908,4433.878082275391,3043.890121459961,4524.426910400391,3149.3850708007812,8.192485438485164e-06,Odonata
5909,3084.146942138672,2411.229467391968,3299.1131286621094,2739.2800903320312,8.04576848167926e-06,Odonata
5910,4557.452880859375,3116.50927734375,4608.0,3456.0,8.025805072975345e-06,Odonata
5911,3277.772232055664,3311.5870056152344,3435.575698852539,3378.514862060547,7.905047823442146e-06,Odonata
5912,54.42190170288086,1464.7424011230469,155.11550903320312,1511.4496765136719,7.84039730206132e-06,Odonata
5913,4554.34375,3106.3950805664062,4607.995361328125,3299.755584716797,7.834186362742912e-06,Odonata
5914,2800.498926639557,2554.766555786133,2939.873580932617,2885.979278564453,7.830040885892231e-06,Odonata
5915,1601.7855167388916,3230.1549072265625,1834.6288146972656,3300.0,7.4295230660936795e-06,Odonata
5916,41.01142883300781,800.0509276986122,197.670654296875,812.720627784729,7.389824077108642e-06,Odonata
5917,4372.979461669922,78.01899719238281,4500.0,310.1435546875,7.3828932727337815e-06,Odonata
5918,3600,2800,3787.821517944336,3030.7955780029297,7.311731224035611e-06,Odonata
5919,827.6258239746094,2645.5731353759766,969.0774841308594,2717.0322265625,7.297603588085622e-06,Odonata
5920,4242.640396118164,1483.5469360351562,4499.632080078125,1700.0,7.20441812518402e-06,Odonata
5921,3013.135772705078,3268.8565368652344,3246.8848266601562,3299.4794921875,7.156292667787056e-06,Odonata
5922,4586.799774169922,2800,4608.0,3013.3263549804688,7.14951283953269e-06,Odonata
5923,147.416015625,3167.531021118164,311.4871826171875,3277.874725341797,7.102397376002045e-06,Odonata
5924,4019.0228939056396,3236.7611083984375,4148.292068481445,3289.6688537597656,6.795770786993671e-06,Odonata
5925,481.04180908203125,2152.068405151367,500.0,2377.3851013183594,6.331018084893003e-06,Odonata
5926,864.1998443603516,73.53994750976562,1246.9307861328125,265.35498046875,6.1451178225979675e-06,Odonata
5927,553.0830383300781,2479.3280868530273,711.645263671875,2546.7357330322266,6.131069312687032e-06,Odonata
5928,21.75283432006836,3079.0072860717773,209.73696899414062,3155.177688598633,6.093512638472021e-06,Odonata
5929,4078.2805786132812,3188.8489837646484,4100.0,3439.4332885742188,6.046715952834347e-06,Odonata
5930,439.1105651855469,3229.2865600585938,638.5150909423828,3298.4024658203125,6.015082362864632e-06,Odonata
5931,1879.783447265625,1025.9623718261719,2097.2508544921875,1104.3652648925781,5.991443686070852e-06,Odonata
5932,400.5333423614502,535.5692901611328,725.0939331054688,898.7053833007812,5.986331416352186e-06,Odonata
5933,3813.152786254883,3306.5433654785156,3913.086212158203,3378.1453552246094,5.764460638602031e-06,Odonata
5934,2449.0655059814453,67.87745666503906,2831.3182983398438,252.22567749023438,5.71713644603733e-06,Odonata
5935,4450.42724609375,658.7678833007812,4484.9918212890625,753.0988159179688,5.717071417166153e-06,Odonata
5936,449.245361328125,3102.9991760253906,499.97442626953125,3338.599365234375,5.594230970018543e-06,Odonata
5937,1799.8861389160156,3084.8336791992188,1890.0921936035156,3189.5506286621094,5.524560492631281e-06,Odonata
5938,3848.2557830810547,3326.1958618164062,3993.67919921875,3425.48681640625,5.477696504385676e-06,Odonata
5939,400.69642066955566,3276.0620727539062,713.0357360839844,3437.8482971191406,5.304646037984639e-06,Odonata
5940,4000,3297.6036071777344,4170.489120483398,3337.784149169922,5.268829681881471e-06,Odonata
5941,62.816619873046875,906.0918579101562,188.79466247558594,947.8367156982422,5.1410333981039e-06,Odonata
5942,4408.041046142578,2056.9540634155273,4608.0,2100.0,5.046215392212616e-06,Odonata
5943,0.0,311.94464111328125,155.79258728027344,499.5555419921875,5.0421649575582705e-06,Odonata
5944,1278.6870498657227,1746.010971069336,1687.3695983886719,1911.7403564453125,5.021128345106263e-06,Odonata
5945,4483.824737548828,1819.9312133789062,4499.7432861328125,1956.8660888671875,4.947947672917508e-06,Odonata
5946,3200.0,3231.5107421875,3507.8766174316406,3299.9520263671875,4.886400802206481e-06,Odonata
5947,4446.501403808594,1896.0462951660156,4510.9891357421875,2100.0,4.8412503019790165e-06,Odonata
5948,643.0328369140625,1718.031867980957,848.2857666015625,1768.112075805664,4.65647826786153e-06,Odonata
5949,1454.156494140625,2832.6185302734375,1700.0,2899.700927734375,4.294449354347307e-06,Odonata
5950,3817.9863891601562,254.22901916503906,3954.460418701172,362.38641357421875,4.249042831361294e-06,Odonata
5951,3421.3265380859375,2826.3953247070312,3495.0174865722656,2890.385528564453,0.07814890146255493,Orthoptera
5952,4071.5869140625,2756.9031677246094,4259.622955322266,2966.9026794433594,0.03384896367788315,Orthoptera
5953,3964.209259033203,1287.072021484375,4040.303985595703,1386.5845184326172,0.009371879510581493,Orthoptera
5954,3499.396240234375,2460.2044982910156,3598.412322998047,2499.9677734375,0.005122124683111906,Orthoptera
5955,3930.3521118164062,647.3859558105469,3976.7850952148438,733.8833618164062,0.0032979019451886415,Orthoptera
5956,3960.2660217285156,903.4569473266602,4029.017364501953,992.1773223876953,0.0017457271460443735,Orthoptera
5957,4096.958145141602,2546.487075805664,4170.548362731934,2692.673065185547,0.0011506715090945363,Orthoptera
5958,1520.7160034179688,2943.4110717773438,1580.61083984375,3025.820999145508,0.0005138161941431463,Orthoptera
5959,4031.0826301574707,2800.000476837158,4172.744064331055,2852.6873474121094,0.00030899367993697524,Orthoptera
5960,3671.081314086914,330.7478942871094,3734.1795654296875,397.2864990234375,0.00021179061150178313,Orthoptera
5961,3233.8153686523438,2097.8831329345703,3300.0,2254.3023986816406,0.00014355276653077453,Orthoptera
5962,2994.8977661132812,215.17733764648438,3047.597885131836,293.21441650390625,0.0001044551027007401,Orthoptera
5963,1200.414216518402,400.37169456481934,1331.4941101074219,481.26013946533203,5.838862125528976e-05,Orthoptera
5964,2766.908966064453,2400,2899.915252685547,2463.293014526367,3.74395604012534e-05,Orthoptera
5965,4038.8042907714844,3078.784896850586,4086.1451721191406,3168.166213989258,2.5229341190424748e-05,Orthoptera
5966,3956.9937744140625,2587.0394287109375,4032.5524291992188,2729.570098876953,2.0568661057041027e-05,Orthoptera
5967,2728.5278930664062,3081.3370056152344,2780.323028564453,3155.209243774414,1.278612035093829e-05,Orthoptera
5968,3470.7312927246094,1113.6166076660156,3519.2322692871094,1212.6719360351562,1.1427749086578842e-05,Orthoptera
5969,3257.991455078125,1492.342041015625,3306.8520278930664,1556.2993469238281,1.1235333658987656e-05,Orthoptera
5970,4034.5653076171875,2280.9918823242188,4068.218292236328,2342.8857421875,1.0842222764040343e-05,Orthoptera
5971,1310.4356536865234,800.0,1379.5319519042969,858.4060134887695,9.751066500029992e-06,Orthoptera
5972,1046.0882568359375,830.7094116210938,1584.5562744140625,1169.68603515625,6.813928393967217e-06,Orthoptera
5973,4000,2341.9692993164062,4012.345477104187,2415.7940063476562,6.572074653377058e-06,Orthoptera
5974,4024.7786407470703,2400.2305775880814,4079.61270904541,2417.3013305664062,4.996413736080285e-06,Orthoptera
5975,255.42665100097656,2000.0,323.5548095703125,2102.213539123535,0.012805297039449215,Plecoptera
5976,2704.163818359375,3047.955810546875,3423.666748046875,3290.0439453125,0.008306939154863358,Plecoptera
5977,4000.0,823.6273288726807,4038.373245239258,966.9034576416016,0.007788351271301508,Plecoptera
5978,3370.76318359375,228.08485412597656,3769.888427734375,472.6683044433594,0.0018073493847623467,Plecoptera
5979,179.77806091308594,2009.9295673370361,234.7506561279297,2047.2864074707031,0.0017948090098798275,Plecoptera
5980,1640.0738830566406,2800.0,1700.0,2852.0046997070312,0.0006232300656847656,Plecoptera
5981,2719.496337890625,3214.467254638672,2852.1395263671875,3260.1522521972656,0.00046826311154291034,Plecoptera
5982,3898.4683837890625,1277.1943969726562,3994.2606506347656,1300.0,0.0002522119611967355,Plecoptera
5983,4000.0978589057922,862.9998779296875,4053.6346435546875,923.9638824462891,0.0002336153556825593,Plecoptera
5984,290.9998779296875,2293.8764038085938,311.543701171875,2383.1995849609375,0.00022477010497823358,Plecoptera
5985,3087.0069885253906,2886.809814453125,3162.416778564453,2900.0,0.00020945827418472618,Plecoptera
5986,4561.774658203125,2000.0221729278564,4607.882141113281,2048.753391265869,0.00018724010442383587,Plecoptera
5987,3960.389617919922,1287.1539916992188,4040.5071411132812,1300.0,0.00013548266724683344,Plecoptera
5988,2479.8750915527344,2721.5674743652344,2500.0,2779.8474731445312,0.00012875482207164168,Plecoptera
5989,4053.859115600586,888.7691040039062,4109.0323486328125,899.948974609375,0.00012701869127340615,Plecoptera
5990,2145.236618041992,3225.7113342285156,2259.0992431640625,3265.84521484375,0.00012164485087851062,Plecoptera
5991,3327.166748046875,2888.0404357910156,3401.596954345703,2900.0,0.00011613199603743851,Plecoptera
5992,451.7796630859375,1906.0970458984375,500.0,2044.8983154296875,0.00010257727262796834,Plecoptera
5993,3288.3214111328125,3202.373748779297,3300.0,3274.6336669921875,9.929703082889318e-05,Plecoptera
5994,1416.6043701171875,3196.250442504883,1480.428466796875,3234.2245483398438,9.857727127382532e-05,Plecoptera
5995,3076.813995361328,3229.065704345703,3212.6771545410156,3262.1665954589844,8.398250065511093e-05,Plecoptera
5996,285.44903564453125,2800.00022649765,332.0019226074219,2854.920379638672,8.397168858209625e-05,Plecoptera
5997,4060.4024963378906,2758.8580017089844,4100.0,2841.074981689453,8.352909208042547e-05,Plecoptera
5998,194.0706024169922,2058.970142364502,263.57904052734375,2227.842086791992,8.079895633272827e-05,Plecoptera
5999,273.6937561035156,2053.8856506347656,317.9303283691406,2100.0,7.675177039345726e-05,Plecoptera
6000,3549.849090576172,2469.007781982422,3597.1166076660156,2512.410820007324,6.986943481024355e-05,Plecoptera
6001,2590.527603149414,2804.8574557304382,2653.180404663086,2827.4918384552,6.241112714633346e-05,Plecoptera
6002,4108.0,2548.326156616211,4139.634777069092,2612.2478790283203,5.977632463327609e-05,Plecoptera
6003,196.73854064941406,2102.509117126465,296.14129638671875,2370.0509033203125,5.5706463172100484e-05,Plecoptera
6004,2572.860549926758,3220.117218017578,2711.492218017578,3257.2252502441406,5.154410973773338e-05,Plecoptera
6005,2256.1798706054688,3208.1658935546875,2362.774383544922,3267.9782104492188,5.010624954593368e-05,Plecoptera
6006,4046.5157470703125,2866.0379943847656,4099.910919189453,2900.0,4.7069617721717805e-05,Plecoptera
6007,2803.208500146866,1264.7454528808594,2855.339122772217,1288.8266067504883,4.520385846262798e-05,Plecoptera
6008,2800.0,3207.0541381835938,2883.6503524780273,3277.1129760742188,4.026692840852775e-05,Plecoptera
6009,4051.5350341796875,1292.5169067382812,4099.890716552734,1299.9649047851562,3.255847332184203e-05,Plecoptera
6010,3276.464225769043,478.70281982421875,3337.5437774658203,499.1560363769531,3.0536484700860456e-05,Plecoptera
6011,3316.092872619629,1065.7400207519531,3376.468994140625,1098.2933044433594,3.0033559596631676e-05,Plecoptera
6012,4292.838348388672,449.80279541015625,4360.82373046875,500.0,2.8293592549744062e-05,Plecoptera
6013,1250.2384033203125,3194.4776000976562,1299.6868286132812,3245.0804138183594,2.6575713491183706e-05,Plecoptera
6014,4253.195602416992,3010.692123413086,4283.840240478516,3111.203369140625,2.575211510702502e-05,Plecoptera
6015,4000,747.2332153320312,4012.1390323638916,864.2626647949219,2.5129209461738355e-05,Plecoptera
6016,4333.473114013672,477.871337890625,4420.839508056641,500.0,2.4850431145750917e-05,Plecoptera
6017,4086.713134765625,1451.7889099121094,4100.0,1522.14013671875,2.4293080059578642e-05,Plecoptera
6018,827.5004615783691,2684.38671875,896.9938735961914,2718.4024658203125,2.416122515569441e-05,Plecoptera
6019,2084.070327758789,2887.3114013671875,2172.238571166992,2900.0,2.4135064450092614e-05,Plecoptera
6020,3038.5193786621094,3217.554901123047,3126.0927124023438,3257.0139770507812,2.3181330107036047e-05,Plecoptera
6021,2873.428680419922,3218.603759765625,2899.8778686523438,3277.8680725097656,2.218516601715237e-05,Plecoptera
6022,3454.978759765625,380.0992126464844,3503.4052734375,490.67724609375,2.2071024432079867e-05,Plecoptera
6023,4143.700149536133,638.8630828857422,4171.6824378967285,678.9059143066406,2.1898622435401194e-05,Plecoptera
6024,3187.1693725585938,362.2228088378906,3262.5841064453125,436.385498046875,2.068976937152911e-05,Plecoptera
6025,440.8343200683594,1388.6475524902344,499.8351135253906,1530.3649291992188,2.0526278603938408e-05,Plecoptera
6026,4327.927886962891,1654.189453125,4394.868957519531,1700.0,2.047550333372783e-05,Plecoptera
6027,3987.9046020507812,873.8679809570312,4026.8180236816406,899.5574951171875,2.030020914389752e-05,Plecoptera
6028,4465.923126220703,2935.113311767578,4499.859619140625,2983.103469848633,2.0278614101698622e-05,Plecoptera
6029,1527.1082763671875,1205.1133117675781,1570.5408020019531,1252.7026977539062,1.919790702231694e-05,Plecoptera
6030,3286.8274536132812,2289.6004333496094,3300.0,2333.0172119140625,1.8805991203407757e-05,Plecoptera
6031,275.57958984375,2400.0,344.4559020996094,2444.229591369629,1.848742613219656e-05,Plecoptera
6032,3403.480712890625,2637.368194580078,3456.3837890625,2698.262969970703,1.821824480430223e-05,Plecoptera
6033,2942.0249938964844,2888.1312255859375,3003.0795135498047,2899.3651428222656,1.6723286535125226e-05,Plecoptera
6034,201.2056884765625,2301.943634033203,278.74932861328125,2453.71533203125,1.6518910342711024e-05,Plecoptera
6035,473.12439727783203,2464.845184326172,519.3681030273438,2520.333168029785,1.608667298569344e-05,Plecoptera
6036,2728.8045349121094,3214.760223388672,2829.6912536621094,3239.1016845703125,1.600883661012631e-05,Plecoptera
6037,841.7469749450684,3201.698928833008,961.1763000488281,3232.8348693847656,1.5612444258295e-05,Plecoptera
6038,4301.116790771484,2420.760726928711,4365.9462890625,2598.7400970458984,1.55145153257763e-05,Plecoptera
6039,3427.801040649414,2863.9141540527344,3497.1664428710938,2890.5411682128906,1.4885096788930241e-05,Plecoptera
6040,2784.2022705078125,2887.1806030273438,2833.1221618652344,2900.0,1.4446962268266361e-05,Plecoptera
6041,4305.465713500977,1875.0818786621094,4338.526351928711,2038.1942138671875,1.431856526323827e-05,Plecoptera
6042,400.17573833465576,2338.530029296875,455.68997955322266,2408.0135803222656,1.4242600627767388e-05,Plecoptera
6043,4264.1566162109375,2956.030839443207,4317.84602355957,3011.7381629943848,1.4102886780165136e-05,Plecoptera
6044,3686.8869857788086,2493.1978759765625,3760.2178649902344,2499.9815368652344,1.369501023873454e-05,Plecoptera
6045,264.32867431640625,400.0,354.818359375,459.9590644836426,1.3582540304923896e-05,Plecoptera
6046,2999.380874633789,2800.0314578413963,3081.9157104492188,2814.0995683670044,1.286764927499462e-05,Plecoptera
6047,4056.9102172851562,1369.8842468261719,4100.0,1427.3484649658203,1.2849170161643997e-05,Plecoptera
6048,730.0190734863281,2706.4065551757812,765.5199279785156,2738.1727600097656,1.2570606486406177e-05,Plecoptera
6049,2560.919692993164,1306.7062377929688,2616.4343872070312,1357.3169250488281,1.2167794011475053e-05,Plecoptera
6050,4142.941833496094,485.5661315917969,4216.8438720703125,499.96661376953125,1.20281820272794e-05,Plecoptera
6051,3672.4364166259766,369.2074890136719,3718.023666381836,433.81451416015625,1.135040474764537e-05,Plecoptera
6052,2383.7737731933594,3202.155792236328,2454.900177001953,3262.7156372070312,1.1311525668133982e-05,Plecoptera
6053,2208.691162109375,3190.800537109375,2266.215057373047,3238.1360473632812,1.1293912393739447e-05,Plecoptera
6054,1968.2984008789062,2480.616668701172,2021.3331604003906,2497.4472045898438,1.100523422792321e-05,Plecoptera
6055,3731.6254119873047,2125.358367919922,3784.8696899414062,2169.1753692626953,1.0384841516497545e-05,Plecoptera
6056,2069.4780807495117,2891.4542541503906,2116.7115936279297,2899.805694580078,1.0278244189976249e-05,Plecoptera
6057,2849.1048889160156,2800.1373901963234,2901.5042419433594,2815.440993309021,1.0276980901835486e-05,Plecoptera
6058,281.2890930175781,1653.6191101074219,347.9386291503906,1699.3355712890625,1.016212445392739e-05,Plecoptera
6059,2463.8842582702637,2816.4660453796387,2525.4316787719727,2874.826141357422,9.895860785036348e-06,Plecoptera
6060,4498.855560302734,1204.6204776763916,4565.778015136719,1239.7487907409668,9.832326213654596e-06,Plecoptera
6061,2267.5755004882812,1200.0,2331.1716918945312,1237.8399085998535,9.708578545541968e-06,Plecoptera
6062,3010.881561279297,1003.2562255859375,3063.0696716308594,1026.437240600586,9.693276297184639e-06,Plecoptera
6063,1858.8510131835938,3207.1842651367188,1906.0171508789062,3226.8890991210938,9.646475518820807e-06,Plecoptera
6064,3597.519012451172,3219.4857177734375,3671.270751953125,3282.82763671875,9.07872527022846e-06,Plecoptera
6065,301.99884033203125,2474.176887512207,334.5820007324219,2569.266372680664,9.024678547575604e-06,Plecoptera
6066,4295.5111083984375,2044.4222412109375,4343.394470214844,2100.0,8.916647857404314e-06,Plecoptera
6067,3762.2384185791016,3215.6255493164062,3874.1810913085938,3261.6851196289062,8.707213055458851e-06,Plecoptera
6068,2989.139678955078,2890.583526611328,3040.2962493896484,2899.9495544433594,8.442977559752762e-06,Plecoptera
6069,2060.11710357666,2087.941162109375,2120.6969985961914,2099.8865966796875,8.376763616979588e-06,Plecoptera
6070,4516.8551025390625,865.6157531738281,4552.580413818359,883.9022521972656,8.334904123330489e-06,Plecoptera
6071,4094.223358154297,873.0704193115234,4100.0,913.180908203125,8.134942618198693e-06,Plecoptera
6072,3944.395721435547,2963.9036502838135,3991.2137451171875,2979.035972595215,8.10727033240255e-06,Plecoptera
6073,3774.1818237304688,653.9707641601562,3839.1001892089844,678.1724548339844,8.101042112684809e-06,Plecoptera
6074,1387.3885040283203,2974.629457473755,1446.1610717773438,3014.7530975341797,7.664249096706044e-06,Plecoptera
6075,4137.521896362305,2633.705276489258,4172.7266845703125,2698.087890625,7.658884896954987e-06,Plecoptera
6076,4000.3091633319855,3192.416717529297,4045.969253540039,3262.4734497070312,7.4499221227597445e-06,Plecoptera
6077,2431.8321952819824,335.56536865234375,2466.0217361450195,362.80108642578125,7.2270581767952535e-06,Plecoptera
6078,4307.795196533203,1600.063169002533,4347.168411254883,1639.6945114135742,6.927776212251047e-06,Plecoptera
6079,4205.454437255859,1681.7117614746094,4286.56526184082,1699.6807250976562,6.5819094743346795e-06,Plecoptera
6080,2671.17041015625,3074.59423828125,3234.855224609375,3191.019287109375,6.318044142972212e-06,Plecoptera
6081,2023.8066482543945,3161.327423095703,2066.021903991699,3217.0432739257812,6.282229605858447e-06,Plecoptera
6082,1467.130615234375,890.0264282226562,1530.12841796875,899.9656066894531,6.06432831773418e-06,Plecoptera
6083,4263.515548706055,2866.7328491210938,4325.365447998047,2900.0,6.0206484704394825e-06,Plecoptera
6084,3887.8846130371094,2488.3654174804688,3966.5354614257812,2500.0,5.932397925789701e-06,Plecoptera
6085,273.3655090332031,800,316.6318359375,850.1618156433105,5.852077720192028e-06,Plecoptera
6086,1988.1876831054688,2489.0325622558594,2037.8651733398438,2499.8211059570312,5.535144737223163e-06,Plecoptera
6087,3547.4552001953125,2842.885227203369,3608.058837890625,2882.1249465942383,5.505221906787483e-06,Plecoptera
6088,1671.8550720214844,1350.5945892333984,1699.5502319335938,1400.4522857666016,5.4124288908496965e-06,Plecoptera
6089,2108.338668823242,470.97576904296875,2153.8106231689453,497.2037353515625,5.30320494362968e-06,Plecoptera
6090,4289.195022583008,2844.5508003234863,4309.574523925781,2938.327407836914,5.2841623983113095e-06,Plecoptera
6091,78.65219116210938,854.6292419433594,119.74514770507812,885.4971923828125,5.059823706687894e-06,Plecoptera
6092,4300.15087890625,400.0381529331207,4358.089935302734,434.1071090698242,4.411744612298207e-06,Plecoptera
6093,4000,2327.9185180664062,4007.766336917877,2409.3160705566406,4.393581548356451e-06,Plecoptera
6094,4175.395233154297,1279.0993576049805,4213.320594787598,1333.6605377197266,4.141804765822599e-06,Plecoptera
6095,3456.6221313476562,3234.4714965820312,3539.9342651367188,3259.53369140625,4.005625214631436e-06,Plecoptera
6096,276.91229248046875,2956.0026881694794,340.773193359375,2990.4242401123047,3.633798542068689e-06,Plecoptera
6097,3671.204864501953,300.9931640625,3699.9842529296875,444.1107177734375,0.027344826608896255,Trichoptera
6098,4000.011268258095,2645.2979583740234,4031.806329727173,2733.8602600097656,0.004670907277613878,Trichoptera
6099,2000.3818571567535,3200.846954345703,2061.123233795166,3270.2501831054688,6.595836021006107e-05,Trichoptera
6100,3200.4894495010376,141.65484619140625,3256.9755477905273,229.31716918945312,1.438406889064936e-05,Trichoptera
6101,1237.7113952636719,3195.301727294922,1299.9740600585938,3264.636505126953,1.184142274723854e-05,Trichoptera
6102,437.8030700683594,3174.5023803710938,499.979736328125,3252.2400817871094,7.29287285139435e-06,Trichoptera
6103,3393.7674560546875,186.49807739257812,3415.8247680664062,223.890869140625,5.480099844135111e-06,Trichoptera
6104,4134.192951202393,2404.6175842285156,4187.34375,2440.2920837402344,5.339061772247078e-06,Trichoptera
6105,1200,145.54783630371094,1262.5405807495117,199.6350555419922,3.8525176933035254e-06,Trichoptera
6106,0.8193731307983398,3374.2355041503906,50.77215576171875,3436.041229248047,3.20746835313912e-06,Trichoptera
