,xmin,ymin,xmax,ymax,conf,class
0,1653.7193298339844,1440.1796875,2261.1764526367188,1879.649169921875,0.7762622237205505,Araneae
1,1277.0557861328125,3016.3994483947754,1700.0,3456.0,0.6567559242248535,Araneae
2,3020.900375366211,262.2040710449219,3052.944869995117,295.1171875,0.19564014673233032,Araneae
3,4003.4139752388,2793.8998107910156,4136.0533447265625,2890.8438720703125,0.14482291042804718,Araneae
4,1600.0,1600.0,2081.992431640625,1774.489242553711,0.048168569803237915,Araneae
5,2000.0,1600.5615234375,2066.7078170776367,1847.9637603759766,0.027161361649632454,Araneae
6,389.033935546875,99.90625,900.0,500.0,0.026665763929486275,Araneae
7,785.3404235839844,91.22441101074219,819.3646545410156,100.25819396972656,0.022405587136745453,Araneae
8,400.0,2874.5690307617188,980.3137817382812,3456.0,0.020884020254015923,Araneae
9,2400.0,1600.0,2626.9266662597656,1975.7436828613281,0.01953006163239479,Araneae
10,3200.0,2000.0493049621582,3375.7964477539062,2217.5059356689453,0.01560045126825571,Araneae
11,1581.3150329589844,2067.744354248047,2042.8818664550781,2468.0632934570312,0.012526769191026688,Araneae
12,1161.6513061523438,2500.6698608398438,1699.0953369140625,2900.0,0.012320713140070438,Araneae
13,1672.9831237792969,2956.0824213027954,2100.0,3385.8489685058594,0.011892598122358322,Araneae
14,2000.1643657684326,2400.0,2498.9432373046875,2900.0,0.010620436631143093,Araneae
15,828.5786399841309,2000.0518083572388,1295.9039306640625,2372.824432373047,0.009846587665379047,Araneae
16,2000.0,1306.7671813964844,2500.0,1700.0,0.009475373663008213,Araneae
17,73.88898468017578,467.81014251708984,515.1440124511719,956.7779998779297,0.008939339779317379,Araneae
18,120.8629150390625,996.7075347900391,576.5317535400391,1380.0390014648438,0.007842116057872772,Araneae
19,1200.0,2711.2062072753906,1700.0,3045.9998779296875,0.007738785818219185,Araneae
20,1200.0,2000.0,1700.0,2271.814239501953,0.007080256473273039,Araneae
21,1600.0,2401.080584526062,2026.5471496582031,2900.0,0.006119010038673878,Araneae
22,413.69597911834717,2390.063232421875,900.0,2801.124298095703,0.0057130535133183,Araneae
23,2873.570343017578,188.80288696289062,2898.935791015625,209.17222595214844,0.005584221798926592,Araneae
24,418.95344161987305,1200.2757132053375,900.0,1567.4164733886719,0.005554024130105972,Araneae
25,0.0,2602.385284423828,500.0,2925.904037475586,0.005325570702552795,Araneae
26,1204.1849493980408,800.0,1608.363525390625,1091.8138122558594,0.004809709265828133,Araneae
27,2400.0,2800.046920776367,2900.0,2949.6695098876953,0.0045634121634066105,Araneae
28,66.3564682006836,1545.0845336914062,585.8786315917969,1797.02978515625,0.003977327141910791,Araneae
29,1329.052978515625,1450.1888275146484,1964.012451171875,1754.538101196289,0.003479121718555689,Araneae
30,400.0,1600.09605884552,974.1112670898438,2100.0,0.0033820546232163906,Araneae
31,130.2277069091797,402.27200984954834,495.4752502441406,679.8065795898438,0.002911353250965476,Araneae
32,1075.9367065429688,2909.984909057617,1371.4415588378906,3143.030029296875,0.0026061285752803087,Araneae
33,2342.444305419922,3079.8015670776367,2805.9055786132812,3456.0,0.0025479369796812534,Araneae
34,205.7384490966797,481.7782669067383,399.2323303222656,625.5679626464844,0.002514990046620369,Araneae
35,801.0644912719727,2450.414421081543,1296.9649658203125,2900.0,0.0025081243366003036,Araneae
36,356.1579895019531,2000.0,815.0122680664062,2166.2040100097656,0.0024743173271417618,Araneae
37,779.41064453125,400.0,1201.0171813964844,799.4730834960938,0.0023705381900072098,Araneae
38,1589.3946533203125,1676.2302856445312,1986.0587463378906,2100.0,0.002336089266464114,Araneae
39,800.3080129623413,1555.6696472167969,877.4081726074219,1633.2579650878906,0.002110075205564499,Araneae
40,256.81494140625,2802.5010347366333,612.611572265625,3243.6560668945312,0.0020711913239210844,Araneae
41,800.0,182.33570861816406,1294.7902221679688,500.0,0.002041606232523918,Araneae
42,3200.084948539734,948.5816955566406,3304.5494995117188,1107.5302124023438,0.0019234804203733802,Araneae
43,2000.0,1983.8966674804688,2435.943328857422,2398.040771484375,0.0019061617786064744,Araneae
44,540.0828857421875,95.52825164794922,663.7762756347656,250.6041259765625,0.001879046089015901,Araneae
45,800.0,3012.5166816711426,1300.0,3456.0,0.0017354318406432867,Araneae
46,3306.2897186279297,2816.863941192627,3423.874237060547,2899.4008178710938,0.0015134260756894946,Araneae
47,2886.360725402832,2097.0025329589844,2959.4631958007812,2154.3617553710938,0.0013377954019233584,Araneae
48,4104.484642028809,1600.0,4598.9012451171875,1687.102279663086,0.001073125866241753,Araneae
49,1200.0,1200.0,1700.0,1497.9041442871094,0.0010129472939297557,Araneae
50,1200,1289.8339233398438,1592.4327087402344,1683.2259216308594,0.0009880244033411145,Araneae
51,3205.5971145629883,2269.3995971679688,3695.0084228515625,2498.537841796875,0.000973748741671443,Araneae
52,1293.9815979003906,25.199199676513672,1736.563217163086,279.8394775390625,0.0008910511387512088,Araneae
53,1709.174331665039,2473.4788818359375,2094.8065795898438,2500.0,0.0008656596182845533,Araneae
54,2347.887481689453,2451.5553970336914,2499.8273010253906,2764.3659057617188,0.0008580514695495367,Araneae
55,1867.0279541015625,3274.9671936035156,2055.7532348632812,3358.495635986328,0.0008314925362356007,Araneae
56,276.05487060546875,2122.6187744140625,568.4531707763672,2500.0,0.0008269905229099095,Araneae
57,4110.921414375305,2956.0,4608.0,3071.834632873535,0.0007795242709107697,Araneae
58,2000.6469011306763,2356.287353515625,2499.1824951171875,2500.0,0.0007735401159152389,Araneae
59,438.56768798828125,841.7449111938477,898.7548828125,1300.0,0.0007260943530127406,Araneae
60,400.0,1345.0865783691406,767.6517639160156,1700.0,0.0006618649349547923,Araneae
61,400.0,2531.378692626953,830.694580078125,2900.0,0.000630269933026284,Araneae
62,2400.015068054199,2686.51953125,2613.9656524658203,2957.889144897461,0.0006138321477919817,Araneae
63,270.2726745605469,2369.8763427734375,500.0,2781.8211669921875,0.0006066865753382444,Araneae
64,1926.2347106933594,1642.1371459960938,2099.256622314453,1699.9635620117188,0.0005955855594947934,Araneae
65,1099.5472106933594,2400.0192523002625,1448.827865600586,2537.1734313964844,0.0005756491445936263,Araneae
66,2800.0,2400.1037180423737,3216.136016845703,2466.5860137939453,0.0005715517909266055,Araneae
67,4563.915496826172,3071.3004150390625,4608.0,3456.0,0.0005459038075059652,Araneae
68,800.0,2828.8891792297363,1300.0,3264.110321044922,0.0005449794116429985,Araneae
69,472.49317169189453,800.0,893.0871887207031,945.0908203125,0.0005402393871918321,Araneae
70,116.44800567626953,1673.5067443847656,486.9531555175781,1700.0,0.0005343807861208916,Araneae
71,21.431541442871094,2956.1517176628113,500.0,3040.4462356567383,0.0005315463640727103,Araneae
72,2287.9183654785156,2000.0,2596.154983520508,2088.3867111206055,0.0004990574670955539,Araneae
73,2261.9961853027344,84.73617553710938,2620.58203125,203.93540954589844,0.0004911100841127336,Araneae
74,2406.72998046875,70.28467559814453,2678.7015075683594,179.73402404785156,0.0004780937160830945,Araneae
75,4173.688621520996,3371.678497314453,4514.865295410156,3456.0,0.0004668996552936733,Araneae
76,2000.0,3054.795684814453,2500.0,3456.0,0.00045658808085136116,Araneae
77,2472.166061401367,1408.4403076171875,2900.0,1700.0,0.0004340299346949905,Araneae
78,2400,1201.1980295181274,2484.663230895996,1432.1541595458984,0.0004279452550690621,Araneae
79,1200.0,91.65802001953125,1460.0939636230469,585.5702362060547,0.0004272893420420587,Araneae
80,875.2262115478516,1200.0,1298.3827514648438,1390.625991821289,0.0004150288295932114,Araneae
81,2000.0,1175.9741821289062,2287.0569458007812,1380.5667724609375,0.00040859097498469055,Araneae
82,546.4224395751953,2041.9409141540527,703.9909362792969,2137.860321044922,0.00039902495336718857,Araneae
83,323.6097412109375,527.9431838989258,478.0107421875,625.8268127441406,0.0003936123684979975,Araneae
84,2401.370334625244,63.14210891723633,2486.967727661133,231.35867309570312,0.00039170822128653526,Araneae
85,1717.6156311035156,939.4203186035156,1803.3834533691406,1041.5653991699219,0.00038257776759564877,Araneae
86,273.9693298339844,2400.0,500.0,2477.9795684814453,0.0003797947720158845,Araneae
87,4102.306190490723,2400.0,4608.0,2505.164337158203,0.00037572396104224026,Araneae
88,933.5153045654297,2760.804412841797,1300.0,2955.4995880126953,0.000358494755346328,Araneae
89,270.4684143066406,1056.604248046875,394.0844421386719,1208.0149536132812,0.0003493295225780457,Araneae
90,1600,1036.2233123779297,1641.9705505371094,1220.2814636230469,0.00034825416514649987,Araneae
91,1600,1600.022479891777,1839.5861206054688,1645.8869705200195,0.0003447305643931031,Araneae
92,1600.0,1814.6295471191406,2095.251708984375,2100.0,0.00032728243968449533,Araneae
93,4510.0357666015625,2088.005744934082,4608.0,2467.1898498535156,0.00032464994001202285,Araneae
94,0.0,2610.8556213378906,206.12110900878906,2738.9605102539062,0.0003065021592192352,Araneae
95,2000,1200.1439839601517,2309.397674560547,1229.4788150787354,0.0002947749453596771,Araneae
96,2400,2594.1099700927734,2536.1407775878906,2759.747589111328,0.00028891945839859545,Araneae
97,1200.0,96.61674499511719,1624.6707763671875,474.16888427734375,0.00026969992904923856,Araneae
98,2066.1294479370117,3254.5946044921875,2500.0,3456.0,0.0002685020153876394,Araneae
99,4136.596067428589,400.10582208633423,4608.0,475.69637298583984,0.00025799410650506616,Araneae
100,313.96875,2710.0199279785156,424.83721923828125,2754.0320739746094,0.00025675955112092197,Araneae
101,2800,48.89411926269531,2904.026222229004,186.4215850830078,0.0002565699105616659,Araneae
102,400.0,780.6761779785156,834.2917785644531,900.0,0.000256301456829533,Araneae
103,1542.0047302246094,1651.8386840820312,1700.0,1699.322509765625,0.0002487212186679244,Araneae
104,1600.0,1926.9414367675781,1787.6965026855469,2100.188789367676,0.00024273288727272302,Araneae
105,3087.910888671875,94.92426300048828,3124.9548950195312,177.2918243408203,0.0002397357893642038,Araneae
106,1373.810043334961,2040.6577186584473,1478.6856994628906,2094.0593490600586,0.0002262502966914326,Araneae
107,2004.1478157043457,2816.6082496643066,2500.0,3189.5879821777344,0.00022496696328744292,Araneae
108,92.40789794921875,2560.3229064941406,192.69790649414062,2668.294921875,0.00021602828928735107,Araneae
109,378.314697265625,1637.807273864746,499.8211975097656,1796.2406158447266,0.00021440513955894858,Araneae
110,4548.070068359375,946.8284606933594,4608.0,1300.0,0.00021329938317649066,Araneae
111,4141.440269470215,1200.1344561576843,4593.346710205078,1289.750389099121,0.00021154904970899224,Araneae
112,800,2760.2197875976562,1105.1872863769531,2900.0,0.0002045396831817925,Araneae
113,3045.567840576172,2192.7335205078125,3062.1036987304688,2206.9261779785156,0.00019942921062465757,Araneae
114,400,3213.7046813964844,757.6447143554688,3456.0,0.0001927108969539404,Araneae
115,2356.3186645507812,800.8382439613342,2498.6317749023438,864.7822952270508,0.00019244995201006532,Araneae
116,4515.7816162109375,3252.3452758789062,4608.0,3299.5678100585938,0.00019020790932700038,Araneae
117,2018.954360961914,2483.8422775268555,2169.8851165771484,2568.973922729492,0.0001899286435218528,Araneae
118,3600.0018298625946,1214.283275604248,3632.7859115600586,1377.0729064941406,0.0001894220768008381,Araneae
119,712.5367736816406,2800.882339477539,900.0,3130.8802795410156,0.00018921085575129837,Araneae
120,100.64263153076172,1200.1884400844574,500.0,1286.6700820922852,0.00018450568313710392,Araneae
121,7.204568386077881,1600.260442495346,400.4004821777344,1643.6227684020996,0.00018379911489319056,Araneae
122,288.518798828125,33.41905975341797,499.8815612792969,378.3824768066406,0.0001802689948817715,Araneae
123,672.8339538574219,2800.2183198928833,900.0,2903.3676376342773,0.00017932112677954137,Araneae
124,2076.7962493896484,1600.0,2497.6168518066406,1821.3616333007812,0.00017646442574914545,Araneae
125,1808.4000549316406,2000.0742495059967,2100.0,2098.158515930176,0.00017559566185809672,Araneae
126,2800,2798.473388671875,3028.914596557617,2900.0,0.0001746717025525868,Araneae
127,4000.0,800.1832604408264,4100.0,869.7074890136719,0.00017179647693410516,Araneae
128,1070.2646179199219,2874.335075378418,1248.06689453125,2986.5364532470703,0.0001716587576083839,Araneae
129,1838.9981231689453,3011.2130584716797,2016.1943054199219,3078.3316040039062,0.00016633160703349859,Araneae
130,2235.874557495117,373.0088806152344,2396.0143432617188,466.569091796875,0.00016556277114432305,Araneae
131,400.0,2956.2304762601852,896.46630859375,3024.9372482299805,0.00016150236479006708,Araneae
132,345.1366882324219,3164.4044494628906,458.2176818847656,3280.2611083984375,0.00015400303527712822,Araneae
133,800.0,1201.0584652423859,1139.3435363769531,1383.2214660644531,0.0001520141668152064,Araneae
134,400,2000.2696514129639,744.2488098144531,2039.9663352966309,0.00014377606566995382,Araneae
135,800.0,2175.613739013672,1178.6939086914062,2500.0,0.00013972318265587091,Araneae
136,2154.863067626953,2000.2184689044952,2497.0037841796875,2057.7305603027344,0.00013859040336683393,Araneae
137,0.0,400.2089351415634,491.3232421875,439.2042350769043,0.0001378533779643476,Araneae
138,4522.8837890625,1210.732626914978,4608.0,1633.1353149414062,0.00013610717724077404,Araneae
139,1637.7158279418945,2073.669708251953,2005.6493835449219,2100.0,0.000132908156956546,Araneae
140,490.55652618408203,86.37309265136719,633.7783813476562,213.1044921875,0.00013143512478563935,Araneae
141,2301.553955078125,2956.0,2520.948028564453,3053.2660217285156,0.00012630813580472022,Araneae
142,1161.6137390136719,529.4436645507812,1181.0151062011719,544.0452270507812,0.00011942763376282528,Araneae
143,640.4634399414062,800.0870883464813,787.0169677734375,840.6435012817383,0.00011821113002952188,Araneae
144,2400.0,2182.8905181884766,2752.5934143066406,2500.0,0.00011767847900046036,Araneae
145,1330.6173553466797,3139.370849609375,1520.9790649414062,3280.0045166015625,0.00011726971570169553,Araneae
146,1600,2956.505757331848,1993.8334045410156,3008.0606994628906,0.00011307781096547842,Araneae
147,1600.1843392848969,2967.2268924713135,1661.9594116210938,3289.9212951660156,0.00010642125562299043,Araneae
148,1332.6405944824219,2400,1697.8608093261719,2603.2259979248047,0.00010562075476627797,Araneae
149,3086.5923461914062,2400,3244.812255859375,2426.0870780944824,0.00010553225729381666,Araneae
150,2324.1057739257812,1213.8413429260254,2443.271240234375,1418.617935180664,0.00010330267832614481,Araneae
151,1214.0991687774658,1271.7137451171875,1618.5928955078125,1300.0,0.00010110853327205405,Araneae
152,15.529036521911621,1200.14069378376,377.9487609863281,1229.4949226379395,9.992545528803021e-05,Araneae
153,1642.7044868469238,29.193592071533203,2062.9016723632812,340.88525390625,9.977853915188462e-05,Araneae
154,309.80120849609375,2956.0,449.32232666015625,3124.7095947265625,9.748729644343257e-05,Araneae
155,701.5573425292969,2000.0,847.5980834960938,2034.2848091125488,9.644126112107188e-05,Araneae
156,4416.172454833984,2800.246101617813,4608.0,2896.7386016845703,9.183830843539909e-05,Araneae
157,2044.177391052246,2079.816993713379,2425.3714599609375,2385.191192626953,9.138230234384537e-05,Araneae
158,2634.4188690185547,1458.0245056152344,2791.0473022460938,1534.3721008300781,8.821976371109486e-05,Araneae
159,2000.0,2800.0442773103714,2340.595672607422,2846.390594482422,8.680347673362121e-05,Araneae
160,41.82138442993164,800.0,498.349853515625,974.0151062011719,8.310038538184017e-05,Araneae
161,2223.798553466797,2013.7754440307617,2384.6990661621094,2210.9523010253906,8.217947470257059e-05,Araneae
162,858.2710571289062,62.865234375,1036.0353698730469,160.2618408203125,8.084573346422985e-05,Araneae
163,2891.785499572754,1467.5032043457031,3020.383041381836,1581.1100463867188,7.928783452371135e-05,Araneae
164,4159.8704833984375,0.0,4608.0,107.51223754882812,7.641744014108554e-05,Araneae
165,1678.9089660644531,2400.3225564956665,2094.2059020996094,2439.027690887451,7.481084321625531e-05,Araneae
166,2000.141727924347,3300.4576110839844,2181.5935821533203,3456.0,7.135624764487147e-05,Araneae
167,1200.5894660949707,2800,1387.5152893066406,2939.346893310547,6.983007187955081e-05,Araneae
168,3085.9481811523438,2000.2909898757935,3300.0,2105.537841796875,6.844146264484152e-05,Araneae
169,4110.944091796875,2000.0987321138382,4539.6654052734375,2046.437484741211,6.819968984927982e-05,Araneae
170,529.7257995605469,2874.1482696533203,679.7514343261719,3030.169921875,6.437777483370155e-05,Araneae
171,250.70394897460938,302.09442138671875,380.0936279296875,403.7320251464844,6.099302845541388e-05,Araneae
172,2029.6422729492188,144.49391174316406,2134.2897033691406,273.0484924316406,5.6391243560938165e-05,Araneae
173,660.2147216796875,2202.330780029297,798.6557922363281,2247.800064086914,5.345038516679779e-05,Araneae
174,3200,3013.8812408447266,3293.5768280029297,3129.721435546875,5.3396586736198515e-05,Araneae
175,352.8617858886719,2730.1511840820312,498.6903076171875,2814.7237854003906,5.2767783927265555e-05,Araneae
176,1600,2800.1187205314636,1846.8522491455078,2867.8495483398438,5.130396311869845e-05,Araneae
177,4561.417785644531,26.851320266723633,4607.5242919921875,358.3235778808594,4.811168400919996e-05,Araneae
178,4401.532287597656,2956,4608.0,3109.560775756836,4.205952791380696e-05,Araneae
179,4509.7330322265625,1740.9742889404297,4608.0,2100.0,3.805154483416118e-05,Araneae
180,1666.620346069336,0.0,2061.413055419922,118.3402099609375,3.681423913803883e-05,Araneae
181,259.88153076171875,109.80680084228516,439.72467041015625,319.1262512207031,3.63600738637615e-05,Araneae
182,4137.731414794922,97.58434295654297,4297.885955810547,205.6288299560547,3.620057395892218e-05,Araneae
183,137.89283752441406,2353.3826293945312,165.56704711914062,2443.3363342285156,3.314227797091007e-05,Araneae
184,81.81270599365234,3266.8141479492188,481.23974609375,3300.0,2.3348908143816516e-05,Araneae
185,0.0,0.0,494.3645935058594,161.9930419921875,2.087169559672475e-05,Araneae
186,4086.8499755859375,2800.239744782448,4486.898468017578,2839.3457984924316,1.8169886971008964e-05,Araneae
187,333.3992614746094,3160.4630126953125,396.2543029785156,3247.166961669922,1.4100357475399505e-05,Araneae
188,3.7741541862487793,723.0845947265625,85.88404083251953,800.7430419921875,1.0985992048517801e-05,Araneae
189,4010.6740112304688,3296.8092041015625,4043.040557861328,3321.0205993652344,0.6647628545761108,Brachycera
190,1141.4406433105469,377.8947448730469,1186.0653381347656,416.094970703125,0.652887225151062,Brachycera
191,1699.0183563232422,3094.005096435547,1732.4150695800781,3124.6613159179688,0.6166335940361023,Brachycera
192,3953.915252685547,117.88628387451172,3986.6362915039062,141.49229431152344,0.48579883575439453,Brachycera
193,3193.3883056640625,247.60696411132812,3228.8671798706055,307.54058837890625,0.4141336977481842,Brachycera
194,565.6246032714844,2662.5248107910156,593.6905670166016,2699.2723693847656,0.38325145840644836,Brachycera
195,2391.4563598632812,729.9873962402344,2428.470672607422,802.5723571777344,0.22243034839630127,Brachycera
196,400.60964077711105,2843.1810264587402,424.2657165527344,2876.859962463379,0.1923786848783493,Brachycera
197,532.3516540527344,1798.4482727050781,550.2954711914062,1817.5048370361328,0.18449242413043976,Brachycera
198,3088.264892578125,127.03030395507812,3131.9158935546875,165.96334838867188,0.16921232640743256,Brachycera
199,1500.1498107910156,380.6327209472656,1523.7885437011719,396.0027770996094,0.15393008291721344,Brachycera
200,2800.0,104.96771240234375,2817.8932762145996,153.65646362304688,0.15312060713768005,Brachycera
201,4100.553771972656,3167.596923828125,4118.087483406067,3203.0366973876953,0.1383080929517746,Brachycera
202,2349.788299560547,138.48538208007812,2398.6095581054688,162.53089904785156,0.13806840777397156,Brachycera
203,2571.8560943603516,1519.7188415527344,2605.065414428711,1560.7613525390625,0.13773933053016663,Brachycera
204,1200.0,2710.9201049804688,1225.5485095977783,2748.1817321777344,0.1039300262928009,Brachycera
205,3882.634979248047,1555.4957885742188,3902.3106994628906,1573.2437744140625,0.07296797633171082,Brachycera
206,1677.9021377563477,3243.182891845703,1713.7714004516602,3268.9932861328125,0.06377407163381577,Brachycera
207,2089.480758666992,1200.0212743878365,2127.281021118164,1222.408727645874,0.057211361825466156,Brachycera
208,2482.0117797851562,2410.2319717407227,2500.0,2452.6544494628906,0.04864983633160591,Brachycera
209,3884.3346557617188,2781.951141357422,3902.9500122070312,2801.891143798828,0.048439398407936096,Brachycera
210,3189.0550231933594,700.0963745117188,3226.0037841796875,734.9657592773438,0.048421312123537064,Brachycera
211,4078.918670654297,2956.4728704690933,4108.375679016113,2976.6740798950195,0.047835417091846466,Brachycera
212,3693.0604858398438,2637.8155975341797,3699.8502807617188,2660.6207580566406,0.04768899083137512,Brachycera
213,2082.1770629882812,1814.2528533935547,2100.0,1843.8277740478516,0.045500341802835464,Brachycera
214,1188.5340270996094,78.12237548828125,1222.8863220214844,123.54206848144531,0.043333765119314194,Brachycera
215,1200.0,2779.3731384277344,1210.840726852417,2822.8408813476562,0.03945596516132355,Brachycera
216,3147.910919189453,2484.1856079101562,3255.5533447265625,2500.0,0.039181217551231384,Brachycera
217,3290.0880737304688,609.2981262207031,3300.0,632.03564453125,0.03406251594424248,Brachycera
218,664.3466491699219,1824.5591583251953,692.2183532714844,1845.9982452392578,0.03268345817923546,Brachycera
219,4046.6442642211914,942.7758636474609,4081.50390625,968.9588317871094,0.03262501582503319,Brachycera
220,2751.1480712890625,2287.270538330078,2783.3630981445312,2309.0682983398438,0.03146152198314667,Brachycera
221,1600.0,1660.6470108032227,1609.0430345535278,1697.973617553711,0.030291372910141945,Brachycera
222,1859.1441650390625,2267.4022827148438,1885.8340759277344,2279.977325439453,0.029963519424200058,Brachycera
223,3600.0219486653805,382.14892578125,3607.2690119743347,412.494384765625,0.029246188700199127,Brachycera
224,1449.632080078125,2120.9220657348633,1464.4564514160156,2134.428665161133,0.028161339461803436,Brachycera
225,1200.0,2293.0617065429688,1210.8810863494873,2327.5730590820312,0.028141260147094727,Brachycera
226,877.1882858276367,800.0,906.1654891967773,806.4804940223694,0.026933865621685982,Brachycera
227,3600.0,1624.0503845214844,3614.1336460113525,1686.1346130371094,0.025318164378404617,Brachycera
228,406.2472229003906,1598.7702941894531,472.9292907714844,1641.7032051086426,0.02483479678630829,Brachycera
229,3225.1778564453125,1164.160400390625,3257.635986328125,1190.4631042480469,0.024145906791090965,Brachycera
230,358.0843811035156,3199.4470825195312,383.8209228515625,3226.550262451172,0.024025974795222282,Brachycera
231,3328.203079223633,499.98677825927734,3383.2318572998047,538.3892364501953,0.02322113886475563,Brachycera
232,1143.3690185546875,2932.169387817383,1159.5711669921875,2951.4927825927734,0.022718561813235283,Brachycera
233,495.8340148925781,2489.6596069335938,551.5323944091797,2500.0,0.019838077947497368,Brachycera
234,4108.00616312027,116.04993438720703,4116.3003606796265,163.26443481445312,0.01959415338933468,Brachycera
235,1189.55712890625,2800.0,1245.7746887207031,2809.179133415222,0.017611630260944366,Brachycera
236,400,126.6651611328125,404.98488903045654,145.9910888671875,0.016584714874625206,Brachycera
237,2005.8494806289673,1726.7382888793945,2029.2561645507812,1747.2930450439453,0.015183037146925926,Brachycera
238,2462.5044860839844,2360.723907470703,2507.4448318481445,2383.6078491210938,0.014932074584066868,Brachycera
239,1612.9743957519531,1631.7420043945312,1636.4323501586914,1652.8103942871094,0.014248923398554325,Brachycera
240,1693.8709106445312,302.22210693359375,1699.937255859375,324.39013671875,0.013456812128424644,Brachycera
241,2094.8715896606445,1819.154541015625,2107.6186904907227,1838.823989868164,0.011723858304321766,Brachycera
242,400.0,931.2086181640625,411.194917678833,971.4706878662109,0.010497492738068104,Brachycera
243,1696.879005432129,83.10326385498047,1716.6439743041992,107.34490203857422,0.010453414171934128,Brachycera
244,2948.885452270508,1694.2655639648438,2981.6925201416016,1700.0,0.01031678356230259,Brachycera
245,1635.971435546875,110.87532043457031,1668.5950317382812,130.30221557617188,0.009485412389039993,Brachycera
246,3940.0061950683594,1478.8866882324219,3966.582550048828,1503.6979675292969,0.008046017959713936,Brachycera
247,2466.7230529785156,2956.0344187021255,2482.7468872070312,2969.94118976593,0.008003028109669685,Brachycera
248,2400.0,1879.01025390625,2412.470425605774,1975.2874450683594,0.007947206497192383,Brachycera
249,3893.6828002929688,394.2073974609375,3919.1144409179688,408.2304992675781,0.007706800941377878,Brachycera
250,3956.527618408203,486.1651306152344,3972.9403381347656,499.88641357421875,0.007244525011628866,Brachycera
251,1860.6861572265625,992.5805358886719,1886.70849609375,1013.9654388427734,0.007107302080839872,Brachycera
252,2092.0296325683594,1383.2505340576172,2100.0,1430.1156921386719,0.006358589045703411,Brachycera
253,1614.3962383270264,726.5089111328125,1640.3604431152344,751.1637573242188,0.005133090540766716,Brachycera
254,4093.968017578125,1381.5030364990234,4099.815368652344,1394.7547607421875,0.00478994520381093,Brachycera
255,2892.0543823242188,42.78688049316406,2899.9957885742188,84.35983276367188,0.004750176798552275,Brachycera
256,3600.0,1167.5613403320312,3605.3839163780212,1190.8229370117188,0.004740734118968248,Brachycera
257,3660.1261596679688,2894.4964294433594,3688.8806762695312,2900.0,0.004647767171263695,Brachycera
258,3575.5953674316406,584.4133148193359,3602.959442138672,600.4308929443359,0.00464555062353611,Brachycera
259,3074.962890625,895.114990234375,3106.2296752929688,900.0,0.004419244825839996,Brachycera
260,1284.5323486328125,540.1613922119141,1301.5611038208008,577.5058288574219,0.003603671444579959,Brachycera
261,2800.0,2350.345703125,2808.475175857544,2429.7670288085938,0.0034676273353397846,Brachycera
262,2385.684295654297,2000.0,2452.1405334472656,2009.2324485778809,0.00339901982806623,Brachycera
263,1156.5973205566406,223.87271118164062,1176.7644958496094,248.92239379882812,0.003321008523926139,Brachycera
264,400.0,2197.9673461914062,417.16646003723145,2267.823211669922,0.0032284294720739126,Brachycera
265,1600.0,3054.632858276367,1610.2177991867065,3097.2993927001953,0.003178148064762354,Brachycera
266,3294.4688720703125,944.2860565185547,3300.0,967.9419097900391,0.0031312094070017338,Brachycera
267,1200.0217020511627,1474.3135375976562,1205.5529026985168,1525.453857421875,0.0030667155515402555,Brachycera
268,400,819.7923278808594,406.9371075630188,865.4393997192383,0.0030491987708956003,Brachycera
269,2454.56046295166,2695.764434814453,2478.7337341308594,2716.581787109375,0.002984668593853712,Brachycera
270,2100.7798461914062,2109.6907119750977,2141.6455993652344,2139.955856323242,0.002964366227388382,Brachycera
271,2770.9974060058594,3194.3939208984375,2793.1176147460938,3216.690643310547,0.002943296916782856,Brachycera
272,1474.569091796875,825.9140186309814,1495.5934448242188,845.339599609375,0.0027927083428949118,Brachycera
273,3263.2722778320312,1200.0,3296.300338745117,1206.2428607940674,0.0027011465281248093,Brachycera
274,1062.0837097167969,2106.698699951172,1085.5234069824219,2123.183151245117,0.002689661690965295,Brachycera
275,915.5594329833984,1975.1645202636719,935.9734497070312,1995.6353149414062,0.002546831965446472,Brachycera
276,1262.6122436523438,2331.833526611328,1287.3994369506836,2349.07080078125,0.0025169141590595245,Brachycera
277,326.22479248046875,785.0274047851562,345.8315124511719,807.8543701171875,0.002467446494847536,Brachycera
278,2872.4738159179688,189.03012084960938,2899.4177856445312,209.5938720703125,0.002423591446131468,Brachycera
279,469.45987701416016,954.5525817871094,493.11629486083984,980.9600524902344,0.002381753409281373,Brachycera
280,2439.3203125,1200.032515823841,2469.821502685547,1207.153694152832,0.002171917585656047,Brachycera
281,4108.064571201801,251.84056091308594,4126.169221878052,290.5074462890625,0.00216726609505713,Brachycera
282,2800.0057488679886,2400.0255540013313,2822.2581748962402,2423.1269664764404,0.0021540760062634945,Brachycera
283,1488.3615417480469,2858.391845703125,1505.3939208984375,2871.9082565307617,0.002141654724255204,Brachycera
284,3230.2515869140625,1654.6778984069824,3245.0928649902344,1675.124153137207,0.0021150833927094936,Brachycera
285,2198.1761627197266,1200.0459507107735,2222.86181640625,1207.5327472686768,0.00208913697861135,Brachycera
286,4095.7429428100586,1822.6089477539062,4118.637893676758,1840.8311767578125,0.0020886878482997417,Brachycera
287,4105.478515625,478.4294128417969,4160.723979949951,500.0,0.0019168842118233442,Brachycera
288,3186.2796020507812,2475.0551147460938,3199.4752197265625,2489.39444732666,0.0018400921253487468,Brachycera
289,1316.260124206543,1200,1333.9407653808594,1206.9959774017334,0.0017745475051924586,Brachycera
290,2380.3543090820312,1200,2399.6419067382812,1205.1497073173523,0.0017102421261370182,Brachycera
291,2768.8280639648438,2400,2830.5118103027344,2408.999954223633,0.001699948450550437,Brachycera
292,1954.8632202148438,1200,1974.7542724609375,1205.7073259353638,0.001694685546681285,Brachycera
293,2801.199676513672,347.04071044921875,2830.783416748047,377.6270446777344,0.0016778141725808382,Brachycera
294,4000.0,2413.4835243225098,4020.725233078003,2522.72794342041,0.0016183363040909171,Brachycera
295,3987.1766967773438,2793.142547607422,4044.1687812805176,2854.4505615234375,0.0015592254931107163,Brachycera
296,1200.040652602911,2198.945755004883,1205.9263191223145,2257.8799438476562,0.0014905411517247558,Brachycera
297,3293.963134765625,1495.026123046875,3299.8780822753906,1538.3430480957031,0.0014606438344344497,Brachycera
298,1789.6426086425781,2545.79638671875,1813.0507507324219,2565.037353515625,0.001435881364159286,Brachycera
299,2894.9268188476562,1447.5272216796875,2899.8411254882812,1467.43994140625,0.0013938433257862926,Brachycera
300,4100.220993041992,137.54623413085938,4114.0013427734375,149.1087188720703,0.0013933065347373486,Brachycera
301,3948.9505004882812,892.4667358398438,3978.5850830078125,900.0,0.0013900866033509374,Brachycera
302,1600.0,1271.806655883789,1612.1822786331177,1322.2234725952148,0.001280705793760717,Brachycera
303,2181.246353149414,1648.33740234375,2213.4469299316406,1671.632179260254,0.001180576509796083,Brachycera
304,3600.0048603862524,592.6595916748047,3605.071647644043,627.8617553710938,0.0011584239546209574,Brachycera
305,698.8282165527344,3249.320556640625,717.8399963378906,3264.6131591796875,0.001156561658717692,Brachycera
306,724.1869812011719,807.5358276367188,742.2020263671875,822.9179306030273,0.0009946072241291404,Brachycera
307,440.8533935546875,3370.3552856445312,499.99505615234375,3456.0,0.0009938697330653667,Brachycera
308,3600.0454790890217,3208.7067260742188,3605.1338629722595,3246.186248779297,0.0009792299242690206,Brachycera
309,2421.36865234375,2400.027872622013,2443.3842163085938,2413.5874376296997,0.0009555999422445893,Brachycera
310,1289.057861328125,497.4115905761719,1307.8282928466797,516.0675048828125,0.0009415680542588234,Brachycera
311,1075.0803833007812,2564.3697509765625,1093.4235534667969,2585.6463623046875,0.0009389781043864787,Brachycera
312,1538.5829162597656,2400.0,1577.7214660644531,2405.912125110626,0.0009139150497503579,Brachycera
313,3554.63330078125,2263.7180786132812,3583.54345703125,2285.8455200195312,0.0009136490407399833,Brachycera
314,4005.4279985427856,457.28955078125,4026.751697540283,481.1384582519531,0.0008637419668957591,Brachycera
315,1007.832763671875,2956.0322967767715,1031.7158203125,2963.0725293159485,0.0008487703162245452,Brachycera
316,1200.033688545227,1010.5023193359375,1206.4336190223694,1061.6745300292969,0.000838198175188154,Brachycera
317,3945.622100830078,1959.51171875,3963.7385864257812,1973.1698608398438,0.0007378886803053319,Brachycera
318,2489.395477294922,604.3227233886719,2500.0,637.2222900390625,0.0007345087942667305,Brachycera
319,2400.0,2785.4334411621094,2413.5391416549683,2911.9898529052734,0.0007251877686940134,Brachycera
320,222.4997100830078,3435.9444580078125,337.57208251953125,3455.94287109375,0.00070036860415712,Brachycera
321,4000.4074096679688,3293.9886169433594,4049.743392944336,3300.0,0.0006244691321626306,Brachycera
322,1125.8426513671875,2814.6488647460938,1146.8394470214844,2833.326572418213,0.0006037203129380941,Brachycera
323,1932.9778137207031,2469.2706604003906,1948.433349609375,2489.5008544921875,0.0006020335713401437,Brachycera
324,3600.018010288477,1240.0256958007812,3606.0429887771606,1269.8154830932617,0.0005696936859749258,Brachycera
325,1163.6938171386719,2974.8077697753906,1186.5446166992188,2995.3786544799805,0.0005594493122771382,Brachycera
326,3275.5218505859375,805.3771057128906,3299.9938049316406,836.3472900390625,0.000551509321667254,Brachycera
327,2091.6865234375,3275.257537841797,2099.9382934570312,3303.6595764160156,0.0005444358102977276,Brachycera
328,413.3188171386719,3432.003448486328,535.2650756835938,3456.0,0.0005397195927798748,Brachycera
329,2691.899383544922,2889.9265747070312,2739.3779907226562,2899.9215698242188,0.0005087577155791223,Brachycera
330,1706.7179107666016,2605.486328125,1720.8452377319336,2619.6468048095703,0.000481602008221671,Brachycera
331,3515.5967407226562,1331.3741912841797,3528.4971618652344,1343.8179779052734,0.00048114245873875916,Brachycera
332,1525.4325256347656,433.26922607421875,1556.3977355957031,468.60218048095703,0.0004769843944814056,Brachycera
333,2856.0973205566406,1176.3121337890625,2869.6847534179688,1195.6535949707031,0.00046787361497990787,Brachycera
334,3506.2045288085938,939.7345275878906,3515.272918701172,950.5467224121094,0.0004278966807760298,Brachycera
335,494.7986145019531,2557.1226806640625,500.0,2602.5536499023438,0.00040637783240526915,Brachycera
336,4108.031661614776,97.83097839355469,4113.440231800079,131.3087615966797,0.00039350127917714417,Brachycera
337,2657.243927001953,644.0362854003906,2676.815185546875,664.9029846191406,0.00038355879951268435,Brachycera
338,1320.5694427490234,2444.121307373047,1365.7596282958984,2466.910675048828,0.000381101097445935,Brachycera
339,1005.6518249511719,3082.7047424316406,1018.5393981933594,3092.892120361328,0.00037575478199869394,Brachycera
340,2012.7739343643188,2824.4327716827393,2025.8333683013916,2838.5277709960938,0.00036853604251518846,Brachycera
341,1276.4452819824219,250.90467834472656,1291.7012786865234,271.9327087402344,0.0003636871406342834,Brachycera
342,822.7571411132812,514.9023513793945,839.2876434326172,531.68359375,0.00035065817064605653,Brachycera
343,3200,87.97856140136719,3236.2605018615723,160.99671936035156,0.00035018828930333257,Brachycera
344,4121.908669471741,1080.6477966308594,4149.064319610596,1095.3896484375,0.00034977338509634137,Brachycera
345,3387.363784790039,76.54019927978516,3403.1194458007812,97.14019012451172,0.0003481963649392128,Brachycera
346,1430.8585205078125,1501.4461059570312,1460.6866760253906,1522.9803466796875,0.0003458794963080436,Brachycera
347,1391.8580780029297,656.7592468261719,1413.0570220947266,672.2119445800781,0.0003404215385671705,Brachycera
348,1863.8985290527344,454.1709899902344,1886.0419616699219,479.0042724609375,0.0003326251753605902,Brachycera
349,4575.8087158203125,190.71812438964844,4607.941925048828,278.83074951171875,0.00031603200477547944,Brachycera
350,351.17852783203125,3044.499496459961,370.69439697265625,3063.583786010742,0.0003145494847558439,Brachycera
351,1342.9380645751953,800.0,1374.8080749511719,805.3447389602661,0.0003069847007282078,Brachycera
352,1056.3453674316406,194.16249084472656,1085.0354309082031,221.75181579589844,0.0003022195596713573,Brachycera
353,1427.7621307373047,1227.479097366333,1445.0644073486328,1248.2617721557617,0.000300254876492545,Brachycera
354,1600.0558100640774,2653.8265228271484,1605.9647617340088,2716.2422790527344,0.0002857614017557353,Brachycera
355,547.3924560546875,193.92425537109375,579.6765747070312,218.90924072265625,0.00028340794960968196,Brachycera
356,2876.5704956054688,2140.0149841308594,2900.0,2201.1885681152344,0.0002728064137045294,Brachycera
357,3200,1265.9356079101562,3228.1672916412354,1299.614990234375,0.00026155414525419474,Brachycera
358,4000.0210393220186,2067.5739135742188,4006.232235431671,2093.6038818359375,0.0002549196360632777,Brachycera
359,4000.0017940998077,2288.5152893066406,4008.1216831207275,2332.6813354492188,0.00024190833210013807,Brachycera
360,4117.753921508789,2958.887725830078,4136.583892822266,2982.819622039795,0.00024189586110878736,Brachycera
361,1175.8768310546875,1275.8918762207031,1195.3203430175781,1296.4666366577148,0.00022943341173231602,Brachycera
362,2400.000286847353,3141.3257446289062,2406.154444694519,3174.796890258789,0.00022320172865875065,Brachycera
363,608.1697235107422,170.5434112548828,625.525634765625,185.4981231689453,0.00022294631344266236,Brachycera
364,1125.41943359375,1054.967788696289,1142.4441223144531,1072.1137084960938,0.0002201957395300269,Brachycera
365,4597.254821777344,3045.878631591797,4607.927459716797,3120.2127990722656,0.00018842823919840157,Brachycera
366,3806.124282836914,1079.5025024414062,3824.9508666992188,1097.0274353027344,0.00018544185149949044,Brachycera
367,3752.8878479003906,2640.6615295410156,3802.549331665039,2666.1539916992188,0.0001792725670384243,Brachycera
368,800.0585462898016,950.2943725585938,805.2688941955566,989.2462005615234,0.00017805742390919477,Brachycera
369,0.0,460.73876953125,49.292938232421875,500.0,0.0001755700504872948,Brachycera
370,4218.487121582031,3290.919647216797,4245.460174560547,3300.0,0.00017257090075872838,Brachycera
371,613.2757263183594,351.03656005859375,638.6562347412109,373.561767578125,0.00016948911070358008,Brachycera
372,3225.6975708007812,568.7354583740234,3248.546802520752,582.3765716552734,0.00016659795073792338,Brachycera
373,1200.1816540956497,2144.8543853759766,1212.7180519104004,2162.5404663085938,0.00016454810975119472,Brachycera
374,2393.509033203125,3296.2302856445312,2425.3136596679688,3309.674041748047,0.00015616048767697066,Brachycera
375,446.7229919433594,1908.9558715820312,455.8569030761719,1918.2821655273438,0.00015096389688551426,Brachycera
376,2151.7745666503906,400.0564629212022,2165.767791748047,406.20408296585083,0.00014675810234621167,Brachycera
377,3600.0301476567984,2164.947769165039,3606.2456912994385,2222.316879272461,0.00014433718752115965,Brachycera
378,1171.9569091796875,400,1227.390869140625,406.65720987319946,0.00014382254448719323,Brachycera
379,4586.000244140625,327.16387939453125,4607.427795410156,365.3709411621094,0.000139583891723305,Brachycera
380,456.1717529296875,904.9884948730469,478.5708923339844,928.0185089111328,0.00012875543325208127,Brachycera
381,449.16497802734375,263.0535583496094,491.54705810546875,288.7713317871094,0.00012190263078082353,Brachycera
382,3044.8057708740234,226.0764617919922,3071.4307861328125,241.14442443847656,0.00012092895485693589,Brachycera
383,3038.1302795410156,3218.1094665527344,3059.287353515625,3257.009307861328,0.00012080978194717318,Brachycera
384,356.4893798828125,1301.0837783813477,386.79351806640625,1341.6138458251953,0.00011319810437271371,Brachycera
385,2916.544631958008,2710.1175842285156,2935.670684814453,2724.02197265625,0.0001116016719606705,Brachycera
386,1722.9737243652344,608.298828125,1749.1156616210938,621.3119049072266,0.00011125645687570795,Brachycera
387,3891.1453552246094,1200.0151343643665,3908.288543701172,1210.3839740753174,0.00010936540638795123,Brachycera
388,1201.0901480913162,1908.6557006835938,1240.1747779846191,1948.73681640625,0.00010586628195596859,Brachycera
389,3223.1685791015625,2800,3300.0,2808.0550785064697,0.00010471099085407332,Brachycera
390,1982.5158996582031,2496.4784622192383,1997.4698181152344,2512.9233627319336,0.00010242430289508775,Brachycera
391,830.3830261230469,338.7984313964844,848.4090194702148,353.6711730957031,0.0001011766362353228,Brachycera
392,400.04840791225433,3406.9553833007812,436.6586799621582,3456.0,0.00010100069630425423,Brachycera
393,23.879047393798828,2750.6627197265625,42.281497955322266,2763.8916931152344,9.814721852308139e-05,Brachycera
394,1280.0764465332031,2682.1583251953125,1299.7157592773438,2727.1202697753906,9.642681834520772e-05,Brachycera
395,1311.748794555664,1533.2286987304688,1321.3430862426758,1543.7806091308594,9.575361764291301e-05,Brachycera
396,2465.924057006836,2000.0,2516.6518325805664,2005.7881379127502,9.132523700827733e-05,Brachycera
397,2400.025562569499,2884.7245025634766,2405.634891986847,2927.2834548950195,9.093133121496066e-05,Brachycera
398,644.4205780029297,1147.0185241699219,662.2105102539062,1158.5736389160156,9.060994489118457e-05,Brachycera
399,2046.4041748046875,224.1241912841797,2057.0279235839844,235.59359741210938,8.927514863898978e-05,Brachycera
400,2238.174301147461,279.6418151855469,2254.631561279297,298.66217041015625,8.879850065568462e-05,Brachycera
401,1519.5264587402344,2568.6082763671875,1528.3003540039062,2579.2974395751953,8.744477963773534e-05,Brachycera
402,400.1742899417877,3288.7107543945312,414.32317543029785,3384.941864013672,8.727084059501067e-05,Brachycera
403,15.14732837677002,0.0,91.47269439697266,7.337780475616455,8.692034316482022e-05,Brachycera
404,3600,1454.1043243408203,3606.1370759010315,1486.1155395507812,8.544715092284605e-05,Brachycera
405,2891.909423828125,2899.732666015625,2931.4139099121094,2924.985191345215,8.357658225577325e-05,Brachycera
406,4574.737457275391,1571.7490539550781,4607.8997802734375,1650.4727783203125,8.256295404862612e-05,Brachycera
407,1632.034610748291,452.13641357421875,1649.254680633545,467.39476013183594,8.230911771534011e-05,Brachycera
408,3646.3003540039062,3032.9148559570312,3664.787811279297,3052.606918334961,8.131381764542311e-05,Brachycera
409,4276.944976806641,810.9901142120361,4297.727294921875,825.1498165130615,7.934759196359664e-05,Brachycera
410,2544.0406036376953,3257.028289794922,2567.8950958251953,3282.4756774902344,7.849176472518593e-05,Brachycera
411,3391.753692626953,2215.349166870117,3406.9820709228516,2231.8441162109375,7.736866973573342e-05,Brachycera
412,2609.075408935547,2856.4938430786133,2620.5706634521484,2868.389389038086,7.714639650657773e-05,Brachycera
413,3842.1912689208984,2461.7368774414062,3872.274932861328,2474.3431091308594,7.516845653299242e-05,Brachycera
414,2400.0151954591274,1642.4009704589844,2408.495427131653,1700.0,7.437678141286597e-05,Brachycera
415,1803.7119903564453,2919.7856216430664,1835.883041381836,2939.834716796875,7.429221295751631e-05,Brachycera
416,4599.547393798828,444.4689636230469,4607.9913330078125,542.5442657470703,7.21402611816302e-05,Brachycera
417,4582.457275390625,2689.9374389648438,4607.865631103516,2775.023468017578,6.786738958908245e-05,Brachycera
418,6.953662872314453,1921.0737609863281,34.48000717163086,1969.3548583984375,6.630907591897994e-05,Brachycera
419,890.9923095703125,2608.155960083008,914.1838531494141,2627.2266845703125,6.472144013969228e-05,Brachycera
420,368.4354248046875,2724.4598999023438,385.90203857421875,2740.8394470214844,6.317470979411155e-05,Brachycera
421,1200.0650189816952,3332.941162109375,1206.7423992156982,3381.111328125,6.276895146584138e-05,Brachycera
422,3259.8062438964844,1691.4037780761719,3270.0764770507812,1699.8158569335938,6.153278081910685e-05,Brachycera
423,2800.0567995011806,3078.4146118164062,2806.238438129425,3122.3596801757812,6.11198993283324e-05,Brachycera
424,0.0,1602.2408447265625,54.291988372802734,1688.0691528320312,6.10589049756527e-05,Brachycera
425,967.8539276123047,2015.4052000045776,1012.5784606933594,2050.8505477905273,5.952574792900123e-05,Brachycera
426,3234.3038940429688,2889.4949951171875,3283.0497131347656,2899.8964233398438,5.831161615788005e-05,Brachycera
427,2650.9571075439453,2956.04907771945,2681.3287658691406,2961.933214187622,5.7666886277729645e-05,Brachycera
428,308.2618103027344,3447.2402954101562,382.2691955566406,3456.0,5.6924251111922786e-05,Brachycera
429,800.0,1940.6845397949219,806.5290050506592,1974.9671630859375,5.5902190069900826e-05,Brachycera
430,482.21417236328125,2382.9467163085938,499.42474365234375,2421.921600341797,5.058178066974506e-05,Brachycera
431,3731.2351989746094,3449.759735107422,3767.3692474365234,3456.0,5.028958912589587e-05,Brachycera
432,1757.8889770507812,2728.677978515625,1779.4761199951172,2746.1766662597656,4.9933856644202024e-05,Brachycera
433,582.2069702148438,3145.7498168945312,605.4134826660156,3165.582305908203,4.970766167389229e-05,Brachycera
434,2269.308074951172,1986.0479125976562,2280.808563232422,1999.3704528808594,4.8697813326725736e-05,Brachycera
435,4599.9766845703125,1053.7833709716797,4607.918975830078,1128.5791320800781,4.753251050715335e-05,Brachycera
436,2000.0289544463158,2182.972869873047,2006.6159477233887,2239.345413208008,4.602022818289697e-05,Brachycera
437,676.572021484375,342.60498046875,696.5494079589844,357.2257385253906,4.564757546177134e-05,Brachycera
438,4138.839706420898,105.3958740234375,4164.5328369140625,122.52620697021484,4.5443735871231183e-05,Brachycera
439,1291.467529296875,1635.5371398925781,1299.9493713378906,1675.3672485351562,4.532774619292468e-05,Brachycera
440,711.7930297851562,44.41492462158203,729.1247253417969,58.771217346191406,4.4967640860704705e-05,Brachycera
441,4601.801116943359,2861.5332832336426,4607.893951416016,2943.6319580078125,4.361275932751596e-05,Brachycera
442,0.07541105151176453,1338.4390411376953,6.016230583190918,1385.530014038086,4.352484393166378e-05,Brachycera
443,891.8716430664062,2837.7350692749023,899.905029296875,2902.7495880126953,4.2008898162748665e-05,Brachycera
444,4598.319915771484,2597.025634765625,4607.8709716796875,2688.174346923828,4.140277815167792e-05,Brachycera
445,4553.865234375,891.985595703125,4607.846649169922,900.0,4.065741450176574e-05,Brachycera
446,2400.2979576587677,2000,2442.3925857543945,2006.2092423439026,4.015981903648935e-05,Brachycera
447,0.4472792148590088,1398.8875274658203,14.221802711486816,1464.3014526367188,3.982603084295988e-05,Brachycera
448,4108.017219781876,2708.102752685547,4120.047810554504,2754.1089477539062,3.758039019885473e-05,Brachycera
449,3528.270721435547,3213.193572998047,3546.5269165039062,3228.371826171875,3.7523306673392653e-05,Brachycera
450,4599.80908203125,3007.1232147216797,4607.950012207031,3083.093551635742,3.587067112675868e-05,Brachycera
451,4170.267959594727,1033.4984741210938,4206.587547302246,1052.8884887695312,3.5391167330089957e-05,Brachycera
452,4598.279327392578,1868.9471740722656,4607.932800292969,1934.1536865234375,3.532716436893679e-05,Brachycera
453,4600.875732421875,803.2501041889191,4607.928527832031,882.3494873046875,3.3233965950785205e-05,Brachycera
454,4585.052734375,1491.7004089355469,4607.124481201172,1552.9346313476562,3.279398879385553e-05,Brachycera
455,4180.478652954102,2936.3605194091797,4190.641983032227,2951.4487915039062,3.177829785272479e-05,Brachycera
456,0.2201773226261139,1922.3547058105469,15.540519714355469,2004.25390625,3.0185974537744187e-05,Brachycera
457,800.5455255508423,3279.7091674804688,842.7514724731445,3319.888885498047,2.8640832169912755e-05,Brachycera
458,4000.0129848718643,2890.0584716796875,4013.892412185669,2924.916816711426,2.6864030587603338e-05,Brachycera
459,4583.326354980469,1686.802719116211,4607.985595703125,1776.0419616699219,2.4527404093532823e-05,Brachycera
460,131.20408630371094,2091.664031982422,197.3125457763672,2100.0,2.2573907699552365e-05,Brachycera
461,44.53611373901367,2800.0,141.68948364257812,2818.8851566314697,2.197317917307373e-05,Brachycera
462,0.055158138275146484,767.2631225585938,7.147502899169922,827.1763916015625,2.13898420042824e-05,Brachycera
463,1001.5899200439453,3445.702117919922,1110.649169921875,3456.0,2.1342977561289445e-05,Brachycera
464,274.9427185058594,540.2631530761719,293.32757568359375,557.8824462890625,1.9756309484364465e-05,Brachycera
465,420.1737365722656,2931.1237182617188,441.6565856933594,2942.64697265625,1.9328666894580238e-05,Brachycera
466,4601.352233886719,1755.656478881836,4607.912261962891,1825.8372497558594,1.9258473912486807e-05,Brachycera
467,0.0700533390045166,1154.2246398925781,20.579904556274414,1231.7075805664062,1.905376120703295e-05,Brachycera
468,357.48114013671875,284.41644287109375,372.33880615234375,302.5575256347656,1.7480706446804106e-05,Brachycera
469,490.1929931640625,16.211599349975586,499.92352294921875,85.87446594238281,1.7268537703785114e-05,Brachycera
470,0.0,1611.9172058105469,7.243690490722656,1682.2477416992188,1.6902027709875256e-05,Brachycera
471,0.475350022315979,1785.7508850097656,18.92903709411621,1837.2501678466797,1.549959233670961e-05,Brachycera
472,70.53170013427734,3322.448974609375,90.53919219970703,3354.117431640625,1.4193650713423267e-05,Brachycera
473,58.79585647583008,400,132.0392303466797,407.4497699737549,1.2115630852349568e-05,Brachycera
474,17.916851043701172,709.866943359375,57.26683807373047,754.2074584960938,1.1225748494325671e-05,Brachycera
475,429.0270690917969,6.025660037994385,466.852294921875,87.48723602294922,7.199053925432963e-06,Brachycera
476,2035.2266387939453,3311.3348083496094,2067.530403137207,3346.5799865722656,0.7972328066825867,Coleoptera
477,4485.422668457031,943.1683349609375,4513.677734375,971.8777923583984,0.7804030776023865,Coleoptera
478,2925.4356384277344,674.624267578125,2981.4600524902344,728.7391662597656,0.6612643599510193,Coleoptera
479,2458.8504638671875,1563.7188415527344,2483.436309814453,1585.3121643066406,0.6483515501022339,Coleoptera
480,1844.0409698486328,3297.1780700683594,1875.8494262695312,3324.511444091797,0.5588687658309937,Coleoptera
481,2097.270782470703,1191.1557922363281,2127.3528594970703,1222.0654964447021,0.42837607860565186,Coleoptera
482,521.6290130615234,3053.684394836426,568.2628021240234,3095.694854736328,0.1380065679550171,Coleoptera
483,846.2373809814453,2302.578094482422,880.3476181030273,2321.8687438964844,0.10401878505945206,Coleoptera
484,4144.241401672363,475.98052978515625,4179.313079833984,503.0281066894531,0.09994996339082718,Coleoptera
485,1988.8303833007812,3089.9888763427734,2019.4015502929688,3123.628402709961,0.0910245031118393,Coleoptera
486,3847.509002685547,310.7934875488281,3888.1856079101562,362.9195251464844,0.06696902215480804,Coleoptera
487,392.5354919433594,2222.335739135742,416.4292297363281,2270.2613220214844,0.05541381612420082,Coleoptera
488,406.6729431152344,3189.467529296875,446.66759490966797,3211.345962524414,0.05222957953810692,Coleoptera
489,624.8376312255859,884.4585571289062,667.3833312988281,908.881103515625,0.04112841561436653,Coleoptera
490,487.23777770996094,801.3626098632812,511.2903137207031,829.8375244140625,0.017162522301077843,Coleoptera
491,2851.404327392578,2456.824981689453,3097.808837890625,2500.0,0.014000263065099716,Coleoptera
492,1652.1874084472656,3321.106964111328,1703.8476486206055,3361.4738159179688,0.013327629305422306,Coleoptera
493,1204.9766540527344,1675.3592529296875,1223.878116607666,1701.8386611938477,0.009523299522697926,Coleoptera
494,2418.4561767578125,1057.6482238769531,2445.796875,1080.4758605957031,0.007269382011145353,Coleoptera
495,1138.4313659667969,2208.5352935791016,1203.3972778320312,2267.6461181640625,0.0068788533098995686,Coleoptera
496,3225.0565490722656,2127.0937423706055,3263.3635749816895,2142.940704345703,0.006818824913352728,Coleoptera
497,1008.0137329101562,1679.7960510253906,1035.3362579345703,1704.0733489990234,0.006204737350344658,Coleoptera
498,3884.5801391601562,2781.453369140625,3902.5794982910156,2802.1282653808594,0.006184660829603672,Coleoptera
499,3236.0887603759766,1371.1539001464844,3259.885498046875,1395.8567657470703,0.005274327006191015,Coleoptera
500,3085.008514404297,2476.9591369628906,3306.583786010742,2500.0,0.0044244881719350815,Coleoptera
501,3233.9465370178223,2213.3197021484375,3285.261131286621,2260.099609375,0.004401213955134153,Coleoptera
502,2462.8503799438477,2361.1271362304688,2507.4698181152344,2382.4921264648438,0.0037049693055450916,Coleoptera
503,2227.4046936035156,2084.34619140625,2320.521697998047,2100.0,0.00299512199126184,Coleoptera
504,811.4269409179688,1744.2347106933594,827.8599853515625,1767.5614166259766,0.0023895781487226486,Coleoptera
505,2268.188751220703,3049.6783294677734,2283.4286193847656,3079.0878295898438,0.0020182684529572725,Coleoptera
506,2892.6041717529297,54.17768859863281,2916.9394607543945,77.09965515136719,0.0017980351112782955,Coleoptera
507,726.3020935058594,1049.85791015625,773.2211608886719,1086.9804382324219,0.0016958331689238548,Coleoptera
508,825.773193359375,239.1236114501953,851.9553527832031,264.16497802734375,0.0014292934210970998,Coleoptera
509,1778.93212890625,2087.0778198242188,1980.0447998046875,2100.0,0.0012716988567262888,Coleoptera
510,1042.2752380371094,1825.6556701660156,1063.1134948730469,1847.5813598632812,0.0012517966097220778,Coleoptera
511,1569.2637634277344,3400.2167358398438,1588.2865600585938,3417.8536071777344,0.0012301801471039653,Coleoptera
512,1935.9184265136719,2892.371551513672,2003.0635375976562,2900.0,0.001221572165377438,Coleoptera
513,2400.0166580080986,1334.7465515136719,2435.4155044555664,1409.0876159667969,0.001144436770118773,Coleoptera
514,2000.0,2634.6058349609375,2032.536506652832,2757.587677001953,0.0010500677162781358,Coleoptera
515,357.5985107421875,1619.1058444976807,378.3862609863281,1638.9126892089844,0.0010445720981806517,Coleoptera
516,3192.696563720703,2516.6917419433594,3238.6836891174316,2561.8907623291016,0.0009580138139426708,Coleoptera
517,3233.879913330078,358.18414306640625,3256.108154296875,376.8468933105469,0.0009159587789326906,Coleoptera
518,2908.4855041503906,1693.1212463378906,2985.486846923828,1700.0,0.0008494750363752246,Coleoptera
519,1680.3434448242188,1972.8161926269531,1699.9419250488281,2057.1324462890625,0.0008254859712906182,Coleoptera
520,2449.5812950134277,2888.3829650878906,2554.508026123047,2900.0,0.000768490310292691,Coleoptera
521,4108.033862888813,2190.2427978515625,4138.882020950317,2242.8067474365234,0.0007548054563812912,Coleoptera
522,381.1484375,821.0401763916016,410.04437255859375,860.7304039001465,0.0006411049980670214,Coleoptera
523,2027.5039443969727,2492.0033569335938,2150.414093017578,2500.0,0.000614448799751699,Coleoptera
524,2073.749610900879,1272.5636596679688,2289.348846435547,1300.0,0.0005203527980484068,Coleoptera
525,679.962158203125,2612.094741821289,701.1358337402344,2638.1844940185547,0.00048273862921632826,Coleoptera
526,4361.562225341797,3431.6551818847656,4457.473419189453,3456.0,0.00040547060780227184,Coleoptera
527,3010.328643798828,2019.1528930664062,3057.678955078125,2044.2890625,0.0003845623868983239,Coleoptera
528,1016.07275390625,1117.6323547363281,1042.2343292236328,1142.5803527832031,0.00038356869481503963,Coleoptera
529,3241.318084716797,722.9866638183594,3268.8152770996094,741.2406311035156,0.000373334827600047,Coleoptera
530,3062.427459716797,1079.3435363769531,3096.9718627929688,1125.9961242675781,0.00036698466283269227,Coleoptera
531,4138.240676879883,2070.1404418945312,4174.426544189453,2101.507080078125,0.000347443507052958,Coleoptera
532,2442.8972244262695,3440.71337890625,2674.9973754882812,3456.0,0.00033315771725028753,Coleoptera
533,2400,1654.5949096679688,2449.186248779297,1699.8606567382812,0.00032609549816697836,Coleoptera
534,4156.995994567871,143.90380859375,4191.256553649902,165.41397094726562,0.000323146756272763,Coleoptera
535,1093.9194641113281,626.4248809814453,1116.2228698730469,652.4459838867188,0.000287264323560521,Coleoptera
536,2179.485824584961,1648.083740234375,2213.427764892578,1672.2306213378906,0.00027881961432285607,Coleoptera
537,1200.0,3439.5143432617188,1381.2189178466797,3456.0,0.00027477042749524117,Coleoptera
538,885.8019256591797,1279.634765625,996.0413208007812,1300.0,0.00026684600743465126,Coleoptera
539,448.84149169921875,2317.2909240722656,500.0,2381.322540283203,0.00026615869137458503,Coleoptera
540,4446.192932128906,3426.5542907714844,4548.409942626953,3456.0,0.0002495085645932704,Coleoptera
541,3895.4389038085938,396.2192077636719,3918.1939697265625,408.40106201171875,0.00024586173822171986,Coleoptera
542,2148.9547729492188,3446.9728393554688,2231.145950317383,3456.0,0.00024365505669265985,Coleoptera
543,2477.935028076172,2661.1591796875,2500.0,2753.1687622070312,0.00024358698283322155,Coleoptera
544,1018.8711242675781,265.138671875,1047.8189392089844,285.3443603515625,0.00021232278959359974,Coleoptera
545,2854.3285026550293,2884.68017578125,2939.3851623535156,2899.9969482421875,0.0001946629345184192,Coleoptera
546,1595.7927856445312,2043.3346138000488,1617.0051574707031,2057.41703414917,0.000192901527043432,Coleoptera
547,570.9043884277344,754.7284851074219,653.7146148681641,796.4052429199219,0.00019159054500050843,Coleoptera
548,2879.2572631835938,95.0592041015625,2919.931495666504,119.31133270263672,0.00018421582353767008,Coleoptera
549,3911.5431213378906,1375.0077056884766,4018.1768493652344,1411.4048919677734,0.00018311254098080099,Coleoptera
550,400,3439.44091796875,572.7229766845703,3456.0,0.00017353570729028434,Coleoptera
551,3412.359146118164,3440.7816467285156,3623.9776611328125,3456.0,0.00015861488645896316,Coleoptera
552,2487.398468017578,1985.8467102050781,2500.0,2078.489776611328,0.00015429231279995292,Coleoptera
553,1504.9828491210938,1689.202880859375,1598.6214599609375,1699.9837036132812,0.00015385625010821968,Coleoptera
554,967.4435424804688,2016.070728302002,1016.1653747558594,2052.6898918151855,0.00015151478874031454,Coleoptera
555,936.2980346679688,2484.8375244140625,1022.0661163330078,2500.0,0.000150450156070292,Coleoptera
556,820.9872245788574,488.3121337890625,913.5472259521484,500.0,0.00014678887964691967,Coleoptera
557,1313.0105514526367,876.7234191894531,1418.5673065185547,899.9555053710938,0.00014386410475708544,Coleoptera
558,4062.1865768432617,483.5828857421875,4161.249542236328,500.0,0.0001283818855881691,Coleoptera
559,1183.4063110351562,1645.4684143066406,1211.3470153808594,1671.284034729004,0.0001262775476789102,Coleoptera
560,3858.483123779297,2076.1677856445312,3967.4959106445312,2099.8761291503906,0.00012390062329359353,Coleoptera
561,1361.7833099365234,173.6917266845703,1387.1887664794922,189.49310302734375,0.0001179973769467324,Coleoptera
562,2404.2248845100403,224.80931091308594,2432.007968902588,253.206298828125,0.00011692458065226674,Coleoptera
563,2432.44144821167,2065.371612548828,2533.1351928710938,2100.0,0.00011324766819598153,Coleoptera
564,4546.636291503906,3284.8131103515625,4608.0,3299.997314453125,0.00011208468640688807,Coleoptera
565,1619.8811721801758,91.1325912475586,1643.7313537597656,107.73200988769531,0.00010127093264600262,Coleoptera
566,4287.923858642578,3445.1380920410156,4397.231597900391,3456.0,9.076741844182834e-05,Coleoptera
567,1240.5607795715332,698.7984008789062,1289.1977233886719,741.9708251953125,8.972406794782728e-05,Coleoptera
568,2924.728729248047,3447.8145141601562,3036.764144897461,3456.0,8.964179869508371e-05,Coleoptera
569,1162.878173828125,1474.9623413085938,1200.9326477050781,1505.6029663085938,8.753687870921567e-05,Coleoptera
570,831.3740844726562,2490.903045654297,900.0,2499.9956665039062,8.58274579513818e-05,Coleoptera
571,1029.3636779785156,2034.9933166503906,1096.5773010253906,2075.4622344970703,8.398426871281117e-05,Coleoptera
572,569.0831451416016,126.2586441040039,591.2445526123047,149.20028686523438,8.390333823626861e-05,Coleoptera
573,2312.1542053222656,2092.285430908203,2410.690887451172,2100.0,7.982191164046526e-05,Coleoptera
574,800.157019495964,672.0034484863281,840.1119918823242,742.1778564453125,7.920432835817337e-05,Coleoptera
575,2800.4224836826324,3449.7931518554688,2847.9078369140625,3456.0,7.750772056169808e-05,Coleoptera
576,2854.9030532836914,3445.4851684570312,2972.643020629883,3456.0,7.414952415274456e-05,Coleoptera
577,594.1332855224609,108.4755859375,620.0138549804688,130.71031188964844,7.165546412579715e-05,Coleoptera
578,1863.4531860351562,369.31988525390625,1880.4953918457031,393.0742492675781,7.14171037543565e-05,Coleoptera
579,1001.9853363037109,1364.0368194580078,1028.2906341552734,1386.9675598144531,6.892101373523474e-05,Coleoptera
580,2002.2290344238281,1267.692138671875,2100.0,1300.0,6.708456930937245e-05,Coleoptera
581,2494.1820907592773,2089.5303649902344,2590.6135864257812,2100.0,6.611982826143503e-05,Coleoptera
582,3451.8445434570312,2421.0381813049316,3476.665557861328,2441.4609298706055,6.592553108930588e-05,Coleoptera
583,2322.4789123535156,2000,2416.913848876953,2017.47731590271,6.287811265792698e-05,Coleoptera
584,1689.4590072631836,432.5098571777344,1727.9624252319336,463.4382629394531,6.066626883693971e-05,Coleoptera
585,1263.0319519042969,2800,1299.9241943359375,2871.4738693237305,5.938462709309533e-05,Coleoptera
586,286.996826171875,492.08917236328125,365.4958190917969,500.0,5.6111341109499335e-05,Coleoptera
587,3200.879842042923,3447.8152770996094,3299.80672454834,3456.0,5.557975237024948e-05,Coleoptera
588,2258.222900390625,488.7306823730469,2316.2369384765625,500.0,5.449737000162713e-05,Coleoptera
589,3465.6646728515625,3114.570266723633,3487.4195251464844,3135.0776977539062,5.366525147110224e-05,Coleoptera
590,3117.3377990722656,2889.206298828125,3196.028045654297,2900.0,4.972482201992534e-05,Coleoptera
591,4000.0472962856293,3050.6749420166016,4024.961410522461,3123.6488647460938,4.785940473084338e-05,Coleoptera
592,2669.6642456054688,1604.0140447616577,2723.3560180664062,1657.6024703979492,4.7093686589505523e-05,Coleoptera
593,989.2400970458984,1938.7969055175781,1018.6038665771484,1971.66357421875,4.373599585960619e-05,Coleoptera
594,4201.407073974609,3143.761016845703,4230.499130249023,3185.8995971679688,3.873801324516535e-05,Coleoptera
595,4108,3441.8496704101562,4204.844146728516,3456.0,3.7753383367089555e-05,Coleoptera
596,1394.4624633789062,3448.752655029297,1467.2365417480469,3456.0,3.5689285141415894e-05,Coleoptera
597,2509.6395263671875,3122.6002502441406,2556.3773651123047,3190.2820434570312,3.313946581329219e-05,Coleoptera
598,0.2544224262237549,891.4161071777344,59.80719757080078,900.0,3.1420571758644655e-05,Coleoptera
599,4412.127746582031,2946.2919311523438,4440.026062011719,3041.688919067383,2.7006541131413542e-05,Coleoptera
600,264.2135009765625,2492.853271484375,321.21881103515625,2500.0,2.3901366148493253e-05,Coleoptera
601,1877.1229248046875,471.1672668457031,1970.5044860839844,500.0,2.3647007765248418e-05,Coleoptera
602,436.1908874511719,855.4066772460938,479.1182556152344,881.5992813110352,2.0003832105430774e-05,Coleoptera
603,4434.018524169922,1600,4499.237640380859,1634.091739654541,1.6577741916989908e-05,Coleoptera
604,4497.5975341796875,2890.719696044922,4587.896545410156,2900.0,1.4565935998689383e-05,Coleoptera
605,26.631855010986328,0,93.79261779785156,13.779589653015137,9.539968232274987e-06,Coleoptera
606,4170.689437866211,209.42196655273438,4280.458038330078,402.4194641113281,0.45051899552345276,Ephemeroptera
607,3306.072090148926,607.5458984375,3402.692596435547,647.0821838378906,0.3224615752696991,Ephemeroptera
608,2942.026901245117,1192.1666259765625,3160.3291625976562,1233.692527770996,0.26559484004974365,Ephemeroptera
609,3954.956512451172,2792.9230346679688,4087.529083251953,3043.8908081054688,0.23823021352291107,Ephemeroptera
610,4108.0,244.57359313964844,4143.752418518066,491.2062072753906,0.1931915283203125,Ephemeroptera
611,1600.0,3075.5441284179688,2099.4314575195312,3382.931182861328,0.19212491810321808,Ephemeroptera
612,3137.6117248535156,1154.0433654785156,3300.0,1321.544075012207,0.15616822242736816,Ephemeroptera
613,1484.6727294921875,3086.5775451660156,1766.573501586914,3456.0,0.13323140144348145,Ephemeroptera
614,3273.900863647461,864.1300659179688,3540.291259765625,900.0,0.11065736413002014,Ephemeroptera
615,2800.0,76.95984649658203,2906.22696685791,352.2734069824219,0.10725553333759308,Ephemeroptera
616,3625.2157592773438,294.0450134277344,3700.0,500.0,0.1044301763176918,Ephemeroptera
617,3206.8243265151978,470.6266403198242,3316.426612854004,739.4122924804688,0.100694440305233,Ephemeroptera
618,2389.341033935547,357.80078125,2509.9431533813477,641.3773345947266,0.0888126939535141,Ephemeroptera
619,2737.0120849609375,304.2284851074219,2997.678680419922,551.17431640625,0.08827347308397293,Ephemeroptera
620,2800.0,254.2736053466797,2841.13623046875,397.9671936035156,0.08673542737960815,Ephemeroptera
621,2852.1671142578125,28.319549560546875,2900.0,364.82269287109375,0.07802755385637283,Ephemeroptera
622,2723.9390258789062,521.6765975952148,2899.48095703125,745.4833374023438,0.07687202841043472,Ephemeroptera
623,4030.794677734375,425.25756454467773,4100.0,697.0802917480469,0.07082800567150116,Ephemeroptera
624,3082.0322265625,41.85223388671875,3370.81201171875,242.32351684570312,0.07035993784666061,Ephemeroptera
625,4046.5531425476074,800.0,4100.0,1060.7174377441406,0.0651298388838768,Ephemeroptera
626,4014.622712135315,757.6798706054688,4147.63899230957,979.3756408691406,0.06424175202846527,Ephemeroptera
627,3200.0,623.4289703369141,3235.4186363220215,738.2494812011719,0.06263763457536697,Ephemeroptera
628,3600.0,939.2826232910156,3643.6924362182617,1188.6287841796875,0.06123951077461243,Ephemeroptera
629,3647.2104682922363,712.9928588867188,3716.1894454956055,988.6717071533203,0.05941806361079216,Ephemeroptera
630,3165.8057250976562,240.2041015625,3300.0,446.362548828125,0.059206534177064896,Ephemeroptera
631,3842.303466796875,2861.580181121826,4100.0,3145.34716796875,0.05823896452784538,Ephemeroptera
632,3277.6629943847656,616.0721740722656,3300.0,841.9184265136719,0.057177625596523285,Ephemeroptera
633,3600.0,243.12744140625,3650.5864486694336,508.36730194091797,0.05705810710787773,Ephemeroptera
634,1771.207290649414,2956.0,2023.5409851074219,2993.590400695801,0.05179300904273987,Ephemeroptera
635,1528.0335388183594,286.96527099609375,1790.917739868164,629.5516510009766,0.05056535452604294,Ephemeroptera
636,3180.699981689453,1969.9844665527344,3302.591941833496,2398.4839477539062,0.05038139224052429,Ephemeroptera
637,2526.25789642334,926.2023696899414,2624.867416381836,998.9331207275391,0.05008144676685333,Ephemeroptera
638,4108.0,2008.4209442138672,4186.976051330566,2329.1676635742188,0.04995761811733246,Ephemeroptera
639,4002.0369052886963,2793.8920288085938,4313.683822631836,2899.981414794922,0.04749392345547676,Ephemeroptera
640,4081.9159545898438,447.5062370300293,4100.0,568.7779235839844,0.04429566115140915,Ephemeroptera
641,2817.6504516601562,940.7404479980469,2900.0,1280.3738098144531,0.04364028573036194,Ephemeroptera
642,299.44635009765625,530.1777801513672,783.8065185546875,1121.70361328125,0.0427125059068203,Ephemeroptera
643,2000.0,2973.5100326538086,2192.875457763672,3456.0,0.04233156889677048,Ephemeroptera
644,3600.0,738.1671447753906,3624.683614730835,838.8452453613281,0.0420476458966732,Ephemeroptera
645,4012.6567993164062,2809.1970443725586,4100.0,3227.9384765625,0.04170316085219383,Ephemeroptera
646,1600.0,2400.0,2026.8090209960938,2804.5393981933594,0.041121385991573334,Ephemeroptera
647,3520.712646484375,400.0,3700.0,437.3596725463867,0.040993496775627136,Ephemeroptera
648,2708.4662475585938,400.0,2864.5284118652344,475.17112731933594,0.040519267320632935,Ephemeroptera
649,3986.7066040039062,1872.4754333496094,4074.5818252563477,2089.7250061035156,0.03892434388399124,Ephemeroptera
650,4005.595111846924,2042.2127952575684,4144.947982788086,2285.6609802246094,0.0383823998272419,Ephemeroptera
651,3152.8031005859375,2400.0,3300.0,2739.2129516601562,0.038277484476566315,Ephemeroptera
652,3254.560272216797,1361.6026306152344,3309.2757568359375,1869.5596313476562,0.0376330129802227,Ephemeroptera
653,3191.364715576172,329.0730895996094,3406.074234008789,499.6576843261719,0.037455931305885315,Ephemeroptera
654,3622.8736877441406,1844.4089965820312,3700.0,2100.0,0.03585267812013626,Ephemeroptera
655,3254.953369140625,119.86315155029297,3346.1260833740234,391.6796569824219,0.03566593676805496,Ephemeroptera
656,129.4644775390625,1600.0,597.2937316894531,1830.1427612304688,0.034806862473487854,Ephemeroptera
657,563.2256774902344,639.3881988525391,737.4282836914062,861.5376892089844,0.03422992303967476,Ephemeroptera
658,2734.8343811035156,419.4422950744629,2899.4609985351562,771.063720703125,0.03404432162642479,Ephemeroptera
659,2869.7470703125,304.2347412109375,2900.0,498.9211120605469,0.033654406666755676,Ephemeroptera
660,284.7005920410156,1605.747675895691,499.908203125,1933.5257568359375,0.031923044472932816,Ephemeroptera
661,2304.089599609375,2964.0047607421875,2679.8690795898438,3428.6690368652344,0.03190483897924423,Ephemeroptera
662,3860.5301513671875,400.0,3937.6419677734375,437.8261375427246,0.03151804953813553,Ephemeroptera
663,777.4421691894531,2863.6926193237305,1045.6666259765625,3318.4138793945312,0.03139195218682289,Ephemeroptera
664,2533.2096099853516,53.75249481201172,2645.028594970703,209.0182342529297,0.03139111027121544,Ephemeroptera
665,3576.6400756835938,1529.64111328125,3674.503433227539,1700.0,0.03138009458780289,Ephemeroptera
666,3529.4495544433594,1600.0,3741.7613983154297,1802.263931274414,0.03120453655719757,Ephemeroptera
667,3690.9281997680664,1653.5480346679688,3910.1651916503906,1704.0984954833984,0.0311623215675354,Ephemeroptera
668,1286.7762603759766,2800.8979320526123,1700.0,3152.318084716797,0.030975069850683212,Ephemeroptera
669,2651.4376678466797,2944.4757080078125,3016.0425415039062,3376.289520263672,0.02914302982389927,Ephemeroptera
670,3652.129425048828,54.270076751708984,3700.0,324.4947814941406,0.028791839256882668,Ephemeroptera
671,2596.790557861328,800.0,2870.7622985839844,842.9025764465332,0.028790641576051712,Ephemeroptera
672,2297.1406860351562,2216.8908081054688,2513.711181640625,2636.631362915039,0.028739403933286667,Ephemeroptera
673,4108.0,576.0738830566406,4230.020042419434,796.2034301757812,0.028124874457716942,Ephemeroptera
674,3994.4487915039062,2956.0,4031.2997398376465,3025.773406982422,0.027438951656222343,Ephemeroptera
675,3258.959815979004,780.6464538574219,3402.1296997070312,859.7628593444824,0.026730574667453766,Ephemeroptera
676,3946.052276611328,2792.87890625,4100.0,2871.105209350586,0.026683473959565163,Ephemeroptera
677,2951.320343017578,746.442626953125,3078.004119873047,877.535774230957,0.025871524587273598,Ephemeroptera
678,3977.8050842285156,1438.659194946289,4106.702934265137,1659.1480102539062,0.025531107559800148,Ephemeroptera
679,3878.4104919433594,1204.5946960449219,4020.5787048339844,1300.0,0.02543851174414158,Ephemeroptera
680,3663.8377075195312,841.3372993469238,3700.0,1104.0482177734375,0.025084365159273148,Ephemeroptera
681,1523.5680541992188,400.0,1704.0302963256836,710.5288696289062,0.02485693246126175,Ephemeroptera
682,1510.4173889160156,2000.0,1987.7326049804688,2476.518524169922,0.02479245327413082,Ephemeroptera
683,2354.9340209960938,61.96246337890625,2500.0,437.9664001464844,0.024439161643385887,Ephemeroptera
684,800.0,1906.1546325683594,1334.328125,2381.1773376464844,0.0240619033575058,Ephemeroptera
685,2113.304916381836,1200.0,2503.2150115966797,1571.26708984375,0.02392665296792984,Ephemeroptera
686,1176.0521850585938,2193.0997924804688,1300.0,2500.0,0.023741934448480606,Ephemeroptera
687,3073.867889404297,1200.0,3155.2422485351562,1213.8091535568237,0.023321470245718956,Ephemeroptera
688,2958.071014404297,2956.0,3254.921630859375,2991.3578338623047,0.023201895877718925,Ephemeroptera
689,350.94427490234375,2126.224708557129,452.9562072753906,2342.473358154297,0.022946657612919807,Ephemeroptera
690,4000.0,207.44281005859375,4071.5680541992188,437.28179931640625,0.02274240367114544,Ephemeroptera
691,4087.45263671875,824.906005859375,4121.040251731873,897.3140258789062,0.022373702377080917,Ephemeroptera
692,3200.0802874565125,914.6357574462891,3307.3194122314453,1211.4271545410156,0.02201848104596138,Ephemeroptera
693,1135.4277954101562,1565.4740295410156,1451.1994171142578,1720.6302032470703,0.022012535482645035,Ephemeroptera
694,483.8512878417969,1603.962802886963,898.0299377441406,1967.4977416992188,0.0214446522295475,Ephemeroptera
695,891.7049865722656,390.7866516113281,1335.3269958496094,767.2496948242188,0.02129857987165451,Ephemeroptera
696,4437.0654296875,735.7150268554688,4604.05810546875,1882.8458251953125,0.02118903398513794,Ephemeroptera
697,3600.0,2800.0,3825.063232421875,3026.1182250976562,0.02114410325884819,Ephemeroptera
698,3222.598358154297,1287.5519256591797,3354.3733520507812,1592.0836486816406,0.021021708846092224,Ephemeroptera
699,1200.0,6.915712356567383,1446.3290252685547,275.22357177734375,0.020639268681406975,Ephemeroptera
700,3989.6700744628906,1048.3416137695312,4092.7134704589844,1277.5126037597656,0.019943345338106155,Ephemeroptera
701,400.0,2846.5717544555664,813.0518798828125,3456.0,0.019930927082896233,Ephemeroptera
702,3200.0,838.7903442382812,3268.3881072998047,1234.7308959960938,0.019844643771648407,Ephemeroptera
703,2389.59912109375,665.979248046875,2500.0,1050.5480499267578,0.019717054441571236,Ephemeroptera
704,2800.0,865.9267959594727,2817.8116130828857,1055.5040893554688,0.0192441213876009,Ephemeroptera
705,1643.788818359375,3221.0537109375,1900.4197998046875,3387.873291015625,0.01896345615386963,Ephemeroptera
706,1301.118896484375,2980.8512268066406,1746.2158660888672,3383.2461853027344,0.018730271607637405,Ephemeroptera
707,3664.444061279297,385.56097412109375,3730.7476806640625,496.2237243652344,0.017931178212165833,Ephemeroptera
708,3966.7218627929688,2283.4032592773438,4155.707015991211,2586.759567260742,0.01781717874109745,Ephemeroptera
709,1629.8716430664062,3181.635482788086,1700.0,3379.0992431640625,0.017697397619485855,Ephemeroptera
710,3249.076934814453,1600.0,3300.0,1825.9229431152344,0.017324918881058693,Ephemeroptera
711,2738.8370056152344,417.68682861328125,2933.029525756836,500.0,0.017287040129303932,Ephemeroptera
712,1149.4234008789062,1674.8282928466797,1384.055404663086,2100.0,0.01727839931845665,Ephemeroptera
713,3600.0,572.3091888427734,3667.369903564453,779.6545104980469,0.017025785520672798,Ephemeroptera
714,3536.482391357422,400.0,3622.5924072265625,416.080020904541,0.017010973766446114,Ephemeroptera
715,1200.0,1604.8317761421204,1233.3140869140625,1800.713638305664,0.01691882312297821,Ephemeroptera
716,3985.462371826172,436.5826606750488,4098.215690612793,648.4740295410156,0.016202226281166077,Ephemeroptera
717,2854.5986328125,0.0,2900.0,187.95103454589844,0.016168756410479546,Ephemeroptera
718,3591.4082946777344,1218.0460929870605,3700.0,1491.4128723144531,0.01593436859548092,Ephemeroptera
719,1559.1844482421875,2968.7984762191772,1699.943359375,3423.2443237304688,0.015860730782151222,Ephemeroptera
720,3546.8052673339844,421.2483768463135,3567.906219482422,467.27276611328125,0.015765313059091568,Ephemeroptera
721,4000.0,2070.936347961426,4100.0,2167.616180419922,0.015680618584156036,Ephemeroptera
722,1823.8575897216797,1490.3361206054688,2200.9349822998047,1805.1483154296875,0.015583999454975128,Ephemeroptera
723,4108.0,131.5559844970703,4141.269866943359,418.67266845703125,0.015508219599723816,Ephemeroptera
724,4040.3603324890137,687.4011840820312,4202.903945922852,900.0,0.015377487987279892,Ephemeroptera
725,387.2452392578125,2157.1088256835938,520.3503341674805,2541.1808013916016,0.015225598588585854,Ephemeroptera
726,1925.0989074707031,2826.4450073242188,2112.53311920166,3142.310821533203,0.015037734061479568,Ephemeroptera
727,2000.0,1298.2570877075195,2100.0,1699.8616333007812,0.014899455942213535,Ephemeroptera
728,1940.6305236816406,679.0980224609375,2100.0,953.7974853515625,0.0148960892111063,Ephemeroptera
729,3084.0779418945312,2752.820037841797,3376.678176879883,3130.606231689453,0.014655636623501778,Ephemeroptera
730,1678.5834655761719,265.8256530761719,1700.0,479.53692626953125,0.014568736776709557,Ephemeroptera
731,3560.559844970703,2852.6792526245117,3700.0,3101.3485107421875,0.014429002068936825,Ephemeroptera
732,3823.808547973633,2955.1951293945312,3998.089874267578,2998.831600189209,0.014280691742897034,Ephemeroptera
733,3297.673652648926,2939.504837036133,3583.6863708496094,3000.0464477539062,0.014210362918674946,Ephemeroptera
734,4074.9169845581055,465.0166015625,4220.702072143555,533.9963836669922,0.014032823033630848,Ephemeroptera
735,126.83260345458984,2583.9993438720703,211.95042419433594,2662.035888671875,0.013505536131560802,Ephemeroptera
736,2800.0,45.771121978759766,2843.728057861328,246.45509338378906,0.013439471833407879,Ephemeroptera
737,2877.132080078125,253.1422576904297,2900.0,419.3038024902344,0.013287059031426907,Ephemeroptera
738,3600.0,59.05499267578125,3685.7498931884766,311.2976989746094,0.013277853839099407,Ephemeroptera
739,223.85845947265625,2890.0806427001953,532.9888305664062,3456.0,0.013110261410474777,Ephemeroptera
740,3825.3929595947266,1600.0,4035.016815185547,1636.7460975646973,0.012946373783051968,Ephemeroptera
741,2000.0,2469.1381454467773,2100.0,2896.4420166015625,0.0129019133746624,Ephemeroptera
742,2038.6199111938477,2876.96183013916,2152.6993560791016,3317.59033203125,0.012639365158975124,Ephemeroptera
743,2810.2065324783325,800.1877069473267,2962.2928924560547,902.3913116455078,0.012565948069095612,Ephemeroptera
744,2818.4337615966797,1200.0,3034.2183837890625,1234.0521926879883,0.012452468276023865,Ephemeroptera
745,4062.9880981445312,2616.38623046875,4100.0,2900.0,0.012430520728230476,Ephemeroptera
746,2468.7274780273438,663.9739990234375,2500.0,838.7000122070312,0.012211731635034084,Ephemeroptera
747,3276.377914428711,451.0927200317383,3401.8351287841797,613.1514587402344,0.01205225195735693,Ephemeroptera
748,4000.0,775.2867431640625,4088.818893432617,954.6661834716797,0.011624745093286037,Ephemeroptera
749,1729.5581817626953,2616.8002319335938,1932.45068359375,2782.1351013183594,0.011599931865930557,Ephemeroptera
750,874.1887054443359,139.5774383544922,1383.0416259765625,504.79085540771484,0.011450198478996754,Ephemeroptera
751,2812.4105529785156,2000.0,2900.0,2338.7951049804688,0.01141238771378994,Ephemeroptera
752,2702.5264587402344,2754.24951171875,3085.731414794922,3058.437225341797,0.011075549758970737,Ephemeroptera
753,800.0,483.66322326660156,1162.5886535644531,900.0,0.011054161004722118,Ephemeroptera
754,4062.0098571777344,2191.39794921875,4100.0,2445.736846923828,0.010939541272819042,Ephemeroptera
755,776.6187438964844,0.0,1100.278076171875,500.0,0.010728489607572556,Ephemeroptera
756,3260.8233337402344,2800.0,3300.0,3122.5768432617188,0.01068320032209158,Ephemeroptera
757,4000.0,1451.5711822509766,4211.0482177734375,1685.3347778320312,0.010635006241500378,Ephemeroptera
758,3187.781463623047,1136.5590209960938,3246.458152770996,1260.6055297851562,0.01060133334249258,Ephemeroptera
759,278.54071044921875,1404.5395812988281,593.2187652587891,1803.6070861816406,0.010316004045307636,Ephemeroptera
760,4000.0,207.05027770996094,4058.9675903320312,286.85498046875,0.010232793167233467,Ephemeroptera
761,1042.0687713623047,400.0,1282.2821655273438,495.0813903808594,0.009900951758027077,Ephemeroptera
762,3960.853759765625,2000.1158744096756,4007.7283325195312,2035.3240089416504,0.009855684824287891,Ephemeroptera
763,3169.8407287597656,1045.277572631836,3241.7551879882812,1118.7518920898438,0.009757786989212036,Ephemeroptera
764,4096.397659301758,321.2270812988281,4135.761978149414,405.44482421875,0.009664852172136307,Ephemeroptera
765,1051.9341430664062,1578.31689453125,1228.1160888671875,1705.1670989990234,0.009602452628314495,Ephemeroptera
766,659.0171203613281,2078.508285522461,1173.979248046875,2627.8738708496094,0.009448960423469543,Ephemeroptera
767,3129.3472900390625,2283.5552368164062,3332.324478149414,2538.078857421875,0.009407437406480312,Ephemeroptera
768,3422.619918823242,2159.104705810547,3596.3397521972656,2383.1229858398438,0.009391768835484982,Ephemeroptera
769,4092.3786849975586,1229.1289806365967,4277.995590209961,1541.2736511230469,0.009371605701744556,Ephemeroptera
770,2035.5712890625,1264.6220932006836,2100.0,1533.7951965332031,0.009235262870788574,Ephemeroptera
771,3838.0491790771484,2000.0,3955.7119750976562,2017.361078262329,0.009065256454050541,Ephemeroptera
772,3221.80126953125,1708.9645385742188,3300.0,2042.6414489746094,0.009054956026375294,Ephemeroptera
773,3600.0,3006.8106231689453,3700.0,3310.9075622558594,0.009049584157764912,Ephemeroptera
774,1453.6337890625,1161.0142517089844,1798.4422760009766,1431.4693756103516,0.008935023099184036,Ephemeroptera
775,3774.0570068359375,2860.5214233398438,4100.0,2900.0,0.008879718370735645,Ephemeroptera
776,2800.0,2800.0,2877.6080932617188,3117.233642578125,0.00876014493405819,Ephemeroptera
777,2385.8615112304688,859.9031982421875,2451.330841064453,933.1737060546875,0.008533225394785404,Ephemeroptera
778,2840.9114990234375,204.20448303222656,2908.471824645996,386.80792236328125,0.008413407020270824,Ephemeroptera
779,3192.1907653808594,2800.0,3373.051239013672,2911.8323364257812,0.008287019096314907,Ephemeroptera
780,3647.105682373047,962.66748046875,3700.0,1206.915283203125,0.008221270516514778,Ephemeroptera
781,3635.1839599609375,514.3239288330078,3700.0,742.0673828125,0.008160650730133057,Ephemeroptera
782,3851.034881591797,849.1050720214844,4033.291259765625,931.6223297119141,0.008103413507342339,Ephemeroptera
783,1600.6204528808594,492.0921096801758,1700.0,840.6416015625,0.008074798621237278,Ephemeroptera
784,4086.8384017944336,2271.700225830078,4232.071975708008,2580.4046783447266,0.00806587003171444,Ephemeroptera
785,1190.1646118164062,1827.1098175048828,1261.0268363952637,2065.9873046875,0.008064714260399342,Ephemeroptera
786,3594.238555908203,1483.5608520507812,3754.6564025878906,1735.2530822753906,0.007986301556229591,Ephemeroptera
787,3768.430374145508,1200.0,3983.289520263672,1229.3061428070068,0.007976519875228405,Ephemeroptera
788,400.0,787.2478942871094,896.8942565917969,1201.43701171875,0.007942257449030876,Ephemeroptera
789,3374.646438598633,1587.3536682128906,3556.7174072265625,1655.4653396606445,0.007870631292462349,Ephemeroptera
790,2400.0,609.28955078125,2441.4046936035156,880.4419555664062,0.00779309868812561,Ephemeroptera
791,963.1551208496094,1593.4745788574219,1274.631103515625,1662.0526733398438,0.007734901271760464,Ephemeroptera
792,4000.0,1148.6425476074219,4009.6803646087646,1243.1843872070312,0.007670983672142029,Ephemeroptera
793,1380.7929992675781,1974.0419616699219,1700.0,2100.0,0.007654218468815088,Ephemeroptera
794,1855.6861877441406,3103.2654418945312,2142.3291931152344,3456.0,0.007559970486909151,Ephemeroptera
795,807.559871673584,748.0613708496094,1212.371826171875,1225.6591796875,0.00751881068572402,Ephemeroptera
796,1986.4754028320312,692.1127319335938,2189.0077514648438,955.6861419677734,0.007457882631570101,Ephemeroptera
797,4108.0,1701.2195587158203,4160.6965675354,2067.8587036132812,0.007402229122817516,Ephemeroptera
798,4000.0,1922.4378662109375,4025.5566368103027,2001.306396484375,0.00737185962498188,Ephemeroptera
799,3805.5643005371094,1066.3247680664062,3863.4525146484375,1098.3367614746094,0.007272985763847828,Ephemeroptera
800,259.4248352050781,510.04967498779297,541.6224975585938,957.5291595458984,0.007074140943586826,Ephemeroptera
801,3200.0,1763.1199798583984,3268.853988647461,1929.9000854492188,0.006915326230227947,Ephemeroptera
802,2350.2823486328125,2703.573944091797,2563.0601654052734,2970.566940307617,0.0069047994911670685,Ephemeroptera
803,1663.748477935791,366.5809020996094,1907.2826843261719,465.5622024536133,0.006824362091720104,Ephemeroptera
804,4085.7700805664062,1056.1777954101562,4373.742767333984,1402.2112426757812,0.006760996766388416,Ephemeroptera
805,2293.4552307128906,400.0,2502.4455337524414,486.88060760498047,0.006738884374499321,Ephemeroptera
806,1959.1631164550781,1138.2259216308594,2272.5563354492188,1398.9535522460938,0.006541278678923845,Ephemeroptera
807,227.7748565673828,1559.9564208984375,473.79150390625,1713.4361267089844,0.006444706581532955,Ephemeroptera
808,400.0,1782.8498077392578,500.0,2046.7771911621094,0.006390270311385393,Ephemeroptera
809,3915.7836303710938,400.0,3971.5581970214844,435.8610076904297,0.006369308102875948,Ephemeroptera
810,2816.407196044922,2570.5824432373047,2900.0,2900.0,0.006277337670326233,Ephemeroptera
811,4103.083755493164,2065.6483764648438,4174.589645385742,2100.0,0.006267600227147341,Ephemeroptera
812,2394.3572998046875,1429.5830688476562,2500.0,1700.0,0.006256408058106899,Ephemeroptera
813,2984.3536682128906,400.0,3192.766082763672,420.2034511566162,0.006250057835131884,Ephemeroptera
814,2024.0070190429688,861.8232727050781,2125.6580810546875,900.0,0.006207872182130814,Ephemeroptera
815,1113.1678466796875,2309.8482666015625,1448.52197265625,2681.71728515625,0.006206863559782505,Ephemeroptera
816,4077.4133911132812,3093.1443481445312,4275.717224121094,3404.8990783691406,0.0061688171699643135,Ephemeroptera
817,1713.8814239501953,2518.8590545654297,1832.5611877441406,2627.191207885742,0.006073845084756613,Ephemeroptera
818,947.4807281494141,2507.222557067871,1350.5296173095703,2926.8966217041016,0.006056652404367924,Ephemeroptera
819,4025.087158203125,1695.3719177246094,4100.0,1947.9917297363281,0.005880396813154221,Ephemeroptera
820,3162.3565979003906,804.7888278961182,3302.6613845825195,985.9579162597656,0.005833383649587631,Ephemeroptera
821,3934.4403686523438,3176.369659423828,4039.4156227111816,3317.2831115722656,0.005827698390930891,Ephemeroptera
822,1376.9808654785156,2277.4898986816406,1492.0877380371094,2393.9168395996094,0.005803115665912628,Ephemeroptera
823,2768.3779296875,612.26025390625,2900.0,1082.1627197265625,0.005624301731586456,Ephemeroptera
824,1129.257080078125,1011.8977966308594,1453.8979034423828,1378.7151641845703,0.005586178507655859,Ephemeroptera
825,4000.0,532.3438568115234,4073.0488815307617,650.1917114257812,0.005532398819923401,Ephemeroptera
826,800.0,1605.1173210144043,1169.1300964355469,1760.3993377685547,0.005490042269229889,Ephemeroptera
827,1600.0,800.0,1715.8116302490234,1117.5295104980469,0.00542054045945406,Ephemeroptera
828,190.3236541748047,456.1614532470703,499.4676513671875,814.5241394042969,0.005379531066864729,Ephemeroptera
829,3823.6790618896484,581.0965118408203,3874.9186401367188,629.858642578125,0.005373959429562092,Ephemeroptera
830,3771.425262451172,953.1233825683594,3929.591278076172,1002.3560791015625,0.005301318597048521,Ephemeroptera
831,2173.145980834961,368.3516845703125,2405.4111328125,500.0,0.005225885659456253,Ephemeroptera
832,2000.0,1639.6017532348633,2046.807201385498,1903.2906494140625,0.005206292029470205,Ephemeroptera
833,2872.1477661132812,282.83837890625,2900.0,371.9535217285156,0.005200247745960951,Ephemeroptera
834,2479.2847595214844,654.9039916992188,2500.0,782.140625,0.00508126150816679,Ephemeroptera
835,1585.4329223632812,1614.5710468292236,1811.6063385009766,2100.0,0.005080766975879669,Ephemeroptera
836,4000.0,1283.3806533813477,4027.1570148468018,1386.9700012207031,0.004953353200107813,Ephemeroptera
837,3070.114044189453,881.1469116210938,3167.6595764160156,900.0,0.004858030471950769,Ephemeroptera
838,2974.2301177978516,722.5548706054688,3016.4082946777344,749.8333129882812,0.004815889522433281,Ephemeroptera
839,4000.0,2117.661796569824,4049.5093994140625,2383.8638305664062,0.00478231580927968,Ephemeroptera
840,4021.633029937744,3189.909652709961,4112.846054077148,3376.5980224609375,0.004740893840789795,Ephemeroptera
841,2335.4932861328125,1600.0,2572.720413208008,2100.0,0.0047199055552482605,Ephemeroptera
842,320.53826904296875,819.93017578125,667.2313232421875,900.0,0.004700432997196913,Ephemeroptera
843,777.5243835449219,1749.8117980957031,909.907600402832,2100.0,0.004586715251207352,Ephemeroptera
844,375.0459289550781,2754.710418701172,579.4496765136719,3152.0410766601562,0.004566493444144726,Ephemeroptera
845,3325.501419067383,1671.474853515625,3434.1415100097656,1699.934814453125,0.004562944173812866,Ephemeroptera
846,3282.1702880859375,1115.60498046875,3300.0,1203.7440795898438,0.004549740348011255,Ephemeroptera
847,753.6440734863281,1972.0767211914062,927.2385025024414,2206.985061645508,0.004521891009062529,Ephemeroptera
848,2244.875244140625,1530.4029846191406,2547.357406616211,1788.8475189208984,0.00450616329908371,Ephemeroptera
849,1618.3856811523438,1139.0554504394531,1700.0,1473.1943664550781,0.004434169270098209,Ephemeroptera
850,3995.149658203125,1751.6531066894531,4058.074951171875,1914.2774658203125,0.004401234909892082,Ephemeroptera
851,2088.8037185668945,1897.695556640625,2642.3921508789062,2375.056610107422,0.0043730176985263824,Ephemeroptera
852,1254.9583435058594,1195.7077941894531,1300.0,1373.4542541503906,0.0043533556163311005,Ephemeroptera
853,2000.0,555.6029815673828,2081.6142807006836,815.0213317871094,0.004313997458666563,Ephemeroptera
854,3902.5851135253906,877.0447692871094,3988.6627197265625,900.0,0.004311124794185162,Ephemeroptera
855,3200.0,856.4398231506348,3247.682662963867,1042.435791015625,0.004289771895855665,Ephemeroptera
856,3803.9603729248047,2956.0,3926.958282470703,2980.0567150115967,0.004284811206161976,Ephemeroptera
857,3254.877410888672,2900.760673522949,3319.230438232422,2935.8975677490234,0.004258899949491024,Ephemeroptera
858,3787.0000610351562,309.8125915527344,3889.38720703125,370.2653503417969,0.004255368839949369,Ephemeroptera
859,4054.7947998046875,2964.767105102539,4100.0,3183.4287719726562,0.004232077859342098,Ephemeroptera
860,2762.8641052246094,404.2332763671875,2856.973773956299,500.0,0.004194940906018019,Ephemeroptera
861,3600.0,1165.9032592773438,3645.648307800293,1312.7122650146484,0.004168601240962744,Ephemeroptera
862,3984.5713500976562,643.7582244873047,4073.2825317382812,718.1177978515625,0.0041062189266085625,Ephemeroptera
863,3615.3118286132812,1265.643783569336,3700.0,1618.9638061523438,0.004081400576978922,Ephemeroptera
864,3590.3929443359375,1200.0,3717.7406463623047,1235.259838104248,0.003946780692785978,Ephemeroptera
865,2876.5526733398438,91.27996063232422,2900.0,151.5097198486328,0.003907858859747648,Ephemeroptera
866,1200.0,963.3408050537109,1216.0214653015137,1224.2772216796875,0.0038883660454303026,Ephemeroptera
867,2178.9041595458984,880.6437072753906,2292.6082763671875,899.9113159179688,0.0038714075926691294,Ephemeroptera
868,3296.5630111694336,499.0842056274414,3399.587875366211,583.3578338623047,0.0038602687418460846,Ephemeroptera
869,4000.0,588.8756103515625,4010.910580635071,634.4958343505859,0.0038420234341174364,Ephemeroptera
870,3681.2632446289062,1338.7017669677734,3700.0,1432.8790893554688,0.003819991834461689,Ephemeroptera
871,1198.2290954589844,1560.2670288085938,1335.9431915283203,1684.7750244140625,0.0038013472221791744,Ephemeroptera
872,3538.6449279785156,1600.0,3656.527198791504,1688.7428588867188,0.0037988668773323298,Ephemeroptera
873,1493.8020324707031,1978.1269836425781,1700.0,2114.878936767578,0.003795093623921275,Ephemeroptera
874,2377.2447509765625,2835.155975341797,2607.3545684814453,2900.0,0.003745532827451825,Ephemeroptera
875,3607.4542541503906,419.74505615234375,3724.2720336914062,500.0,0.003739889245480299,Ephemeroptera
876,1990.0480041503906,117.71595764160156,2100.0,500.0,0.0037288283929228783,Ephemeroptera
877,3745.752197265625,1200.0,3856.8034057617188,1212.5467643737793,0.003717939369380474,Ephemeroptera
878,3602.0597534179688,3177.042724609375,3734.384719848633,3456.0,0.003717707935720682,Ephemeroptera
879,3575.8002319335938,800.0,3651.103748321533,854.6314849853516,0.003679776331409812,Ephemeroptera
880,4031.2916870117188,1177.0836486816406,4100.0,1295.5341110229492,0.0036638821475207806,Ephemeroptera
881,3491.6526794433594,3241.988555908203,3786.8302612304688,3310.234893798828,0.003653876716271043,Ephemeroptera
882,224.0434112548828,1056.3372497558594,575.1887054443359,1551.5353393554688,0.0036507430486381054,Ephemeroptera
883,767.7723388671875,1471.5205078125,926.6724853515625,1851.0199584960938,0.0036247563548386097,Ephemeroptera
884,2402.4024047851562,512.1401824951172,2500.0,689.1730346679688,0.00361420470289886,Ephemeroptera
885,3292.587333679199,2000.0,3490.135284423828,2094.6040267944336,0.003608491038903594,Ephemeroptera
886,3674.9562377929688,1054.7259368896484,3704.6714782714844,1200.8122863769531,0.0035388681571930647,Ephemeroptera
887,1485.3854064941406,1452.1068115234375,1822.95947265625,1870.7846374511719,0.003527401713654399,Ephemeroptera
888,2093.607620239258,800.2044558525085,2111.7604217529297,823.689619064331,0.0034924836363643408,Ephemeroptera
889,3569.4381103515625,1418.9414520263672,3599.0306091308594,1468.8518981933594,0.0034704033751040697,Ephemeroptera
890,1882.9603576660156,2662.0741271972656,2187.102279663086,2949.5906829833984,0.003461675951257348,Ephemeroptera
891,3547.9866638183594,2800.0,3618.0211181640625,2861.1329803466797,0.0034153908491134644,Ephemeroptera
892,4000.0,2617.0492248535156,4083.5657272338867,2826.794158935547,0.003405106719583273,Ephemeroptera
893,2851.9308166503906,2958.7510166168213,2900.0,3422.8963928222656,0.003400178160518408,Ephemeroptera
894,4022.0614318847656,760.0970153808594,4100.0,871.6694793701172,0.0033806264400482178,Ephemeroptera
895,2480.013427734375,2387.752197265625,2738.5857543945312,2557.050537109375,0.003375662723556161,Ephemeroptera
896,1600.0,780.7079467773438,1761.0767364501953,900.0,0.0033640023320913315,Ephemeroptera
897,2143.376998901367,610.6516418457031,2170.046875,646.9698486328125,0.0033365502022206783,Ephemeroptera
898,800.0,1207.872998714447,1293.6997375488281,1599.7040405273438,0.0032999510876834393,Ephemeroptera
899,689.5433044433594,2000.2744853496552,900.0,2100.0,0.003277093404904008,Ephemeroptera
900,3600.0,350.1440124511719,3627.4695167541504,392.6243896484375,0.0032608092296868563,Ephemeroptera
901,1819.6370086669922,2513.039825439453,2076.5689697265625,2611.8782806396484,0.0032567637972533703,Ephemeroptera
902,3200.0,247.75852966308594,3233.2956733703613,347.2978515625,0.003247602377086878,Ephemeroptera
903,2462.6994018554688,2122.9830780029297,2500.0,2426.919464111328,0.0032220708671957254,Ephemeroptera
904,3667.169532775879,627.0306091308594,3700.0,835.0411987304688,0.0032059664372354746,Ephemeroptera
905,1075.0714416503906,2629.5193634033203,1253.7357177734375,2900.0,0.0031989887356758118,Ephemeroptera
906,3456.4063110351562,1664.097412109375,3498.074005126953,1699.5999450683594,0.0031877809669822454,Ephemeroptera
907,1940.6737365722656,1881.6765441894531,2139.5613861083984,2196.9835815429688,0.003184506669640541,Ephemeroptera
908,3242.6062622070312,680.5911560058594,3300.0,877.5234680175781,0.003164864145219326,Ephemeroptera
909,3259.240234375,1684.882064819336,3300.0,1809.4505767822266,0.0031606804113835096,Ephemeroptera
910,1600.0,1218.0517196655273,1654.579933166504,1528.3506469726562,0.003154037520289421,Ephemeroptera
911,302.9403076171875,2400.0,830.5061340332031,2850.896270751953,0.003152452176436782,Ephemeroptera
912,469.5779800415039,66.50700378417969,900.0,500.0,0.0031508731190115213,Ephemeroptera
913,3835.0121002197266,1658.3663940429688,4005.27978515625,1700.0,0.0031323826406151056,Ephemeroptera
914,850.4226684570312,2400.0,900.0,2816.09326171875,0.003128867829218507,Ephemeroptera
915,460.8033752441406,1525.8502502441406,500.0,1792.9000701904297,0.003128055715933442,Ephemeroptera
916,3265.6757202148438,240.95205688476562,3300.0,499.9893798828125,0.003120544133707881,Ephemeroptera
917,3600.0,1243.5869140625,3699.9948120117188,1299.9466552734375,0.0031172335147857666,Ephemeroptera
918,1815.7879333496094,1660.3331604003906,2060.007080078125,1700.0,0.003071781247854233,Ephemeroptera
919,4108.0,648.6867370605469,4163.67692565918,881.0066833496094,0.00305368984118104,Ephemeroptera
920,1582.2198181152344,0.0,1744.4049835205078,350.4666442871094,0.00304546975530684,Ephemeroptera
921,1025.0218658447266,1230.3011779785156,1276.1937561035156,1300.0,0.003039666684344411,Ephemeroptera
922,4108.0,704.4474487304688,4121.102018356323,885.7977905273438,0.0030378899537026882,Ephemeroptera
923,1281.2215270996094,1016.0248260498047,1300.0,1375.7106323242188,0.0030162453185766935,Ephemeroptera
924,446.8204345703125,1903.2423095703125,500.0,2097.5309448242188,0.002998139476403594,Ephemeroptera
925,380.8375244140625,2923.303642272949,518.0335540771484,3272.739044189453,0.0029952870681881905,Ephemeroptera
926,1263.9814796447754,1965.4441528320312,1533.6942443847656,2173.7596435546875,0.0029874027241021395,Ephemeroptera
927,3716.072441101074,1015.8729095458984,3779.1431732177734,1038.7240905761719,0.002978496951982379,Ephemeroptera
928,744.6754150390625,402.1967887878418,900.847053527832,867.6781616210938,0.002961997641250491,Ephemeroptera
929,2879.3548583984375,1988.7103576660156,3143.9838256835938,2082.4033813476562,0.00294805271551013,Ephemeroptera
930,2770.7113647460938,3273.6757202148438,2964.2447662353516,3456.0,0.002921843668445945,Ephemeroptera
931,1634.7942810058594,1892.3088073730469,1700.0,2100.0,0.002915198216214776,Ephemeroptera
932,3169.2363891601562,1278.5330200195312,3263.3088989257812,1300.0,0.002860206412151456,Ephemeroptera
933,1991.3592224121094,1536.7178039550781,2087.4071884155273,1619.8066101074219,0.0028215190395712852,Ephemeroptera
934,346.6112365722656,1996.8521423339844,642.3136291503906,2304.861602783203,0.0027728844434022903,Ephemeroptera
935,3313.0911865234375,476.3858642578125,3357.3074798583984,499.8848876953125,0.002762862015515566,Ephemeroptera
936,3196.0173950195312,714.9009704589844,3298.6653747558594,843.2309265136719,0.0027626282535493374,Ephemeroptera
937,3594.1358337402344,418.7239685058594,3680.7367248535156,508.3251037597656,0.0027474756352603436,Ephemeroptera
938,2952.9129028320312,481.93316650390625,3078.2462463378906,500.0,0.0027409482281655073,Ephemeroptera
939,3978.066131591797,386.72369384765625,4140.372131347656,499.84014892578125,0.002718663541600108,Ephemeroptera
940,275.919189453125,3123.4064331054688,567.2433776855469,3407.6198120117188,0.002713710069656372,Ephemeroptera
941,2664.6626892089844,2697.3565063476562,2900.0,2972.674057006836,0.0027009951882064342,Ephemeroptera
942,1469.0830078125,1625.12255859375,1770.0067443847656,1700.0,0.0026554022915661335,Ephemeroptera
943,1996.9762268066406,2400.0,2100.0,2786.4520568847656,0.002651205286383629,Ephemeroptera
944,3234.3340759277344,1189.2254943847656,3300.0,1369.8144836425781,0.0026434524916112423,Ephemeroptera
945,2170.376007080078,1318.3930969238281,2279.923309326172,1499.02197265625,0.002623623702675104,Ephemeroptera
946,4108.0,498.03411865234375,4141.04345703125,569.3132476806641,0.002598616061732173,Ephemeroptera
947,2000.0,10.90085506439209,2061.7311477661133,278.68701171875,0.0025788499042391777,Ephemeroptera
948,3654.3797912597656,1652.0070304870605,3700.0,1899.5471801757812,0.0025691676419228315,Ephemeroptera
949,3600.0,575.4177398681641,3614.330617904663,672.28369140625,0.002549674129113555,Ephemeroptera
950,3115.850311279297,2440.3861083984375,3352.5684661865234,2500.0,0.0025483998470008373,Ephemeroptera
951,1381.8778381347656,2371.004638671875,1757.1082763671875,2500.0,0.0025418580044060946,Ephemeroptera
952,3660.4132080078125,1200.0,3700.0,1370.6162872314453,0.002529663499444723,Ephemeroptera
953,1687.803482055664,1200.0,1897.0671691894531,1226.9693965911865,0.0024842103011906147,Ephemeroptera
954,2028.9447631835938,2537.535140991211,2100.0,2813.7625732421875,0.0024797585792839527,Ephemeroptera
955,1200.0,184.99203491210938,1300.0,447.19757080078125,0.002478468231856823,Ephemeroptera
956,1950.0507507324219,388.1054382324219,2100.0,523.4063110351562,0.0024490500800311565,Ephemeroptera
957,3950.828887939453,242.9451904296875,4018.3814086914062,308.6542663574219,0.0024240862112492323,Ephemeroptera
958,308.3154296875,79.14893341064453,500.0,447.8013000488281,0.0023995335213840008,Ephemeroptera
959,1390.3360900878906,444.802490234375,1700.0,500.0,0.0023495906498283148,Ephemeroptera
960,3714.990379333496,2956.0,3866.0997924804688,2981.011365890503,0.002312123542651534,Ephemeroptera
961,3688.896697998047,1273.105712890625,3738.3651428222656,1299.8955688476562,0.0023097973316907883,Ephemeroptera
962,1502.1491394042969,2648.9293060302734,1809.9908294677734,2949.6106567382812,0.002294050296768546,Ephemeroptera
963,4000.0,1035.4616088867188,4093.8712615966797,1199.943115234375,0.0022731060162186623,Ephemeroptera
964,2657.953582763672,1144.0721435546875,2900.0,1422.3248748779297,0.0022696240339428186,Ephemeroptera
965,1754.24365234375,1600.0,2053.5615844726562,1664.7121887207031,0.0022674505598843098,Ephemeroptera
966,4342.101531982422,3346.015594482422,4515.12060546875,3456.0,0.002263544360175729,Ephemeroptera
967,1123.3619995117188,2400.0,1309.228645324707,2458.450107574463,0.0022526723332703114,Ephemeroptera
968,3689.9311752319336,3055.5433502197266,3756.162841796875,3165.42236328125,0.002245731884613633,Ephemeroptera
969,818.7460021972656,707.4373779296875,907.9487228393555,1160.2995300292969,0.0022427549120038748,Ephemeroptera
970,2046.8651733398438,405.42492866516113,2100.0,709.63232421875,0.0022395688574761152,Ephemeroptera
971,2038.2852478027344,1538.6615600585938,2110.3092651367188,1797.8811798095703,0.0021888669580221176,Ephemeroptera
972,2223.7864532470703,400.0,2311.377960205078,445.6294937133789,0.002178798196837306,Ephemeroptera
973,2272.7850341796875,760.2112731933594,2472.2666625976562,879.2079086303711,0.0021592858247458935,Ephemeroptera
974,420.3226013183594,859.129524230957,523.6274032592773,1296.9317321777344,0.002151722088456154,Ephemeroptera
975,2000.0,3299.3873291015625,2263.278533935547,3456.0,0.0021504047326743603,Ephemeroptera
976,1256.7691650390625,2400.0,1300.0,2758.5419921875,0.002130422042682767,Ephemeroptera
977,2000.0057458877563,1619.8139915466309,2100.3626861572266,2057.2220458984375,0.002118054311722517,Ephemeroptera
978,1600.0,2299.586639404297,1740.3135070800781,2528.8816986083984,0.0021033957600593567,Ephemeroptera
979,2794.6473083496094,510.23724365234375,2900.0,859.2701416015625,0.002097838558256626,Ephemeroptera
980,2310.0880432128906,2370.4496459960938,2526.265480041504,2588.4192504882812,0.0020900617819279432,Ephemeroptera
981,400.0,2344.1273193359375,866.7333679199219,2714.116668701172,0.0020865052938461304,Ephemeroptera
982,4108.0,800.0,4202.757293701172,868.3683547973633,0.0020774472504854202,Ephemeroptera
983,3450.051742553711,841.9384460449219,3670.4280395507812,900.0,0.0020756421145051718,Ephemeroptera
984,1637.0374755859375,2552.9480895996094,1700.0,2900.0,0.002066119806841016,Ephemeroptera
985,1134.4100952148438,800.0,1442.8509063720703,1026.5126953125,0.0020505660213530064,Ephemeroptera
986,2842.8618202209473,1605.3236365318298,3111.454345703125,1817.885009765625,0.0020399242639541626,Ephemeroptera
987,1291.3767852783203,2788.4937133789062,1644.0399169921875,2927.013870239258,0.0020114874932914972,Ephemeroptera
988,3549.426544189453,584.1314849853516,3593.673370361328,597.5867767333984,0.001999267376959324,Ephemeroptera
989,800.0,2956.0,1195.2260437011719,2997.6617584228516,0.0019953486043959856,Ephemeroptera
990,3928.572265625,1349.0780181884766,4017.234161376953,1423.8756713867188,0.0019871783442795277,Ephemeroptera
991,2069.1033935546875,636.8246612548828,2100.0,831.3253784179688,0.0019571350421756506,Ephemeroptera
992,955.1978302001953,52.14009094238281,1089.5290832519531,268.481689453125,0.0019419128075242043,Ephemeroptera
993,1470.7430725097656,731.8249816894531,1700.0,900.0,0.0019331788644194603,Ephemeroptera
994,317.5828552246094,2400.0,472.53370666503906,2713.616180419922,0.0019210507161915302,Ephemeroptera
995,1072.6121520996094,2800.0,1427.42138671875,3241.835205078125,0.0019026326481252909,Ephemeroptera
996,475.30541229248047,276.9453125,1016.9931640625,521.219970703125,0.0018987301737070084,Ephemeroptera
997,3253.372772216797,2405.648178100586,3300.0,2709.4447021484375,0.0018976876745000482,Ephemeroptera
998,4000.0,16.293811798095703,4117.353118896484,200.36029052734375,0.0018969905795529485,Ephemeroptera
999,3581.7379150390625,2243.9696350097656,3647.9147567749023,2416.9610900878906,0.001895829802379012,Ephemeroptera
1000,2128.6034088134766,887.0914306640625,2200.7066192626953,900.0,0.00188593496568501,Ephemeroptera
1001,2201.163299560547,1595.6910095214844,2463.2150268554688,1699.2055969238281,0.001884265337139368,Ephemeroptera
1002,800.0,770.1996154785156,1165.21875,899.8607788085938,0.0018839704571291804,Ephemeroptera
1003,1505.3650817871094,950.9013214111328,1754.9718322753906,1247.3136901855469,0.0018535708077251911,Ephemeroptera
1004,5.794501304626465,1200.0,500.0,1262.0736351013184,0.001846873783506453,Ephemeroptera
1005,2651.234130859375,1116.4640502929688,2694.4345703125,1144.7884521484375,0.0018404924776405096,Ephemeroptera
1006,947.4687347412109,414.6827697753906,1276.6369934082031,500.0,0.0018348755547776818,Ephemeroptera
1007,4103.632019042969,1152.750732421875,4154.65563583374,1362.8341217041016,0.0018171691335737705,Ephemeroptera
1008,4009.2109174728394,1538.3379516601562,4035.146255493164,1568.5723876953125,0.001815255032852292,Ephemeroptera
1009,2854.2673950195312,2164.437026977539,2900.0,2500.0,0.0017991455970332026,Ephemeroptera
1010,2335.9310302734375,2345.908172607422,2500.0,2750.6416625976562,0.0017982990248128772,Ephemeroptera
1011,793.258056640625,1011.7009582519531,928.5918731689453,1326.1177978515625,0.0017979317344725132,Ephemeroptera
1012,4025.540771484375,2415.019317626953,4143.465621948242,2500.0,0.0017690017120912671,Ephemeroptera
1013,4000.0,2162.7737579345703,4049.827350616455,2299.2430114746094,0.0017681175377219915,Ephemeroptera
1014,1305.8105010986328,1243.9164123535156,1599.9775390625,1300.0,0.0017655073897913098,Ephemeroptera
1015,3200.0,1407.6900482177734,3238.9929122924805,1642.6506652832031,0.00176357536111027,Ephemeroptera
1016,189.05581665039062,675.2120056152344,479.6922607421875,965.1605529785156,0.0017520898254588246,Ephemeroptera
1017,2364.186798095703,2608.8582458496094,2500.0,2916.195640563965,0.0017341370694339275,Ephemeroptera
1018,1947.3265380859375,115.3055648803711,2141.030319213867,424.36865234375,0.0017301710322499275,Ephemeroptera
1019,433.4063415527344,1698.7013854980469,500.0,1957.8798217773438,0.0017280072206631303,Ephemeroptera
1020,4076.077850341797,2299.679412841797,4100.0,2459.0457458496094,0.0017200590809807181,Ephemeroptera
1021,554.4306488037109,3022.829391479492,826.6125183105469,3157.718994140625,0.0017104415455833077,Ephemeroptera
1022,800.0,2734.21630859375,1017.3201599121094,2946.6680755615234,0.0017086162697523832,Ephemeroptera
1023,1309.1706008911133,1200.0,1525.0455322265625,1249.8738479614258,0.0016994954785332084,Ephemeroptera
1024,4000.0,1583.1495361328125,4132.86767578125,1761.6261138916016,0.0016911412822082639,Ephemeroptera
1025,1597.1381530761719,327.5993957519531,1705.931900024414,517.720100402832,0.001683977898210287,Ephemeroptera
1026,1812.3424072265625,3190.017044067383,2058.4607543945312,3363.444091796875,0.0016754262614995241,Ephemeroptera
1027,1498.0090637207031,2720.599334716797,1782.3531799316406,3029.06982421875,0.0016657954547554255,Ephemeroptera
1028,3888.1070556640625,400.0,3966.4007568359375,418.0142192840576,0.001660650596022606,Ephemeroptera
1029,1496.4910583496094,2000.0,1788.8196411132812,2067.1171340942383,0.0016581685049459338,Ephemeroptera
1030,1833.6314697265625,3080.214080810547,2024.797290802002,3220.1615295410156,0.0016559825744479895,Ephemeroptera
1031,3333.268600463867,944.7374267578125,3489.109649658203,1045.5980224609375,0.0016498771728947759,Ephemeroptera
1032,735.3454284667969,1159.4982299804688,900.0,1300.0,0.001646623364649713,Ephemeroptera
1033,3600.0221639871597,400.02921521663666,3628.406030654907,415.27138900756836,0.001643566763959825,Ephemeroptera
1034,1672.3158264160156,2484.4644088745117,1700.0,2671.6092529296875,0.0016405273927375674,Ephemeroptera
1035,3247.0072021484375,2400.0,3516.9574584960938,2427.040636062622,0.0016297976253554225,Ephemeroptera
1036,2075.805046081543,1534.4375610351562,2356.146240234375,1700.0,0.0016280807321891189,Ephemeroptera
1037,2759.9786682128906,400.0073790550232,2802.08154296875,433.9029235839844,0.0016048713587224483,Ephemeroptera
1038,3295.133270263672,2800.0,3514.2073974609375,2892.0096282958984,0.0015975231071934104,Ephemeroptera
1039,303.5467529296875,217.24404907226562,588.0895080566406,500.0,0.0015730567974969745,Ephemeroptera
1040,2800.0,2956.0,3054.9396209716797,3000.3089027404785,0.001569171785376966,Ephemeroptera
1041,1773.6732940673828,3219.96533203125,1910.8401184082031,3374.4197387695312,0.0015688168350607157,Ephemeroptera
1042,1554.3020629882812,26.21774673461914,1700.0,326.5604248046875,0.0015655579045414925,Ephemeroptera
1043,3288.7755126953125,653.5191802978516,3400.636474609375,688.4335632324219,0.0015636836178600788,Ephemeroptera
1044,1078.7620544433594,2774.2181701660156,1406.167739868164,2977.257095336914,0.001563430530950427,Ephemeroptera
1045,4117.202182769775,911.6190795898438,4270.416366577148,990.4269256591797,0.0015609613619744778,Ephemeroptera
1046,2369.196014404297,1932.5916137695312,2500.0,2359.295654296875,0.0015572981210425496,Ephemeroptera
1047,2281.666748046875,1153.1021728515625,2572.609405517578,1314.2237396240234,0.0015550843672826886,Ephemeroptera
1048,331.3206787109375,400.0,500.0,630.8424682617188,0.0015513721155002713,Ephemeroptera
1049,1442.9295043945312,1438.1749572753906,1654.2586669921875,1544.1632385253906,0.0015505265910178423,Ephemeroptera
1050,2080.9598236083984,2602.6002349853516,2323.8131713867188,2690.9482421875,0.0015482119051739573,Ephemeroptera
1051,4460.17919921875,2290.856689453125,4608.0,3300.0,0.0015266415430232882,Ephemeroptera
1052,3217.988006591797,1798.2529602050781,3300.0,2100.0,0.001519849058240652,Ephemeroptera
1053,553.3579406738281,1119.0115966796875,812.6500244140625,1337.5806427001953,0.0015187322860583663,Ephemeroptera
1054,2357.2947387695312,400.00117123126984,2432.0912475585938,450.57814025878906,0.0015142152551561594,Ephemeroptera
1055,2526.8361053466797,590.3943481445312,2726.95166015625,655.5130004882812,0.0015066018095239997,Ephemeroptera
1056,1786.7768859863281,1209.3550720214844,2029.8175659179688,1300.0,0.0015008706832304597,Ephemeroptera
1057,214.17684936523438,2733.560821533203,563.4343566894531,2908.260383605957,0.001499375095590949,Ephemeroptera
1058,4083.0586547851562,2344.245574951172,4100.0,2415.342010498047,0.001493714633397758,Ephemeroptera
1059,4000.0,400.00288784503937,4048.1509552001953,472.63365936279297,0.0014905212447047234,Ephemeroptera
1060,3600.0,3054.0632400512695,3647.312530517578,3284.821044921875,0.00148677674587816,Ephemeroptera
1061,2000.0,542.4223175048828,2052.662052154541,673.0266723632812,0.001477996469475329,Ephemeroptera
1062,3944.086456298828,1268.6892395019531,4086.3950805664062,1300.9442596435547,0.0014764490770176053,Ephemeroptera
1063,2800.0,2224.8416900634766,2827.495574951172,2500.0,0.0014624393079429865,Ephemeroptera
1064,2193.8736419677734,1634.08984375,2500.0,1700.0,0.0014576473040506244,Ephemeroptera
1065,3062.0946044921875,1079.4661865234375,3097.123046875,1127.5763854980469,0.0014548953622579575,Ephemeroptera
1066,1496.5652465820312,461.4568176269531,1792.3412628173828,500.0,0.001452618045732379,Ephemeroptera
1067,4085.3081665039062,1156.6562805175781,4099.948791503906,1276.0498962402344,0.0014461707323789597,Ephemeroptera
1068,1216.8706970214844,28.682851791381836,1300.0,308.5641784667969,0.0014437827048823237,Ephemeroptera
1069,2041.1751251220703,969.2801055908203,2131.622833251953,1300.0,0.0014356067404150963,Ephemeroptera
1070,1844.1379089355469,400.0485770404339,1894.8787231445312,417.0687828063965,0.0014323832001537085,Ephemeroptera
1071,1890.439208984375,2334.6849060058594,2194.4331817626953,2500.0,0.001427958719432354,Ephemeroptera
1072,1429.8462829589844,3273.982421875,1643.8848571777344,3300.0,0.00142211327329278,Ephemeroptera
1073,3527.5059814453125,1672.9996643066406,3643.6453247070312,1700.0,0.0014179047429934144,Ephemeroptera
1074,2105.669258117676,3216.5384216308594,2500.0,3320.046661376953,0.0014120625564828515,Ephemeroptera
1075,400.0,1526.708740234375,448.1963310241699,1708.7028274536133,0.0014106446178629994,Ephemeroptera
1076,3677.047637939453,1732.3849639892578,3699.989044189453,1923.286865234375,0.0014022091636434197,Ephemeroptera
1077,2691.7039794921875,1109.2107849121094,2781.6892700195312,1159.1557312011719,0.001382277230732143,Ephemeroptera
1078,2637.2692108154297,2387.1767578125,2985.4928131103516,2499.968475341797,0.0013819679152220488,Ephemeroptera
1079,0.0,1650.5784912109375,437.08233642578125,1700.0,0.0013751855585724115,Ephemeroptera
1080,2400.0,528.8855590820312,2464.0546493530273,709.4329833984375,0.0013577536446973681,Ephemeroptera
1081,2804.61688041687,800.0,2907.3457260131836,851.6397933959961,0.0013535202015191317,Ephemeroptera
1082,3663.8670043945312,2714.0794677734375,3700.0,2934.3682708740234,0.0013485407689586282,Ephemeroptera
1083,2353.784942626953,2851.184844970703,2526.137077331543,3139.872039794922,0.00134017423260957,Ephemeroptera
1084,4000.0,2449.7615966796875,4064.867401123047,2552.3923950195312,0.001338135451078415,Ephemeroptera
1085,3211.1270751953125,1932.8465576171875,3300.0,2263.130889892578,0.001335898763500154,Ephemeroptera
1086,3200.0,504.07738494873047,3233.3793296813965,566.7785339355469,0.0013351466041058302,Ephemeroptera
1087,3008.4031982421875,1290.6011047363281,3100.000244140625,1299.9539794921875,0.0013260323321446776,Ephemeroptera
1088,3659.469223022461,2825.53955078125,3909.3665466308594,2900.0,0.001325185876339674,Ephemeroptera
1089,1995.2310180664062,902.3929824829102,2100.998977661133,1163.05224609375,0.0013130521401762962,Ephemeroptera
1090,1402.9559631347656,1200.0,1700.0,1265.5554809570312,0.0013059101765975356,Ephemeroptera
1091,4085.0657348632812,3232.9225158691406,4099.954559326172,3316.5939025878906,0.0013048135442659259,Ephemeroptera
1092,800.0,1600.0,881.8044967651367,1940.2035217285156,0.001303238794207573,Ephemeroptera
1093,2670.2462158203125,1896.2872619628906,2989.835708618164,2100.0,0.0013023230712860823,Ephemeroptera
1094,1600.0,1811.9822998046875,1659.77152633667,2100.0,0.0012861436698585749,Ephemeroptera
1095,1631.4910888671875,1368.9123229980469,1700.0,1702.3215637207031,0.0012822162825614214,Ephemeroptera
1096,2055.7490234375,1200.0,2100.0,1432.7672424316406,0.0012793836649507284,Ephemeroptera
1097,1546.5501708984375,1600.0,1854.8870391845703,1665.429069519043,0.001277476199902594,Ephemeroptera
1098,1200.0,448.60593032836914,1454.7816772460938,504.53968048095703,0.001270898967050016,Ephemeroptera
1099,1610.805419921875,484.8494567871094,1699.961181640625,658.9838562011719,0.001269788946956396,Ephemeroptera
1100,2588.8504791259766,2760.7649841308594,2900.0,2918.3750610351562,0.001250041532330215,Ephemeroptera
1101,231.7025604248047,1186.3631896972656,500.0,1458.0108032226562,0.0012471083318814635,Ephemeroptera
1102,1600.0,2290.6011962890625,1664.6970291137695,2500.0,0.0012447265908122063,Ephemeroptera
1103,3887.3361206054688,1376.9299011230469,3947.731689453125,1458.462158203125,0.0012412546202540398,Ephemeroptera
1104,4017.2872924804688,964.8456878662109,4100.0,1144.09765625,0.0012281365925446153,Ephemeroptera
1105,2081.68603515625,736.7698974609375,2100.0,944.3238830566406,0.0012255352921783924,Ephemeroptera
1106,4066.7400512695312,154.19149780273438,4100.0,434.4297790527344,0.0012254208559170365,Ephemeroptera
1107,258.5577087402344,2398.6173706054688,500.0,2524.8984451293945,0.0012247336562722921,Ephemeroptera
1108,800.0,1536.9498291015625,844.407283782959,1821.5451202392578,0.0012215175665915012,Ephemeroptera
1109,3893.0589294433594,484.8291320800781,3980.8944702148438,499.9778747558594,0.0012117172591388226,Ephemeroptera
1110,2423.984130859375,839.6594772338867,2500.0,1097.1700134277344,0.0012100893072783947,Ephemeroptera
1111,4058.3077087402344,20.645952224731445,4099.9984130859375,160.0846710205078,0.0012064093025401235,Ephemeroptera
1112,2042.8715476989746,2000.0,2104.4335327148438,2437.3302612304688,0.0011977370595559478,Ephemeroptera
1113,255.85899353027344,2646.6668090820312,654.5586547851562,2900.0,0.0011963812867179513,Ephemeroptera
1114,1897.2654724121094,1839.1991577148438,2004.5199279785156,1973.2492065429688,0.0011832212330773473,Ephemeroptera
1115,1435.9160461425781,3367.5128479003906,1719.140121459961,3456.0,0.0011760455090552568,Ephemeroptera
1116,3714.8342361450195,2800.0,3802.5533142089844,2835.0463485717773,0.0011727985693141818,Ephemeroptera
1117,3600.0,2274.894287109375,3631.3469200134277,2438.2810668945312,0.0011564454762265086,Ephemeroptera
1118,576.9999542236328,1589.5020141601562,835.7257385253906,1681.1275634765625,0.0011549009941518307,Ephemeroptera
1119,3652.6324768066406,3291.3411254882812,3739.295852661133,3366.311737060547,0.0011539040133357048,Ephemeroptera
1120,1171.3226928710938,1246.8360900878906,1376.595199584961,1531.0950317382812,0.0011512350756675005,Ephemeroptera
1121,1184.6271362304688,494.21253204345703,1307.6431045532227,853.1892700195312,0.001149752177298069,Ephemeroptera
1122,3178.0052795410156,3013.2582244873047,3300.0,3329.1000366210938,0.0011322750942781568,Ephemeroptera
1123,2013.8194561004639,2765.1251220703125,2426.5679321289062,2900.0,0.0011319395853206515,Ephemeroptera
1124,3688.1217041015625,501.45225524902344,3699.9789123535156,618.4546508789062,0.0011295871809124947,Ephemeroptera
1125,771.3157653808594,1419.0440216064453,965.726318359375,1680.8860168457031,0.0011274440912529826,Ephemeroptera
1126,1926.7855529785156,1593.3020935058594,2040.7425537109375,1661.1092224121094,0.0011246127542108297,Ephemeroptera
1127,1600.0,1359.2412414550781,1661.5529556274414,1658.3165588378906,0.0011129386257380247,Ephemeroptera
1128,2800.0,580.52392578125,2856.3203620910645,784.3894348144531,0.0010992336319759488,Ephemeroptera
1129,681.6495361328125,672.8160400390625,900.0,963.8462982177734,0.0010948004201054573,Ephemeroptera
1130,3616.617431640625,2920.5580139160156,3700.0,3065.0899963378906,0.0010900060879066586,Ephemeroptera
1131,1658.2547912597656,2833.0786743164062,1904.5533752441406,2900.0,0.0010885716183111072,Ephemeroptera
1132,2857.309051513672,1600.0,2900.0,2046.2008972167969,0.0010858295718207955,Ephemeroptera
1133,800.0,2129.7962188720703,900.0,2394.0328063964844,0.0010844117496162653,Ephemeroptera
1134,367.8310241699219,2841.0797576904297,510.05272674560547,3061.9343872070312,0.0010732644004747272,Ephemeroptera
1135,3600.0,2067.2386169433594,3643.510467529297,2296.0000915527344,0.001073046587407589,Ephemeroptera
1136,3987.924560546875,2000.0,4059.8414764404297,2040.3026161193848,0.00107088265940547,Ephemeroptera
1137,440.68245697021484,2761.186279296875,692.5350646972656,2889.824676513672,0.0010706715984269977,Ephemeroptera
1138,2874.4505920410156,2287.873077392578,2977.1222076416016,2457.6889038085938,0.001070269732736051,Ephemeroptera
1139,3587.6407470703125,2400.0,3700.0,2755.7266845703125,0.0010669255862012506,Ephemeroptera
1140,2986.4288024902344,462.21942138671875,3044.313766479492,497.6060791015625,0.0010667090537026525,Ephemeroptera
1141,2000.0,3271.2987060546875,2268.8185119628906,3300.0,0.0010579579975456,Ephemeroptera
1142,3950.4159545898438,1200.0,4009.363494873047,1212.9470081329346,0.0010577423963695765,Ephemeroptera
1143,400.0,2956.0,796.4922790527344,3017.272575378418,0.0010572447208687663,Ephemeroptera
1144,1836.6761169433594,2863.7425842285156,2100.0,2900.0,0.0010530846193432808,Ephemeroptera
1145,2024.2372512817383,1652.2254943847656,2428.2394409179688,1700.0,0.0010509088169783354,Ephemeroptera
1146,619.3572998046875,838.8655891418457,703.6080017089844,936.106201171875,0.0010496176546439528,Ephemeroptera
1147,2884.5938720703125,1433.4183654785156,3049.623779296875,1635.1416015625,0.0010478742187842727,Ephemeroptera
1148,3600.0,3177.981430053711,3614.394757270813,3300.564239501953,0.0010426099179312587,Ephemeroptera
1149,2199.4358520507812,421.8204345703125,2417.5489501953125,500.0,0.0010388967348262668,Ephemeroptera
1150,1507.15380859375,2476.3611755371094,1595.47998046875,2640.519546508789,0.0010314981918781996,Ephemeroptera
1151,4490.708557128906,3303.9659118652344,4608.0,3456.0,0.0010251733474433422,Ephemeroptera
1152,3672.4632263183594,263.7369079589844,3699.8795471191406,321.93145751953125,0.0010196733055636287,Ephemeroptera
1153,1070.9523315429688,2674.8314514160156,1276.1681518554688,2764.044219970703,0.0010141500970348716,Ephemeroptera
1154,354.8356018066406,1200.0,493.43668365478516,1489.873779296875,0.001013202709145844,Ephemeroptera
1155,3934.4869689941406,2956.0,4003.5653076171875,2969.2932662963867,0.0010102060623466969,Ephemeroptera
1156,4018.7951049804688,2817.924774169922,4100.0,2961.684326171875,0.0010038323234766722,Ephemeroptera
1157,1430.5915832519531,800.0,1614.0261058807373,905.2569885253906,0.00100334279704839,Ephemeroptera
1158,2400.0,300.1087646484375,2448.7409477233887,384.16094970703125,0.0010032796999439597,Ephemeroptera
1159,3028.396270751953,2705.6473693847656,3237.276611328125,2900.0,0.0009936781134456396,Ephemeroptera
1160,2743.0723571777344,2400.0,2900.0,2527.7801971435547,0.000990771222859621,Ephemeroptera
1161,2085.883331298828,402.47161388397217,2100.0,570.5992279052734,0.000986807164736092,Ephemeroptera
1162,3607.1476488113403,165.22296142578125,3640.237434387207,182.78076171875,0.0009843740845099092,Ephemeroptera
1163,2668.283416748047,475.4302062988281,2764.5557250976562,500.0,0.0009798584505915642,Ephemeroptera
1164,2400.0,2232.7954711914062,2460.0722618103027,2480.8895568847656,0.0009674807661212981,Ephemeroptera
1165,3654.833293914795,2000.0,3756.8702392578125,2039.5125846862793,0.0009421674767509103,Ephemeroptera
1166,3600.0,2800.1986503601074,3645.4223823547363,2963.894744873047,0.000941536680329591,Ephemeroptera
1167,360.9961242675781,3309.3510131835938,527.7221221923828,3456.0,0.0009413976804353297,Ephemeroptera
1168,3600.0,2892.935775756836,3693.358543395996,3157.6023864746094,0.0009408905752934515,Ephemeroptera
1169,529.1116027832031,2047.182373046875,745.3254699707031,2247.6774291992188,0.0009383555734530091,Ephemeroptera
1170,2800.0,1263.9371871948242,2886.6207885742188,1600.6458129882812,0.0009271009475924075,Ephemeroptera
1171,3446.836471557617,2075.5783081054688,3555.874542236328,2099.9786376953125,0.0009238202474080026,Ephemeroptera
1172,1058.6287841796875,3306.2342529296875,1348.6154479980469,3456.0,0.0009185050730593503,Ephemeroptera
1173,2378.8964233398438,921.6910858154297,2508.8644485473633,1169.4418029785156,0.0009176967432722449,Ephemeroptera
1174,754.0329895019531,2850.9947776794434,914.5619888305664,3083.164306640625,0.0009167905081994832,Ephemeroptera
1175,1649.5576858520508,2909.125831604004,1898.8147583007812,3024.8429565429688,0.0009166761301457882,Ephemeroptera
1176,2048.9364166259766,1425.2349395751953,2285.744171142578,1590.40966796875,0.0009148175595328212,Ephemeroptera
1177,2441.3560485839844,890.1775131225586,2500.0,1165.8071594238281,0.0009139464236795902,Ephemeroptera
1178,2848.1660766601562,3141.0802001953125,2900.0,3456.0,0.0009129372774623334,Ephemeroptera
1179,2880.8731994628906,607.4382019042969,2900.0,703.5401000976562,0.0009107491350732744,Ephemeroptera
1180,2000.0,1194.199951171875,2077.9432983398438,1544.8431091308594,0.0009103883057832718,Ephemeroptera
1181,2249.791473388672,559.1332397460938,2341.0211181640625,646.1329498291016,0.0009098922600969672,Ephemeroptera
1182,1236.90767288208,911.0190887451172,1463.8852233886719,1012.3070983886719,0.000903198029845953,Ephemeroptera
1183,3539.1356506347656,546.0185699462891,3581.467529296875,575.5037536621094,0.0008993324008770287,Ephemeroptera
1184,359.7181396484375,818.0443286895752,500.0,1067.3757934570312,0.0008972008363343775,Ephemeroptera
1185,619.2212066650391,1970.5253601074219,894.5880432128906,2090.9171142578125,0.0008971670176833868,Ephemeroptera
1186,271.8642272949219,2702.832550048828,490.383056640625,2896.259063720703,0.0008970350027084351,Ephemeroptera
1187,407.25030517578125,3090.9532470703125,500.0,3452.385467529297,0.0008941354462876916,Ephemeroptera
1188,778.2645874023438,1255.9381484985352,900.0,1559.9563598632812,0.0008940999978221953,Ephemeroptera
1189,2476.5371322631836,1566.7902221679688,2898.3705444335938,1815.4031677246094,0.000888969749212265,Ephemeroptera
1190,3707.7032318115234,528.9188385009766,3764.1905517578125,567.9673614501953,0.0008884455310180783,Ephemeroptera
1191,3417.0968475341797,2400.0,3699.3797912597656,2490.118324279785,0.0008846311247907579,Ephemeroptera
1192,428.7690887451172,820.1192378997803,510.4582824707031,1058.9156188964844,0.0008837857167236507,Ephemeroptera
1193,3367.109146118164,1200.0,3442.0828399658203,1224.7735500335693,0.0008786425460129976,Ephemeroptera
1194,867.296875,1516.9878540039062,900.0,1890.5914916992188,0.000873787677846849,Ephemeroptera
1195,1645.0521545410156,1600.0,1700.0,1690.778419494629,0.0008715640869922936,Ephemeroptera
1196,1310.1820678710938,1600.0,1578.4985656738281,1649.3159561157227,0.0008657673024572432,Ephemeroptera
1197,3358.8311614990234,1281.8117065429688,3474.0454711914062,1300.0,0.0008643397013656795,Ephemeroptera
1198,1283.2751159667969,535.9429168701172,1299.9476318359375,668.1397705078125,0.0008620930020697415,Ephemeroptera
1199,4095.531951904297,274.9499206542969,4147.586975097656,338.79962158203125,0.0008607632480561733,Ephemeroptera
1200,2062.2518997192383,1979.0184020996094,2499.4203491210938,2165.7014770507812,0.0008549005724489689,Ephemeroptera
1201,3036.782928466797,684.8091735839844,3213.3545837402344,737.3001098632812,0.0008494135690853,Ephemeroptera
1202,628.2772521972656,1284.3107299804688,900.0,1300.0,0.0008479853859171271,Ephemeroptera
1203,3226.6817932128906,412.0694580078125,3331.0740509033203,500.0,0.0008478217059746385,Ephemeroptera
1204,2338.4385986328125,1260.8622436523438,2500.0,1300.0,0.0008432101458311081,Ephemeroptera
1205,3349.174026489258,1456.1408386230469,3406.053924560547,1527.00537109375,0.0008398047648370266,Ephemeroptera
1206,2489.831771850586,395.3911437988281,2669.974334716797,500.66507720947266,0.0008311147103086114,Ephemeroptera
1207,4000.0,2608.941604614258,4036.8204307556152,2758.6985473632812,0.0008304049842990935,Ephemeroptera
1208,4122.261484146118,1314.014419555664,4316.956436157227,1489.7907409667969,0.0008298225002363324,Ephemeroptera
1209,399.4259948730469,2000.0,681.6252746582031,2065.0140075683594,0.0008239452727138996,Ephemeroptera
1210,4116.146446228027,2070.964141845703,4205.54084777832,2100.0,0.0008201555465348065,Ephemeroptera
1211,2962.3775787353516,2842.642868041992,3267.150390625,2944.5834045410156,0.0008171164081431925,Ephemeroptera
1212,1600.0,457.3657531738281,1924.7363586425781,500.0,0.0008111398783512414,Ephemeroptera
1213,400.0,2925.5523681640625,598.7506256103516,3044.1951599121094,0.0008103116997517645,Ephemeroptera
1214,1942.480224609375,1243.1206665039062,2183.7696685791016,1300.0,0.000804643495939672,Ephemeroptera
1215,3287.1928100585938,936.6039733886719,3299.9540405273438,1016.7738952636719,0.0007990005542524159,Ephemeroptera
1216,3544.0738220214844,2875.331298828125,3697.8300170898438,2900.0,0.0007979338406585157,Ephemeroptera
1217,2679.3679809570312,1684.9289627075195,2900.0,1913.7637023925781,0.0007940861396491528,Ephemeroptera
1218,4435.509765625,1621.1429443359375,4608.0,2844.1220703125,0.0007907174294814467,Ephemeroptera
1219,2093.9901428222656,1150.19873046875,2177.3030700683594,1243.0413818359375,0.0007850679685361683,Ephemeroptera
1220,4108.0,779.4790954589844,4162.395431518555,878.6133728027344,0.0007802110048942268,Ephemeroptera
1221,1716.218276977539,914.5631790161133,1823.490005493164,1051.2717742919922,0.0007802057662047446,Ephemeroptera
1222,3805.1151733398438,2796.3290100097656,3960.957275390625,2840.0909423828125,0.0007734560058452189,Ephemeroptera
1223,3280.260467529297,1024.2398681640625,3300.0,1121.6719055175781,0.0007716045947745442,Ephemeroptera
1224,3611.522060394287,547.3000030517578,3662.828338623047,565.1714324951172,0.0007698627887293696,Ephemeroptera
1225,800.0,322.5277099609375,1157.6124267578125,530.2632904052734,0.0007663884898647666,Ephemeroptera
1226,4562.935607910156,74.30701446533203,4608.0,500.0,0.000765002507250756,Ephemeroptera
1227,3288.9772033691406,1454.4009704589844,3299.8526916503906,1525.7592163085938,0.0007628690800629556,Ephemeroptera
1228,3665.383857727051,2054.035472869873,3843.621322631836,2184.2398834228516,0.0007605789578519762,Ephemeroptera
1229,4350.10725402832,2400.0,4554.630523681641,2571.6275482177734,0.0007526625413447618,Ephemeroptera
1230,517.7086334228516,1900.6840209960938,668.1041870117188,1965.7286987304688,0.0007517997873947024,Ephemeroptera
1231,4088.901496887207,2817.733673095703,4361.358703613281,3005.3729553222656,0.0007504255045205355,Ephemeroptera
1232,2429.5474853515625,1029.4004516601562,2500.0,1300.0,0.0007462209323421121,Ephemeroptera
1233,3600.0,1600.0,3673.436180114746,1663.3536262512207,0.0007451492710970342,Ephemeroptera
1234,2890.4662475585938,17.973243713378906,2900.0,86.66415405273438,0.0007406188524328172,Ephemeroptera
1235,1211.679931640625,2800.0,1300.0,3249.2547912597656,0.0007380725583061576,Ephemeroptera
1236,2293.100341796875,2952.609390258789,2611.750457763672,3109.5316467285156,0.0007359925075434148,Ephemeroptera
1237,2138.930862426758,2956.0,2425.4490356445312,3009.114456176758,0.0007289122440852225,Ephemeroptera
1238,4054.218780517578,1515.8247680664062,4339.942718505859,1788.6690368652344,0.0007288764463737607,Ephemeroptera
1239,4108.0,890.5944900512695,4135.046155929565,979.2738037109375,0.0007282894221134484,Ephemeroptera
1240,1663.4781799316406,1201.5328407287598,1700.0,1532.530029296875,0.0007232991047203541,Ephemeroptera
1241,193.98321533203125,1600.0,462.91497802734375,1633.7355918884277,0.0007176620420068502,Ephemeroptera
1242,3037.1268920898438,1262.907470703125,3064.712677001953,1295.8688888549805,0.0007106713601388037,Ephemeroptera
1243,4108.0,18.94521713256836,4129.695804595947,211.552001953125,0.0007099274080246687,Ephemeroptera
1244,2666.9776000976562,1186.7643432617188,2811.7238159179688,1379.2142944335938,0.0007022714708000422,Ephemeroptera
1245,1721.9892044067383,2800.0,1858.1886291503906,2975.459762573242,0.0006990276160649955,Ephemeroptera
1246,800.0,2290.199188232422,1077.5638427734375,2591.6112060546875,0.0006964555941522121,Ephemeroptera
1247,1724.7610321044922,2000.0,1909.0254211425781,2047.7222785949707,0.0006938629667274654,Ephemeroptera
1248,798.6950988769531,1774.9950103759766,868.9855728149414,2003.0530090332031,0.0006903522880747914,Ephemeroptera
1249,2888.6066284179688,709.3701477050781,2899.8501892089844,810.6718444824219,0.000690084183588624,Ephemeroptera
1250,2320.753204345703,3226.1764526367188,2522.3122940063477,3456.0,0.0006883508176542819,Ephemeroptera
1251,4063.959991455078,1769.6425018310547,4100.0,1801.1922302246094,0.000685848412103951,Ephemeroptera
1252,927.7703018188477,882.5143737792969,994.202880859375,900.0,0.0006847881595604122,Ephemeroptera
1253,2492.0443801879883,2848.0226440429688,2864.4549255371094,2935.362335205078,0.000682122481521219,Ephemeroptera
1254,3071.4876708984375,1340.9888000488281,3158.7525024414062,1414.1304321289062,0.0006811892963014543,Ephemeroptera
1255,2000.033688545227,1062.4146423339844,2054.336051940918,1300.0,0.0006768141756765544,Ephemeroptera
1256,2473.7218856811523,3237.548309326172,2635.3336334228516,3456.0,0.0006753490306437016,Ephemeroptera
1257,1744.124267578125,459.4733581542969,2100.0,500.0,0.0006692424067296088,Ephemeroptera
1258,3600.3406047821045,3177.2177734375,3632.496124267578,3222.5604248046875,0.0006677935598418117,Ephemeroptera
1259,2435.575958251953,120.83525848388672,2500.0,443.300048828125,0.0006672372110188007,Ephemeroptera
1260,4081.235595703125,1446.0692443847656,4099.990753173828,1568.272216796875,0.0006663592648692429,Ephemeroptera
1261,984.3266906738281,1773.7038116455078,1131.77880859375,1877.0131530761719,0.0006634168676100671,Ephemeroptera
1262,2056.7894439697266,1244.4859428405762,2318.6577758789062,1316.4236679077148,0.0006627820548601449,Ephemeroptera
1263,2000.0,1642.2490234375,2117.2520904541016,1700.0,0.0006595335435122252,Ephemeroptera
1264,3602.8488159179688,3278.473907470703,3700.0,3456.0,0.0006592494901269674,Ephemeroptera
1265,1647.895908355713,666.9940185546875,1784.9752960205078,731.3036804199219,0.0006563409697264433,Ephemeroptera
1266,1227.4883422851562,1589.9468078613281,1443.6712341308594,1697.025276184082,0.0006523714982904494,Ephemeroptera
1267,2867.3266677856445,2400.0,3185.822265625,2457.503993988037,0.0006460623117163777,Ephemeroptera
1268,2574.474639892578,400.0,2721.8524169921875,427.80238914489746,0.0006423784652724862,Ephemeroptera
1269,4065.3814392089844,1871.6372375488281,4100.0,2086.2572631835938,0.0006421360303647816,Ephemeroptera
1270,2499.150230407715,474.1946716308594,2634.906036376953,532.6618499755859,0.0006419212440960109,Ephemeroptera
1271,800.0,2097.224853515625,870.1935729980469,2464.9205627441406,0.0006383655709214509,Ephemeroptera
1272,3718.337989807129,865.3452453613281,3833.442825317383,899.9368286132812,0.0006376563105732203,Ephemeroptera
1273,3910.8912658691406,901.1208419799805,3989.849578857422,942.7974090576172,0.0006376167293637991,Ephemeroptera
1274,4108.00322163105,548.9810028076172,4142.878112792969,596.4102478027344,0.0006364628789015114,Ephemeroptera
1275,3285.1604919433594,169.27276611328125,3300.0,191.6992950439453,0.0006342762499116361,Ephemeroptera
1276,3200.0,2586.382095336914,3273.009452819824,2782.481903076172,0.0006290291785262525,Ephemeroptera
1277,3200.406724214554,800.0,3261.5403785705566,982.2098693847656,0.0006261669914238155,Ephemeroptera
1278,4066.1480102539062,1353.7366790771484,4099.9459228515625,1456.7335205078125,0.0006259233341552317,Ephemeroptera
1279,2800.0,55.09342956542969,2813.662929534912,144.20718383789062,0.000621903920546174,Ephemeroptera
1280,2615.9249572753906,1415.5768432617188,2819.7373046875,1579.5907592773438,0.0006188145489431918,Ephemeroptera
1281,826.0937805175781,581.9922027587891,900.0,900.0,0.0006148837856017053,Ephemeroptera
1282,3687.5944213867188,1080.9358215332031,3699.823699951172,1158.5475463867188,0.0006143369828350842,Ephemeroptera
1283,3652.9454956054688,1109.445556640625,3718.8842544555664,1137.9447021484375,0.0006112665869295597,Ephemeroptera
1284,4049.4876708984375,473.50830078125,4122.938385009766,500.0,0.0006108507513999939,Ephemeroptera
1285,3034.6771697998047,2800,3125.3392639160156,2812.2487831115723,0.0006035914411768317,Ephemeroptera
1286,958.934326171875,2756.0681762695312,1175.7928771972656,2833.5048828125,0.000600071856752038,Ephemeroptera
1287,3428.7466583251953,3343.0219116210938,3817.040725708008,3456.0,0.0005985181778669357,Ephemeroptera
1288,4000.0233560800552,2076.264533996582,4027.9754638671875,2154.1665954589844,0.0005926396115683019,Ephemeroptera
1289,4019.1393127441406,3288.2806396484375,4090.013397216797,3300.0,0.0005909943138249218,Ephemeroptera
1290,3552.4059448242188,2000.0097870826721,3666.1239624023438,2114.9437103271484,0.0005907003069296479,Ephemeroptera
1291,4000.042738765478,2953.9307861328125,4014.508358001709,3001.4662017822266,0.0005868507432751358,Ephemeroptera
1292,446.2150573730469,1200.0,500.0,1503.2270202636719,0.0005853521870449185,Ephemeroptera
1293,1615.0325927734375,182.58953857421875,1700.0,375.34307861328125,0.0005822898237966001,Ephemeroptera
1294,3155.8673400878906,1501.5511474609375,3214.0874938964844,1524.5836181640625,0.0005782964872196317,Ephemeroptera
1295,3600.0,238.7916259765625,3648.515235900879,344.6415100097656,0.0005740044289268553,Ephemeroptera
1296,2987.5846557617188,3366.7259826660156,3373.445266723633,3456.0,0.0005735865561291575,Ephemeroptera
1297,2093.7337951660156,1152.1435852050781,2099.9210205078125,1194.1030578613281,0.0005721750785596669,Ephemeroptera
1298,1600.0,2515.3460388183594,1672.8287506103516,2831.764404296875,0.0005700942710973322,Ephemeroptera
1299,3394.332550048828,216.724853515625,3475.5687866210938,353.0093078613281,0.0005674901185557246,Ephemeroptera
1300,3168.44775390625,146.48419189453125,3243.2088012695312,187.90194702148438,0.0005636197165586054,Ephemeroptera
1301,3462.35107421875,477.24505615234375,3569.0367126464844,500.0,0.0005633729742839932,Ephemeroptera
1302,3190.01220703125,2928.3872680664062,3300.0,3322.1371154785156,0.0005589080974459648,Ephemeroptera
1303,1200.0,2464.639404296875,1443.0054168701172,2560.3350677490234,0.000550981261767447,Ephemeroptera
1304,1327.5559387207031,1671.5714950561523,1456.1809997558594,1815.4208221435547,0.0005501048872247338,Ephemeroptera
1305,987.2163696289062,248.21688842773438,1096.3063354492188,328.1552429199219,0.0005488636088557541,Ephemeroptera
1306,1539.8282775878906,2956.0,1777.7021484375,3030.97599029541,0.0005480966647155583,Ephemeroptera
1307,3236.0906677246094,3256.5956420898438,3300.0,3456.0,0.0005453123012557626,Ephemeroptera
1308,2192.960174560547,460.4681091308594,2337.9343872070312,500.0,0.00054503686260432,Ephemeroptera
1309,1617.6376819610596,400.00725984573364,1779.9534759521484,432.0635299682617,0.00054442003602162,Ephemeroptera
1310,1010.4747467041016,616.9509887695312,1142.1367797851562,755.1954650878906,0.0005432339967228472,Ephemeroptera
1311,3600.0,2703.334259033203,3621.3902320861816,2765.9681396484375,0.0005425682757049799,Ephemeroptera
1312,3415.5140838623047,2000.0,3565.458770751953,2032.2763633728027,0.0005421405076049268,Ephemeroptera
1313,1671.303955078125,2254.775619506836,1700.0,2500.0,0.0005420245579443872,Ephemeroptera
1314,505.3950653076172,754.240234375,925.227165222168,899.7066650390625,0.0005409842706285417,Ephemeroptera
1315,3112.422119140625,800.0,3287.4441528320312,856.456111907959,0.0005377974594011903,Ephemeroptera
1316,1805.7694854736328,988.8734283447266,1919.7695617675781,1171.3240051269531,0.0005374003085307777,Ephemeroptera
1317,2400.0,1655.5205383300781,2686.134063720703,1700.0,0.0005354213644750416,Ephemeroptera
1318,1600.0,945.8750457763672,1635.6586837768555,1059.378662109375,0.0005298288888297975,Ephemeroptera
1319,1395.0502166748047,1460.1934509277344,1543.119384765625,1564.0973510742188,0.0005283660138957202,Ephemeroptera
1320,3620.156280517578,1948.8034362792969,3700.0,2099.2191314697266,0.0005280358018353581,Ephemeroptera
1321,3176.037139892578,3101.982131958008,3314.998016357422,3396.9505920410156,0.0005280126351863146,Ephemeroptera
1322,2846.5654296875,2811.599373817444,2900.0,3092.0733947753906,0.000522755493875593,Ephemeroptera
1323,535.8260345458984,3250.8412475585938,766.4680786132812,3300.1709594726562,0.0005184870678931475,Ephemeroptera
1324,4216.060600280762,2000.0,4586.887664794922,2081.8970489501953,0.0005148748750798404,Ephemeroptera
1325,3353.6945037841797,2405.4669857025146,3554.932373046875,2633.640411376953,0.0005142637528479099,Ephemeroptera
1326,2150.7639923095703,1200.0,2229.226516723633,1212.817232131958,0.0005141142755746841,Ephemeroptera
1327,1255.0145263671875,1780.688232421875,1300.0,2100.0,0.0005119440611451864,Ephemeroptera
1328,3660.228240966797,1486.6299133300781,3699.4010009765625,1514.8163757324219,0.0005115019157528877,Ephemeroptera
1329,3685.9471435546875,1285.3177032470703,3700.0,1383.1827850341797,0.0005114938248880208,Ephemeroptera
1330,4475.207000732422,159.2025146484375,4608.0,1054.7948150634766,0.0005082565476186574,Ephemeroptera
1331,4124.699058532715,1200.0,4393.586822509766,1258.932704925537,0.0005056534428149462,Ephemeroptera
1332,917.0752563476562,3239.775421142578,1121.3865661621094,3401.046630859375,0.0005039995303377509,Ephemeroptera
1333,3825.1812896728516,3271.6405029296875,3973.5011596679688,3299.9981079101562,0.0005000691162422299,Ephemeroptera
1334,468.7848205566406,431.5289497375488,500.0,770.1607666015625,0.0004986630519852042,Ephemeroptera
1335,3494.8154296875,400.0,3553.3275451660156,419.3492660522461,0.0004977277712896466,Ephemeroptera
1336,1379.7390899658203,3028.437759399414,1602.0916137695312,3259.7359619140625,0.0004949066787958145,Ephemeroptera
1337,3672.563446044922,358.9859619140625,3700.0,397.69244384765625,0.0004936245386488736,Ephemeroptera
1338,3550.6001892089844,2287.2266845703125,3700.0,2543.563217163086,0.000492709456011653,Ephemeroptera
1339,2426.6742553710938,821.0691528320312,2499.8341674804688,899.9053955078125,0.0004914590390399098,Ephemeroptera
1340,2079.6102600097656,1217.5707340240479,2100.0,1449.7084350585938,0.0004900277708657086,Ephemeroptera
1341,800.0,1009.2164916992188,909.6962203979492,1290.369140625,0.0004890297423116863,Ephemeroptera
1342,2459.5914916992188,1592.3209838867188,2500.0,1713.3483657836914,0.0004884990630671382,Ephemeroptera
1343,1624.5534362792969,789.1925354003906,1700.0,1134.9159851074219,0.000487039826111868,Ephemeroptera
1344,204.25953674316406,439.8595886230469,500.0,500.0,0.0004842890484724194,Ephemeroptera
1345,2864.236473083496,2880.214630126953,3079.6988220214844,2900.0,0.0004839954781346023,Ephemeroptera
1346,1174.4948120117188,216.68109130859375,1243.52250289917,500.0,0.0004786160425283015,Ephemeroptera
1347,356.54083251953125,1270.860122680664,446.58697509765625,1349.6820373535156,0.0004746470076497644,Ephemeroptera
1348,2869.5438232421875,1349.6382751464844,2900.0,1700.0,0.00047333745169453323,Ephemeroptera
1349,4108.0,3056.0887603759766,4154.030704498291,3126.1929626464844,0.0004731069493573159,Ephemeroptera
1350,2800.0,940.7942352294922,2814.99684715271,1051.4762420654297,0.0004697180411312729,Ephemeroptera
1351,963.0222320556641,2400.0,1223.0897827148438,2508.9198837280273,0.0004689623892772943,Ephemeroptera
1352,2376.398468017578,2490.9454803466797,2503.308319091797,2900.0,0.00046851939987391233,Ephemeroptera
1353,2000.0,2778.04736328125,2061.795078277588,2900.0,0.0004625572473742068,Ephemeroptera
1354,1200.0,1313.48583984375,1269.1416854858398,1625.2306823730469,0.00046173043665476143,Ephemeroptera
1355,3900.9173278808594,2800.099940598011,3964.3082275390625,2817.112049102783,0.0004614114295691252,Ephemeroptera
1356,3452.1454315185547,3212.2158813476562,3551.6865844726562,3244.3356323242188,0.0004599887179210782,Ephemeroptera
1357,4475.39404296875,2400.0,4500.0,2599.118392944336,0.0004584240959957242,Ephemeroptera
1358,585.5703277587891,392.4820861816406,864.5961303710938,469.79492950439453,0.000455928297014907,Ephemeroptera
1359,4070.7738037109375,1286.4512481689453,4099.922668457031,1403.2086334228516,0.00045530745410360396,Ephemeroptera
1360,1491.2268676757812,1832.77783203125,1589.0241394042969,1965.8062438964844,0.00045482421410270035,Ephemeroptera
1361,641.125244140625,254.26988220214844,841.3002014160156,409.2145080566406,0.000454691587947309,Ephemeroptera
1362,3287.402587890625,248.4007568359375,3300.0,294.6702575683594,0.0004530151200015098,Ephemeroptera
1363,4108.137695670128,842.93408203125,4140.076560974121,881.6394348144531,0.00045091783977113664,Ephemeroptera
1364,1627.0864562988281,882.7554016113281,1700.0,1204.028076171875,0.0004479482595343143,Ephemeroptera
1365,2975.666290283203,2295.0591430664062,3165.5555114746094,2367.334991455078,0.0004472904256545007,Ephemeroptera
1366,194.28347778320312,2298.6239013671875,382.5705871582031,2518.1529083251953,0.0004422060155775398,Ephemeroptera
1367,1657.6831512451172,1200.0128656625748,1753.8545379638672,1220.5159187316895,0.0004404983192216605,Ephemeroptera
1368,2175.8736114501953,75.5828857421875,2335.95751953125,226.61209106445312,0.0004361880128271878,Ephemeroptera
1369,3731.0045166015625,2400.0,3970.1600036621094,2442.077091217041,0.00043592113070189953,Ephemeroptera
1370,1171.4635009765625,1251.4790649414062,1249.4205322265625,1300.0,0.00043546181404963136,Ephemeroptera
1371,1045.8595275878906,2844.7630920410156,1300.0,2907.457160949707,0.0004343657928984612,Ephemeroptera
1372,2028.8877487182617,1939.2702026367188,2445.165069580078,2099.8246154785156,0.00043317952076904476,Ephemeroptera
1373,3548.9403381347656,2908.1765899658203,3578.8759155273438,2932.074478149414,0.0004326634225435555,Ephemeroptera
1374,1600.0,661.7388610839844,1650.174949645996,843.6226806640625,0.0004311766824685037,Ephemeroptera
1375,2156.6397552490234,65.20318603515625,2364.318084716797,140.85406494140625,0.00042902829591184855,Ephemeroptera
1376,4075.6934204101562,2423.4954357147217,4100.0,2571.527053833008,0.0004290154029149562,Ephemeroptera
1377,3367.9076232910156,2073.114715576172,3455.799530029297,2100.0,0.0004282698791939765,Ephemeroptera
1378,1141.0043334960938,1423.8476257324219,1201.2922668457031,1531.8033752441406,0.0004273168451618403,Ephemeroptera
1379,2400.0,2017.555404663086,2482.91300201416,2360.443145751953,0.00042680976912379265,Ephemeroptera
1380,2800.027984380722,400.0,2846.7123489379883,453.2061080932617,0.00042544573079794645,Ephemeroptera
1381,1228.7928466796875,852.895450592041,1300.0,1190.8299560546875,0.0004254031227901578,Ephemeroptera
1382,4108.057017803192,205.07711791992188,4128.842679977417,241.35385131835938,0.00042402921826578677,Ephemeroptera
1383,4000.0,1256.9209594726562,4040.2377853393555,1296.0238342285156,0.00042325808317400515,Ephemeroptera
1384,2477.792739868164,877.9718322753906,2548.0716705322266,900.0,0.0004217099631205201,Ephemeroptera
1385,3600.0,2277.2650146484375,3613.211657524109,2345.821563720703,0.00042017450323328376,Ephemeroptera
1386,865.3851318359375,1200.0615745782852,1140.6120300292969,1291.7456359863281,0.00041953788604587317,Ephemeroptera
1387,2042.767822265625,2668.3384399414062,2100.0,2853.018524169922,0.0004179466050118208,Ephemeroptera
1388,3972.203887939453,2681.6678466796875,4071.100486755371,2795.8078002929688,0.00041642520227469504,Ephemeroptera
1389,1600.0,2880.2143783569336,1684.7942352294922,3132.490234375,0.0004157536895945668,Ephemeroptera
1390,800.0,2625.2216796875,966.2482604980469,2931.8810272216797,0.00041214757948182523,Ephemeroptera
1391,3412.9119873046875,1200,3477.5147094726562,1210.0004749298096,0.0004119442601222545,Ephemeroptera
1392,1271.1626892089844,2800.0,1300.0,3132.8826904296875,0.0004100907826796174,Ephemeroptera
1393,200.92909240722656,339.393798828125,500.0,501.77777099609375,0.00040987407555803657,Ephemeroptera
1394,2696.759307861328,2838.5638122558594,2868.2291870117188,2900.0,0.00040971036651171744,Ephemeroptera
1395,1894.1901550292969,2047.0880126953125,2194.261917114258,2100.0,0.00040950343827717006,Ephemeroptera
1396,3427.4519958496094,850.0070495605469,3590.729522705078,899.8893737792969,0.00040873666875995696,Ephemeroptera
1397,856.9887084960938,400.0,900.0,727.540771484375,0.0004081773804500699,Ephemeroptera
1398,202.10728454589844,466.8003387451172,340.7256164550781,646.6926574707031,0.00040622055530548096,Ephemeroptera
1399,3310.401298522949,1128.71728515625,3380.9535522460938,1202.248046875,0.00040520550101064146,Ephemeroptera
1400,3771.3932495117188,1227.9986267089844,3998.9031982421875,1300.0,0.00039920397102832794,Ephemeroptera
1401,2000,1681.0229187011719,2191.883773803711,1700.0,0.0003986567026004195,Ephemeroptera
1402,2400.0,15.642356872558594,2500.0,259.10845947265625,0.00039855961222201586,Ephemeroptera
1403,2400.0,863.6104354858398,2412.8353748321533,944.8507385253906,0.0003982180205639452,Ephemeroptera
1404,4120.814804077148,1600.0,4409.615142822266,1654.9448318481445,0.0003978620807174593,Ephemeroptera
1405,3524.1559143066406,1624.020170211792,3555.6425170898438,1665.915885925293,0.000393365160562098,Ephemeroptera
1406,4543.147766113281,879.8284378051758,4608.0,1268.8534240722656,0.0003926340432371944,Ephemeroptera
1407,1547.9145812988281,3185.9291076660156,1724.2118606567383,3298.6200256347656,0.00039213409763760865,Ephemeroptera
1408,803.6116600036621,3011.6356315612793,962.9074859619141,3130.5909729003906,0.0003909918887075037,Ephemeroptera
1409,2400.0,2956.0,2611.1317596435547,2986.5541610717773,0.00039049406768754125,Ephemeroptera
1410,2400.0,1143.7890014648438,2435.0871963500977,1229.9416198730469,0.00038989423774182796,Ephemeroptera
1411,1267.6359252929688,2478.376678466797,1299.985595703125,2739.028839111328,0.00038935471093282104,Ephemeroptera
1412,2442.313766479492,2882.1077270507812,2663.0098876953125,2900.0,0.00038889903225935996,Ephemeroptera
1413,3673.710906982422,2232.1647186279297,3700.0,2346.9883422851562,0.00038831515121273696,Ephemeroptera
1414,2106.205841064453,3279.1180114746094,2355.7702026367188,3300.0,0.00038717707502655685,Ephemeroptera
1415,2454.638153076172,2468.7953491210938,2500.0,2849.7986755371094,0.0003871325752697885,Ephemeroptera
1416,3583.1827697753906,800.0411838293076,3660.3147888183594,809.2645530700684,0.00038706965278834105,Ephemeroptera
1417,1226.869535446167,2299.655792236328,1378.9505004882812,2373.9334716796875,0.00038677864358760417,Ephemeroptera
1418,650.9101867675781,2530.9794158935547,869.50732421875,2727.78662109375,0.0003845123283099383,Ephemeroptera
1419,4000.0,2374.5678100585938,4045.7804527282715,2447.8228454589844,0.00038338114973157644,Ephemeroptera
1420,2000.0,2487.948776245117,2190.841766357422,2588.4641876220703,0.0003831610083580017,Ephemeroptera
1421,3770.507858276367,477.22369384765625,3889.964874267578,499.93792724609375,0.000381956051569432,Ephemeroptera
1422,3381.2174530029297,1287.5529174804688,3428.8375549316406,1299.9903564453125,0.0003800542326644063,Ephemeroptera
1423,4075.9428100585938,3010.248191833496,4100.0,3263.4728393554688,0.00037971112760715187,Ephemeroptera
1424,2832.6145401000977,3228.9842224121094,3047.8931732177734,3327.0592651367188,0.00037855992559343576,Ephemeroptera
1425,1285.2391357421875,296.6698303222656,1299.9955139160156,470.35546875,0.0003780899860430509,Ephemeroptera
1426,2800.0,2031.3018798828125,2865.5601654052734,2225.5757751464844,0.0003777178644668311,Ephemeroptera
1427,1361.272720336914,2047.4187927246094,1604.1060485839844,2100.0,0.0003761214029509574,Ephemeroptera
1428,2400.0,2223.031036376953,2484.2103424072266,2381.2433166503906,0.00037597151822410524,Ephemeroptera
1429,3420.076934814453,3231.9419555664062,3612.0660705566406,3366.7381896972656,0.0003755574580281973,Ephemeroptera
1430,2767.5448303222656,1489.3449401855469,2900.0,1708.6060485839844,0.0003753040509764105,Ephemeroptera
1431,883.3175048828125,2400.0,900.0,2614.1536407470703,0.00037334958324208856,Ephemeroptera
1432,2455.320941925049,1035.9971923828125,2546.8180084228516,1097.9012145996094,0.0003731677425093949,Ephemeroptera
1433,2804.6312255859375,871.1653747558594,2900.0,899.9871215820312,0.0003720679378602654,Ephemeroptera
1434,2425.6043395996094,1207.961344718933,2500.0,1523.2333984375,0.0003707829746417701,Ephemeroptera
1435,2878.5103454589844,3049.3475494384766,2899.9555053710938,3177.5438079833984,0.00036930153146386147,Ephemeroptera
1436,4108.006100535393,281.0244445800781,4116.23753452301,353.35540771484375,0.00036772433668375015,Ephemeroptera
1437,2717.7499389648438,2432.810401916504,2796.111541748047,2582.555465698242,0.0003670516889542341,Ephemeroptera
1438,2879.064666748047,54.622047424316406,2917.737289428711,81.08060455322266,0.0003642277151811868,Ephemeroptera
1439,2032.745849609375,33.08088684082031,2100.0,329.25323486328125,0.00036288448609411716,Ephemeroptera
1440,2400.0,561.5299224853516,2417.142686843872,638.618896484375,0.00036286687827669084,Ephemeroptera
1441,1600.0,1787.5889739990234,1633.647201538086,2028.9540710449219,0.0003588662657421082,Ephemeroptera
1442,4108.0,2176.7924194335938,4231.150543212891,2490.2327575683594,0.00035736695281229913,Ephemeroptera
1443,3575.014678955078,376.35870361328125,3607.8368225097656,403.4409484863281,0.0003559464239515364,Ephemeroptera
1444,1541.4403381347656,2956.0,1623.1829528808594,2963.433096408844,0.00035495421616360545,Ephemeroptera
1445,3600.020992010832,2871.1102447509766,3607.3220343589783,2939.730422973633,0.00034963537473231554,Ephemeroptera
1446,4108.0,1356.4756164550781,4122.628270149231,1428.3102111816406,0.0003490721865091473,Ephemeroptera
1447,4556.125183105469,442.45836639404297,4608.0,862.7408142089844,0.00034753012005239725,Ephemeroptera
1448,4108.0,1469.0850219726562,4148.803440093994,1582.8976135253906,0.0003451062657404691,Ephemeroptera
1449,1417.9334716796875,999.6558380126953,1607.8222351074219,1125.9271545410156,0.000344280299032107,Ephemeroptera
1450,1679.20263671875,677.3629150390625,1700.0,842.2603759765625,0.00034258951200172305,Ephemeroptera
1451,2497.482109069824,800.0,2629.7052612304688,859.5931358337402,0.0003387185570318252,Ephemeroptera
1452,3656.551544189453,957.2162475585938,3699.7634887695312,976.7599182128906,0.0003373938088770956,Ephemeroptera
1453,2932.7398834228516,1600.0,3161.8399963378906,1653.4802551269531,0.00033655212610028684,Ephemeroptera
1454,2400.0,1332.3543243408203,2484.3573303222656,1620.9706726074219,0.00033601964241825044,Ephemeroptera
1455,3863.9841918945312,865.4347534179688,3893.1603393554688,898.2538146972656,0.0003357247042004019,Ephemeroptera
1456,3543.829345703125,260.8187561035156,3575.1893005371094,306.22998046875,0.00033557350980117917,Ephemeroptera
1457,4046.343475341797,3002.832794189453,4100.0,3143.2515716552734,0.0003353721695020795,Ephemeroptera
1458,3279.6453552246094,1600,3299.6934814453125,1664.0075454711914,0.00033420653198845685,Ephemeroptera
1459,4065.9088134765625,2134.4893493652344,4099.892242431641,2203.1741333007812,0.0003316511574666947,Ephemeroptera
1460,4490.233367919922,2716.1961059570312,4608.0,2910.333106994629,0.0003304726560600102,Ephemeroptera
1461,3200.0,1093.8744201660156,3250.307548522949,1224.3737182617188,0.000329535745549947,Ephemeroptera
1462,1374.940673828125,1681.7002258300781,1630.8351440429688,1700.0,0.00032928763539530337,Ephemeroptera
1463,597.3684997558594,2067.382583618164,758.4765319824219,2170.8656158447266,0.000328230467857793,Ephemeroptera
1464,3200.0,430.90929985046387,3244.286922454834,500.0,0.0003253775357734412,Ephemeroptera
1465,4107.348846435547,2956.0,4417.134246826172,3005.2920417785645,0.0003250141453463584,Ephemeroptera
1466,2400.0,2888.2957458496094,2460.8453636169434,3102.625274658203,0.00032353424467146397,Ephemeroptera
1467,623.5460205078125,1078.1044616699219,798.151123046875,1175.8654174804688,0.00032270376686938107,Ephemeroptera
1468,1656.41650390625,1311.1198043823242,1700.0,1595.8397827148438,0.00032162966090254486,Ephemeroptera
1469,3200,224.55430603027344,3231.1603393554688,299.48516845703125,0.00031782890437170863,Ephemeroptera
1470,3600.0,3337.83642578125,3700.0,3456.0,0.0003160265914630145,Ephemeroptera
1471,3795.4756622314453,2956.0239327549934,3845.6748962402344,2997.0080490112305,0.0003153099969495088,Ephemeroptera
1472,2871.9808654785156,848.4170913696289,2900.0,1084.9030151367188,0.00031525231315754354,Ephemeroptera
1473,3157.7108459472656,2032.5737915039062,3341.6259002685547,2100.0,0.0003149732365272939,Ephemeroptera
1474,3197.122039794922,1320.7461395263672,3294.3915405273438,1419.8536376953125,0.0003142593486700207,Ephemeroptera
1475,2000.0,1704.9297332763672,2083.504295349121,1895.7975463867188,0.0003133743302896619,Ephemeroptera
1476,3008.283233642578,400.2532362937927,3045.4669494628906,430.35654640197754,0.0003128904209006578,Ephemeroptera
1477,2067.2968368530273,2078.5865783691406,2168.450424194336,2182.366012573242,0.0003113475686404854,Ephemeroptera
1478,800.0,3097.107467651367,892.5257720947266,3335.4568481445312,0.0003103097842540592,Ephemeroptera
1479,2800.0,253.39012145996094,2843.038116455078,361.76416015625,0.00030990326195023954,Ephemeroptera
1480,2253.943115234375,3402.456329345703,2500.0,3456.0,0.0003096167929470539,Ephemeroptera
1481,1231.636667251587,1649.5335693359375,1537.5643615722656,1700.0,0.00030838686507195234,Ephemeroptera
1482,2368.545379638672,2956.0924229621887,2500.0,2986.7748737335205,0.00030663603683933616,Ephemeroptera
1483,3200.0,1600.0,3251.6591567993164,1643.8236808776855,0.00030610355315729976,Ephemeroptera
1484,1600.0,1600.0,1620.269676208496,1853.4305114746094,0.00030519525171257555,Ephemeroptera
1485,3691.2394409179688,1116.8242797851562,3699.8553161621094,1204.055419921875,0.0003036564157810062,Ephemeroptera
1486,2589.4515380859375,2800.0536918640137,2740.625518798828,2865.9842071533203,0.00030270780553109944,Ephemeroptera
1487,3891.1375122070312,950.9129333496094,3975.2605895996094,994.2913818359375,0.00030261141364462674,Ephemeroptera
1488,4448.696838378906,94.32476806640625,4608.0,725.67431640625,0.0003024971520062536,Ephemeroptera
1489,3178.4450073242188,1675.05322265625,3273.2520446777344,1700.0,0.0003010571817867458,Ephemeroptera
1490,3656.857391357422,90.12278747558594,3699.7277221679688,223.70265197753906,0.0003000434080604464,Ephemeroptera
1491,3200.0,1892.9869995117188,3227.5115127563477,2078.0701293945312,0.0002997474803123623,Ephemeroptera
1492,3600.019110739231,1294.4308013916016,3628.7544078826904,1340.5012969970703,0.0002994926762767136,Ephemeroptera
1493,1937.7196350097656,315.9843444824219,2105.1958541870117,486.1941223144531,0.00029684414039365947,Ephemeroptera
1494,3559.789276123047,2400.0,3688.238998413086,2518.960189819336,0.0002963402366731316,Ephemeroptera
1495,2407.101631164551,2400.0,2627.0758209228516,2445.1982955932617,0.00029632754740305245,Ephemeroptera
1496,709.9252624511719,2400.0,885.5302429199219,2631.1824798583984,0.0002949093177448958,Ephemeroptera
1497,2000.0,2309.1583862304688,2070.535575866699,2500.0,0.00029401012579910457,Ephemeroptera
1498,2922.2638626098633,1027.371597290039,2984.6270141601562,1062.4544982910156,0.0002934520016424358,Ephemeroptera
1499,3175.665985107422,2331.1889038085938,3271.080535888672,2533.682632446289,0.00029340304899960756,Ephemeroptera
1500,1600.0,168.3285675048828,1643.7977180480957,366.3359680175781,0.0002930790069513023,Ephemeroptera
1501,3200.0,522.7647323608398,3215.37730884552,605.1454467773438,0.00029296334832906723,Ephemeroptera
1502,1834.596206665039,3242.4906311035156,2100.0,3300.0,0.0002878040832001716,Ephemeroptera
1503,3706.1058044433594,212.5454864501953,3738.680892944336,282.4370422363281,0.00028727855533361435,Ephemeroptera
1504,4019.491386413574,2083.3204650878906,4123.655319213867,2099.998992919922,0.0002869446179829538,Ephemeroptera
1505,3499.8798828125,2000.0,3692.8756713867188,2081.8750915527344,0.0002868034935090691,Ephemeroptera
1506,1482.8113098144531,2400.0,1700.0,2444.282497406006,0.0002861368120647967,Ephemeroptera
1507,1001.0446014404297,1643.9849586486816,1038.8843536376953,1730.2125854492188,0.0002847866271622479,Ephemeroptera
1508,2652.8472442626953,2837.389778137207,2814.811798095703,2935.445266723633,0.00028396781999617815,Ephemeroptera
1509,0.0,1600.0,369.2572937011719,1655.8583450317383,0.00028361284057609737,Ephemeroptera
1510,2978.9956665039062,2400.0,3265.9881591796875,2459.2242469787598,0.0002814068866427988,Ephemeroptera
1511,2298.8006896972656,2438.721710205078,2542.5232849121094,2500.0,0.0002808721619658172,Ephemeroptera
1512,3733.742172241211,1712.2252349853516,3809.3524475097656,1744.2099914550781,0.0002787816047202796,Ephemeroptera
1513,4108.0,1198.9228210449219,4144.0137939453125,1306.3846130371094,0.0002784145181067288,Ephemeroptera
1514,3556.543914794922,2800.0,3674.5340270996094,2828.7274589538574,0.0002778367488645017,Ephemeroptera
1515,3200.0,561.88525390625,3212.624324798584,643.9005889892578,0.00027754309121519327,Ephemeroptera
1516,1689.8702850341797,1275.1640319824219,1740.3290710449219,1299.9941711425781,0.0002747214457485825,Ephemeroptera
1517,690.3243103027344,2378.5750732421875,877.7658386230469,2499.8885192871094,0.00027458317345008254,Ephemeroptera
1518,2000.0334411859512,517.7371520996094,2056.3040504455566,634.2338104248047,0.00027415258227847517,Ephemeroptera
1519,0.0,2353.886688232422,213.80479431152344,2530.592788696289,0.0002735497255343944,Ephemeroptera
1520,79.4770736694336,452.2626037597656,317.7693786621094,500.0,0.0002717480529099703,Ephemeroptera
1521,1585.4370727539062,890.962890625,1646.7677001953125,900.0,0.00027036209939979017,Ephemeroptera
1522,3600.0,52.83651351928711,3619.313943862915,127.48294067382812,0.0002697197487577796,Ephemeroptera
1523,1068.7409362792969,349.36920166015625,1173.707763671875,416.0516357421875,0.0002692272246349603,Ephemeroptera
1524,2808.5660219192505,3417.3006591796875,3174.144744873047,3456.0,0.00026836383040063083,Ephemeroptera
1525,2058.6348304748535,272.84521484375,2212.3123626708984,370.1408996582031,0.00026811857242137194,Ephemeroptera
1526,2065.451385498047,866.0585021972656,2100.0,900.0,0.0002659129386302084,Ephemeroptera
1527,1648.7899780273438,1661.2367553710938,1999.9120788574219,1700.0,0.00026413609157316387,Ephemeroptera
1528,1762.6798095703125,2800.0,2033.107421875,2846.7826499938965,0.000263254129095003,Ephemeroptera
1529,3687.9207763671875,1554.6240234375,3700.0,1637.7378540039062,0.0002623383479658514,Ephemeroptera
1530,1200.0,896.3656463623047,1216.4061031341553,1086.2390441894531,0.0002621850580908358,Ephemeroptera
1531,2022.6203002929688,940.7556457519531,2100.0,1154.2615356445312,0.00026105536380782723,Ephemeroptera
1532,3639.8932495117188,1600.0,3719.0884552001953,1629.8490829467773,0.0002608262584544718,Ephemeroptera
1533,4050.1385803222656,2707.165008544922,4116.5571365356445,2813.891590118408,0.00026000020443461835,Ephemeroptera
1534,4000.0,1841.6561126708984,4015.8346767425537,1944.2919616699219,0.0002589808718767017,Ephemeroptera
1535,825.5735473632812,1435.0004272460938,900.0,1617.9403381347656,0.0002585708280093968,Ephemeroptera
1536,1600,1202.7030029296875,1641.348014831543,1300.0,0.00025844882475212216,Ephemeroptera
1537,3394.2794494628906,484.6107482910156,3504.8932495117188,499.9002380371094,0.0002582453889772296,Ephemeroptera
1538,2667.1161193847656,1600.0,2819.860321044922,1846.2247619628906,0.0002580106083769351,Ephemeroptera
1539,4108.0,2357.1033325195312,4118.974834442139,2416.6057739257812,0.00025537743931636214,Ephemeroptera
1540,2047.4394836425781,2873.019744873047,2100.0,3096.752655029297,0.0002551046491134912,Ephemeroptera
1541,3355.1616973876953,1455.4129638671875,3403.2972412109375,1501.788818359375,0.00025383164756931365,Ephemeroptera
1542,1600.0,3342.1206665039062,1833.9247741699219,3456.0,0.0002534369705244899,Ephemeroptera
1543,468.1793441772461,1764.53759765625,555.7386474609375,1848.4903869628906,0.0002528936311136931,Ephemeroptera
1544,3729.8956909179688,3178.750457763672,3802.1722259521484,3201.9437866210938,0.0002524087321944535,Ephemeroptera
1545,1730.2900390625,2463.5716552734375,2028.906494140625,2500.0,0.0002521593414712697,Ephemeroptera
1546,1218.4074878692627,2447.5935974121094,1479.2068481445312,2500.0,0.0002521516289561987,Ephemeroptera
1547,2400.0,1620.149850845337,2454.857681274414,1970.7479858398438,0.00024882389698177576,Ephemeroptera
1548,3523.974853515625,655.9830627441406,3600.410186767578,682.6439819335938,0.00024831248447299004,Ephemeroptera
1549,1364.8833465576172,2028.1246185302734,1491.8594360351562,2199.4988403320312,0.0002467164886184037,Ephemeroptera
1550,3269.0149002075195,892.9037475585938,3358.4452362060547,900.0,0.0002465765574015677,Ephemeroptera
1551,1291.1811599731445,2400.0,1635.361328125,2446.6038093566895,0.0002464496355969459,Ephemeroptera
1552,2343.9481811523438,175.48492431640625,2379.6796875,200.05299377441406,0.0002449020103085786,Ephemeroptera
1553,2800.0,1255.5984954833984,2815.65629863739,1421.4717102050781,0.00024311574816238135,Ephemeroptera
1554,3727.427909851074,1276.5738525390625,3839.8307342529297,1300.0,0.0002417593786958605,Ephemeroptera
1555,3264.4228515625,1425.406982421875,3299.8233337402344,1471.4710693359375,0.0002409463922958821,Ephemeroptera
1556,949.4994812011719,2870.737274169922,1273.86865234375,2900.0,0.0002406506973784417,Ephemeroptera
1557,4372.3642578125,2851.4502563476562,4608.0,2932.1297607421875,0.0002404247788945213,Ephemeroptera
1558,1530.7945861816406,800,1700.0,829.1080741882324,0.00023863770184107125,Ephemeroptera
1559,1955.8367309570312,2964.652443885803,1979.5372619628906,2987.6319637298584,0.00023516743385698646,Ephemeroptera
1560,4066.4224243164062,2000.0,4100.0,2050.933120727539,0.00023416105250362307,Ephemeroptera
1561,3226.102340698242,1600.0038012862206,3282.684585571289,1613.2071676254272,0.0002320113853784278,Ephemeroptera
1562,1743.5749816894531,3043.7829971313477,1829.0790557861328,3148.9574279785156,0.00023130654881242663,Ephemeroptera
1563,3193.9544677734375,2000.1451432704926,3376.5758209228516,2052.1380920410156,0.00023121570120565593,Ephemeroptera
1564,3152.2800903320312,2800,3238.1173706054688,2824.9209842681885,0.00023117472301237285,Ephemeroptera
1565,708.0929870605469,2800.0,933.9214782714844,2938.3519134521484,0.00023092181072570384,Ephemeroptera
1566,549.9245452880859,3275.6744384765625,674.2891540527344,3295.5564575195312,0.0002308436669409275,Ephemeroptera
1567,141.32257080078125,2007.8638916015625,428.371337890625,2100.0,0.0002298639010405168,Ephemeroptera
1568,1381.8660736083984,681.0820007324219,1514.701416015625,812.0828552246094,0.00022940999770071357,Ephemeroptera
1569,2710.1488647460938,1200.0,2754.809051513672,1208.1894845962524,0.00022906706726644188,Ephemeroptera
1570,4072.00927734375,956.847412109375,4099.97119140625,1154.1346435546875,0.0002290349657414481,Ephemeroptera
1571,269.8739929199219,610.9912872314453,431.71795654296875,742.0492553710938,0.00022880469623487443,Ephemeroptera
1572,4095.5797729492188,1270.1280212402344,4316.598846435547,1300.0,0.00022838950098957866,Ephemeroptera
1573,2800,1035.229232788086,2830.8190116882324,1075.6469116210938,0.00022816183627583086,Ephemeroptera
1574,2400.0,2832.4857788085938,2421.334114074707,3030.582809448242,0.00022681616246700287,Ephemeroptera
1575,2482.9042358398438,421.5104103088379,2499.9305725097656,539.3358459472656,0.00022669036115985364,Ephemeroptera
1576,2875.2033920288086,2150.059555053711,2979.534942626953,2279.6124572753906,0.00022650173923466355,Ephemeroptera
1577,3506.752197265625,2995.121871948242,3648.738006591797,3049.98583984375,0.00022545266256202012,Ephemeroptera
1578,3559.9089965820312,1345.6026611328125,3595.2755432128906,1421.5941925048828,0.0002253501588711515,Ephemeroptera
1579,138.18214416503906,808.9902954101562,497.6125793457031,900.0,0.00022519355115946382,Ephemeroptera
1580,323.829345703125,1340.2129364013672,500.0,1615.3260192871094,0.0002248517848784104,Ephemeroptera
1581,3685.131072998047,401.63400173187256,3699.817840576172,497.11348724365234,0.00022450453252531588,Ephemeroptera
1582,83.61763763427734,1235.4244384765625,369.5240478515625,1300.0,0.0002243280177935958,Ephemeroptera
1583,991.1766510009766,1200.0,1186.3175048828125,1246.811264038086,0.00022413623810280114,Ephemeroptera
1584,1608.892846107483,1667.4330749511719,1830.4157257080078,1700.0,0.0002236783184343949,Ephemeroptera
1585,3938.1800537109375,830.7688655853271,3981.8502807617188,855.1759185791016,0.00022293163056019694,Ephemeroptera
1586,2145.209457397461,2409.8949584960938,2452.3612060546875,2500.0,0.00022255891235545278,Ephemeroptera
1587,4087.3223266601562,383.5854187011719,4100.0,519.9493179321289,0.00022238751989789307,Ephemeroptera
1588,3650.0216369628906,86.2648696899414,3699.615753173828,187.29299926757812,0.00022235487995203584,Ephemeroptera
1589,1672.5160217285156,2781.343231201172,1870.129638671875,2907.631446838379,0.00022225355496630073,Ephemeroptera
1590,531.2120971679688,1234.6066360473633,781.7975158691406,1349.2412872314453,0.00022184514091350138,Ephemeroptera
1591,3965.3392333984375,2756.08154296875,4012.501791000366,2830.521728515625,0.00022132074809633195,Ephemeroptera
1592,4106.708541870117,1891.304443359375,4156.967670440674,1958.9297485351562,0.0002207462675869465,Ephemeroptera
1593,2679.9522705078125,528.9499053955078,2728.78173828125,560.7516937255859,0.00022064421500544995,Ephemeroptera
1594,4400.707244873047,577.5079193115234,4460.093811035156,837.5365295410156,0.00021940648730378598,Ephemeroptera
1595,2205.55810546875,1623.9866333007812,2388.4701232910156,1821.149154663086,0.00021803365962114185,Ephemeroptera
1596,3822.5885620117188,1289.9484634399414,3905.6362915039062,1477.9773559570312,0.0002178241848014295,Ephemeroptera
1597,3600.0,2732.4678344726562,3629.257511138916,2840.055938720703,0.00021782025578431785,Ephemeroptera
1598,1224.4823684692383,2000.0,1455.0167388916016,2074.52286529541,0.00021764317352790385,Ephemeroptera
1599,2101.527214050293,2714.2208557128906,2233.187774658203,2762.335235595703,0.00021691103756893426,Ephemeroptera
1600,278.73529052734375,2012.6501083374023,500.0,2161.1739196777344,0.0002161298762075603,Ephemeroptera
1601,332.9281311035156,374.1458740234375,722.4904479980469,500.0,0.0002152892848243937,Ephemeroptera
1602,3200.0,2852.047348022461,3244.0182609558105,3021.3400650024414,0.00021522688621189445,Ephemeroptera
1603,2106.517837524414,2800.0,2355.336700439453,2873.3818893432617,0.00021438856492750347,Ephemeroptera
1604,708.7942810058594,984.911865234375,773.5277099609375,1099.9989013671875,0.00021419796394184232,Ephemeroptera
1605,4348.404541015625,377.9423828125,4544.024200439453,500.0,0.0002141875447705388,Ephemeroptera
1606,2072.3465423583984,464.064208984375,2167.9612579345703,500.0,0.00021409157488960773,Ephemeroptera
1607,826.6311874389648,1404.8401336669922,1054.436782836914,1528.9923095703125,0.00021328819275368005,Ephemeroptera
1608,363.0089416503906,2342.2000732421875,521.8620986938477,2500.0,0.00021283497335389256,Ephemeroptera
1609,834.6575012207031,2753.7820434570312,946.7300415039062,2807.9544677734375,0.00021239060151856393,Ephemeroptera
1610,599.7816619873047,43.75984573364258,828.3051452636719,88.52987670898438,0.00021205248776823282,Ephemeroptera
1611,4310.234268188477,1062.76220703125,4608.0,1771.6624755859375,0.00021142401965335011,Ephemeroptera
1612,2524.0360717773438,2956.0,2816.380126953125,3015.092067718506,0.00021047306654509157,Ephemeroptera
1613,4108.0,954.4667205810547,4151.365692138672,1200.9686889648438,0.00021030915377195925,Ephemeroptera
1614,3324.753677368164,1676.1735534667969,3366.5162963867188,1699.8545227050781,0.0002100468409480527,Ephemeroptera
1615,2446.3812828063965,1253.9765014648438,2628.3348388671875,1299.9667663574219,0.00020852827583439648,Ephemeroptera
1616,4108.0,2985.6239318847656,4128.25541305542,3084.3787689208984,0.00020661977760028094,Ephemeroptera
1617,1852.8042755126953,3009.154064178467,2017.9697875976562,3079.657196044922,0.00020531420886982232,Ephemeroptera
1618,3217.1365661621094,1200.0,3297.020233154297,1208.9387407302856,0.00020474397751968354,Ephemeroptera
1619,2000.0,3210.217483520508,2042.9422988891602,3324.0703735351562,0.00020426993432920426,Ephemeroptera
1620,229.2294464111328,1050.768569946289,450.9783630371094,1285.3682556152344,0.00020421211957000196,Ephemeroptera
1621,3671.0433044433594,2973.990375518799,3852.833740234375,3054.8987884521484,0.00020410853903740644,Ephemeroptera
1622,487.74867248535156,1683.7639770507812,773.801513671875,1797.222396850586,0.00020400814537424594,Ephemeroptera
1623,2563.695831298828,2447.5915908813477,2649.701141357422,2542.582473754883,0.00020137921092100441,Ephemeroptera
1624,1200,2266.7186889648438,1211.4632730484009,2324.83349609375,0.00020002987002953887,Ephemeroptera
1625,3600,682.8866577148438,3623.8434734344482,721.669189453125,0.0001999371888814494,Ephemeroptera
1626,674.4512023925781,3430.8116455078125,755.1568603515625,3456.0,0.00019989049178548157,Ephemeroptera
1627,2414.1804809570312,30.869007110595703,2500.0,298.0481262207031,0.0001992154138861224,Ephemeroptera
1628,1120.5650939941406,1692.1169738769531,1193.9965209960938,1700.0,0.00019667859305627644,Ephemeroptera
1629,996.5984191894531,93.01004028320312,1163.3650817871094,277.57989501953125,0.0001961682428373024,Ephemeroptera
1630,2784.9463806152344,2800.0,2969.3287353515625,2835.5480613708496,0.00019548839190974832,Ephemeroptera
1631,1225.5554504394531,1326.8392333984375,1441.9596252441406,1406.7587432861328,0.00019499004702083766,Ephemeroptera
1632,3095.84765625,3245.9507446289062,3300.0,3371.01123046875,0.0001949781581060961,Ephemeroptera
1633,1281.483268737793,169.75576782226562,1443.6676788330078,278.7211608886719,0.00019421018077991903,Ephemeroptera
1634,2400.0,1886.1868286132812,2456.233470916748,2100.0,0.00019406450155656785,Ephemeroptera
1635,1886.2162170410156,1313.896873474121,2031.6723937988281,1551.7203674316406,0.00019384482584428042,Ephemeroptera
1636,3200.0,2840.0230407714844,3238.9315910339355,2988.474655151367,0.0001938089553732425,Ephemeroptera
1637,4059.623809814453,2530.5852661132812,4100.0,2745.619659423828,0.00019367964705452323,Ephemeroptera
1638,3893.8474731445312,2414.952362060547,3920.0781860351562,2436.1937561035156,0.0001936102198669687,Ephemeroptera
1639,1611.1056804656982,3185.0823669433594,1877.3329162597656,3292.037109375,0.0001933252060553059,Ephemeroptera
1640,3600.0,1086.1755981445312,3644.313232421875,1221.1052551269531,0.0001926651457324624,Ephemeroptera
1641,400.0,2828.2230854034424,500.0,2922.0669174194336,0.00019213314226362854,Ephemeroptera
1642,3600.0,121.0683822631836,3615.845859527588,197.09378051757812,0.00019172504835296422,Ephemeroptera
1643,1972.6777038574219,2000.0,2044.6489295959473,2265.1537475585938,0.00019085337407886982,Ephemeroptera
1644,3232.876007080078,2017.064453125,3300.0,2396.88134765625,0.00018953444669023156,Ephemeroptera
1645,1681.5054016113281,3045.273971557617,1699.9954223632812,3172.423324584961,0.00018935868865810335,Ephemeroptera
1646,4108.085987150669,2248.19775390625,4126.9930057525635,2289.678009033203,0.0001890507119242102,Ephemeroptera
1647,477.88934326171875,3041.2706298828125,499.9975280761719,3248.8492431640625,0.00018895918037742376,Ephemeroptera
1648,1426.3518371582031,800.0,1610.3562316894531,828.2291107177734,0.0001874278241302818,Ephemeroptera
1649,2400.445795059204,2483.7866821289062,2601.6895294189453,2500.0,0.00018726081179920584,Ephemeroptera
1650,2491.4983673095703,463.83673095703125,2567.5865173339844,499.99786376953125,0.00018627014651428908,Ephemeroptera
1651,4444.408935546875,2886.8694763183594,4500.0,3194.0660400390625,0.000185228738700971,Ephemeroptera
1652,4233.602142333984,1183.5966186523438,4515.311828613281,1309.3187713623047,0.00018509227083995938,Ephemeroptera
1653,432.9582939147949,400.0,590.4964447021484,438.61215591430664,0.0001847616513259709,Ephemeroptera
1654,3333.861526489258,2400.0,3549.345672607422,2447.667766571045,0.00018447260663378984,Ephemeroptera
1655,884.3870162963867,3188.2758178710938,1184.5328979492188,3317.893798828125,0.00018420914420858026,Ephemeroptera
1656,1996.8572998046875,2400.0,2100.0,2448.9321632385254,0.00018313679902348667,Ephemeroptera
1657,3200.019834190607,148.33946228027344,3223.008918762207,238.70181274414062,0.00018312230531591922,Ephemeroptera
1658,3232.929672241211,1373.63720703125,3316.1186904907227,1414.4325256347656,0.00018245252431370318,Ephemeroptera
1659,1233.00439453125,3240.405242919922,1300.0,3456.0,0.00018172955606132746,Ephemeroptera
1660,815.8607959747314,2299.5612182617188,990.9543304443359,2432.6984252929688,0.0001812778355088085,Ephemeroptera
1661,583.6299133300781,1295.873550415039,758.54541015625,1431.6972045898438,0.00018116483988706023,Ephemeroptera
1662,3296.7661056518555,1377.2715301513672,3359.697982788086,1457.6181030273438,0.00017997770919464529,Ephemeroptera
1663,4200.820785522461,263.7931213378906,4281.373184204102,328.3239440917969,0.00017990377091336995,Ephemeroptera
1664,2400.0555649399757,736.3751525878906,2414.2401275634766,837.9397277832031,0.00017987066530622542,Ephemeroptera
1665,790.1948547363281,3190.269577026367,914.364860534668,3456.0,0.0001779601734597236,Ephemeroptera
1666,2330.8507080078125,2400.0,2494.3958129882812,2424.5050563812256,0.0001779345329850912,Ephemeroptera
1667,432.1880111694336,90.78242492675781,584.7247619628906,386.2164611816406,0.00017687799117993563,Ephemeroptera
1668,2271.2091064453125,2471.224281311035,2453.963897705078,2636.0471801757812,0.00017667519568931311,Ephemeroptera
1669,1358.3831481933594,400.0,1614.2638549804688,430.30968856811523,0.00017594090604688972,Ephemeroptera
1670,3764.3077545166016,1479.3826904296875,3782.3426971435547,1516.57861328125,0.00017537345411255956,Ephemeroptera
1671,4405.9862060546875,1576.6876831054688,4500.0,1703.0281524658203,0.00017484115960542113,Ephemeroptera
1672,3845.958465576172,2093.0330200195312,3896.926055908203,2100.0,0.00017468702571932226,Ephemeroptera
1673,3200.0,3269.8703002929688,3285.7340087890625,3456.0,0.0001746097404975444,Ephemeroptera
1674,2400.0,3238.5225830078125,2465.151657104492,3456.0,0.00017400726210325956,Ephemeroptera
1675,3133.5606079101562,884.041015625,3233.7341918945312,900.0,0.0001733017124934122,Ephemeroptera
1676,418.32091903686523,1600.0,645.8453826904297,1620.4097442626953,0.00017310997645836323,Ephemeroptera
1677,4108.0,2940.4569702148438,4189.579551696777,3041.3796005249023,0.00017286009097006172,Ephemeroptera
1678,865.4072265625,1009.4422760009766,900.0,1205.4268493652344,0.00017211340309586376,Ephemeroptera
1679,3656.31103515625,3304.9318237304688,3700.0,3456.0,0.0001718841231195256,Ephemeroptera
1680,2839.6314086914062,1808.6070556640625,2962.6452026367188,2090.768524169922,0.0001717632112558931,Ephemeroptera
1681,3600.0,906.3834915161133,3645.8948364257812,1012.6158752441406,0.00017168509657494724,Ephemeroptera
1682,628.669921875,2000,809.6508178710938,2032.0664596557617,0.00017154586385004222,Ephemeroptera
1683,2848.1795654296875,2344.202362060547,2900.0,2730.6616821289062,0.0001712591911200434,Ephemeroptera
1684,2845.5684814453125,1827.5908966064453,2984.5706481933594,1944.8265686035156,0.00017124840815085918,Ephemeroptera
1685,4234.227127075195,218.88632202148438,4277.057220458984,276.89337158203125,0.0001710512733552605,Ephemeroptera
1686,1600.0,2444.3759689331055,1632.3170890808105,2676.832305908203,0.00017092362395487726,Ephemeroptera
1687,2072.3046875,3074.927291870117,2135.3391876220703,3165.265090942383,0.00017023447435349226,Ephemeroptera
1688,3687.274932861328,1455.7733459472656,3699.802215576172,1520.1871948242188,0.00017002764798235148,Ephemeroptera
1689,1141.1402587890625,420.9531192779541,1284.6734008789062,668.6206359863281,0.00016902109200600535,Ephemeroptera
1690,3447.0081787109375,528.4390869140625,3498.3558654785156,558.567138671875,0.00016885065997485071,Ephemeroptera
1691,2518.109085083008,882.8287048339844,2584.004592895508,900.0,0.0001672637736191973,Ephemeroptera
1692,800.0,3105.2608642578125,900.1905212402344,3299.687286376953,0.00016690387565176934,Ephemeroptera
1693,3649.1234741210938,2064.198974609375,3700.0,2257.6942443847656,0.0001668935437919572,Ephemeroptera
1694,2723.5682067871094,1263.0455017089844,2957.925308227539,1300.0,0.00016676484665367752,Ephemeroptera
1695,3272.639190673828,1200,3299.80029296875,1219.979160308838,0.00016614742344245315,Ephemeroptera
1696,3644.057403564453,3372.6117553710938,3699.9569396972656,3456.0,0.00016577080532442778,Ephemeroptera
1697,3045.292709350586,3192.722610473633,3298.695037841797,3317.196807861328,0.0001657202374190092,Ephemeroptera
1698,3285.5382080078125,842.981575012207,3299.8637084960938,913.3181304931641,0.00016567061538808048,Ephemeroptera
1699,3566.3995666503906,1907.2786865234375,3599.1190795898438,1939.1753234863281,0.00016559117648284882,Ephemeroptera
1700,2800.0,2374.8700256347656,2900.0,2500.0,0.00016521661018487066,Ephemeroptera
1701,1688.7808227539062,433.9329833984375,1728.9204711914062,463.1697692871094,0.00016505316307302564,Ephemeroptera
1702,3600,1279.1189270019531,3610.4316120147705,1300.0,0.0001648222969379276,Ephemeroptera
1703,841.9441680908203,1117.1675720214844,1030.7282409667969,1218.9163818359375,0.00016470273840241134,Ephemeroptera
1704,4165.280586242676,3266.6852416992188,4367.842346191406,3300.0,0.00016441747720818967,Ephemeroptera
1705,3674.3934631347656,2599.1502227783203,3699.903594970703,2718.2080688476562,0.0001637726672925055,Ephemeroptera
1706,4000.0,364.2046813964844,4006.422070980072,419.65948486328125,0.00016355435946024954,Ephemeroptera
1707,3135.742950439453,194.1685028076172,3156.1307983398438,229.3341827392578,0.0001630008773645386,Ephemeroptera
1708,3600.0,2000.0,3671.2012634277344,2028.746431350708,0.0001627933670533821,Ephemeroptera
1709,591.6545867919922,1670.788215637207,804.8786010742188,1851.4979400634766,0.00016257728566415608,Ephemeroptera
1710,1200.0,813.8617553710938,1300.0,900.0,0.00016222977137658745,Ephemeroptera
1711,2882.435874938965,2800,3040.9920043945312,2830.0186157226562,0.00016215430514421314,Ephemeroptera
1712,1796.5403442382812,2400.0,2085.3123168945312,2432.439208984375,0.000162000535055995,Ephemeroptera
1713,1885.1838989257812,3014.690216064453,2025.2143249511719,3049.4762954711914,0.00016078863700386137,Ephemeroptera
1714,4327.352813720703,1600.0,4521.4630126953125,1669.6398620605469,0.0001606493315193802,Ephemeroptera
1715,331.73309326171875,770.2694091796875,428.69158935546875,967.4728393554688,0.00016041957132983953,Ephemeroptera
1716,3285.0412368774414,436.7766304016113,3384.9747619628906,466.7718734741211,0.00015998193703126162,Ephemeroptera
1717,280.15155029296875,3150.2547302246094,410.635986328125,3268.9454956054688,0.00015993478882592171,Ephemeroptera
1718,1511.480712890625,2461.579704284668,1598.1746826171875,2566.6581420898438,0.00015967348008416593,Ephemeroptera
1719,2144.6741333007812,400.03871843218803,2195.566421508789,409.0094223022461,0.00015927234198898077,Ephemeroptera
1720,1266.672752380371,2629.7330932617188,1455.1835021972656,2736.06787109375,0.0001590971660334617,Ephemeroptera
1721,1365.379409790039,995.1751403808594,1483.6701354980469,1071.8648376464844,0.0001590169413248077,Ephemeroptera
1722,800.0,1503.607666015625,820.0510368347168,1691.7097091674805,0.00015892719966359437,Ephemeroptera
1723,1065.4794311523438,2480.8475341796875,1296.9761352539062,2500.0,0.00015856800018809736,Ephemeroptera
1724,854.8834838867188,3086.2101440429688,900.0,3369.3229370117188,0.00015752982289995998,Ephemeroptera
1725,1726.7036895751953,1814.4203643798828,1857.2279052734375,1869.6653747558594,0.00015743401309009641,Ephemeroptera
1726,3912.7840576171875,1200.1278638839722,3971.927215576172,1211.5779867172241,0.0001572433247929439,Ephemeroptera
1727,2052.364303588867,3168.9486389160156,2233.399169921875,3269.4556884765625,0.00015700886433478445,Ephemeroptera
1728,3142.873779296875,356.4934997558594,3163.401641845703,384.14385986328125,0.00015666788385715336,Ephemeroptera
1729,842.9135437011719,1175.9821166992188,900.0,1232.2332458496094,0.00015664740931242704,Ephemeroptera
1730,2800.0,1056.0846862792969,2829.4928665161133,1174.6134643554688,0.0001561174722155556,Ephemeroptera
1731,2192.152557373047,0.0,2366.628692626953,30.303478240966797,0.0001559352094773203,Ephemeroptera
1732,4591.343078613281,806.0152292251587,4607.995758056641,1021.4918670654297,0.00015572554548271,Ephemeroptera
1733,3637.5088806152344,2956.0,3699.1497497558594,2984.7935848236084,0.00015541998436674476,Ephemeroptera
1734,2517.8809204101562,2724.061309814453,2653.961227416992,2829.5438842773438,0.00015538766456302255,Ephemeroptera
1735,446.81243896484375,1526.5570983886719,499.6585693359375,1583.5028381347656,0.0001551815657876432,Ephemeroptera
1736,2108.5208892822266,800,2162.1798095703125,832.2470588684082,0.00015491321391891688,Ephemeroptera
1737,620.4324645996094,2183.2117614746094,838.7968139648438,2422.5665893554688,0.00015475715918000787,Ephemeroptera
1738,2400.0,2000.0,2499.8148498535156,2070.951286315918,0.0001547233696328476,Ephemeroptera
1739,2589.894241333008,400.0,2647.8358459472656,406.1072506904602,0.00015471245569642633,Ephemeroptera
1740,2061.610321044922,1450.8820037841797,2093.5383911132812,1474.3126525878906,0.00015468604397028685,Ephemeroptera
1741,1276.6658935546875,3247.9329528808594,1300.0,3456.0,0.00015398777031805366,Ephemeroptera
1742,3771.190399169922,1276.2997741699219,3853.2735290527344,1299.8446350097656,0.00015325886488426477,Ephemeroptera
1743,2459.6307678222656,99.94099426269531,2500.0,134.1991729736328,0.00015319940575864166,Ephemeroptera
1744,3961.6065673828125,3170.8048400878906,3991.0629272460938,3189.458709716797,0.00015302961401175708,Ephemeroptera
1745,2676.025115966797,3203.2745208740234,2900.0,3312.8034057617188,0.000152986278408207,Ephemeroptera
1746,1250.3996353149414,841.1264343261719,1488.2718505859375,900.0,0.0001521165540907532,Ephemeroptera
1747,1551.9203796386719,2465.798095703125,1627.8517150878906,2499.480712890625,0.00015157069719862193,Ephemeroptera
1748,2661.662567138672,2154.814727783203,2893.8274536132812,2310.8595275878906,0.00015139029710553586,Ephemeroptera
1749,1271.5052490234375,800,1300.0,976.0233459472656,0.00015137629816308618,Ephemeroptera
1750,3562.5693969726562,2458.6055297851562,3700.0,2500.0,0.00015079628792591393,Ephemeroptera
1751,3600.043274462223,1704.9833068847656,3605.6644344329834,1737.065170288086,0.0001507672423031181,Ephemeroptera
1752,3275.1578369140625,53.90471649169922,3299.9178771972656,147.22056579589844,0.0001498522615293041,Ephemeroptera
1753,2735.7572631835938,2209.9163970947266,2863.095947265625,2253.8048706054688,0.00014983340224716812,Ephemeroptera
1754,2111.5845642089844,2400.0,2330.3885803222656,2584.899124145508,0.00014941337576601654,Ephemeroptera
1755,594.0364990234375,297.4286193847656,679.6267700195312,388.2266540527344,0.00014930898032616824,Ephemeroptera
1756,1794.2574920654297,574.9779815673828,1867.934326171875,673.6839294433594,0.00014928478049114347,Ephemeroptera
1757,2666.842041015625,1212.8064575195312,2777.531005859375,1299.958984375,0.000149096580571495,Ephemeroptera
1758,1670.4611282348633,755.3790588378906,1832.0284881591797,881.7800903320312,0.0001488163397880271,Ephemeroptera
1759,800.0194936990738,2000,849.5918235778809,2087.609214782715,0.00014710989489685744,Ephemeroptera
1760,4087.1782989501953,1659.7971496582031,4302.309539794922,1699.9664916992188,0.00014692962577100843,Ephemeroptera
1761,3693.523895263672,621.9767608642578,3699.892333984375,692.5766906738281,0.00014676216233056039,Ephemeroptera
1762,3301.6943969726562,2833.352294921875,3518.3247680664062,2900.0,0.00014667416689917445,Ephemeroptera
1763,3450.1668395996094,2452.896209716797,3638.5560913085938,2500.0,0.0001457449543522671,Ephemeroptera
1764,2400,2492.642021179199,2445.949531555176,2671.9634399414062,0.0001455192978028208,Ephemeroptera
1765,1915.768798828125,2859.5284423828125,2001.595703125,2900.0,0.00014536397065967321,Ephemeroptera
1766,2587.2189025878906,3128.564987182617,2809.8447875976562,3316.8150634765625,0.00014525963342748582,Ephemeroptera
1767,533.6761779785156,2880.820755004883,595.1180725097656,3012.826370239258,0.0001450949057471007,Ephemeroptera
1768,3986.971435546875,3374.447052001953,4136.524444580078,3456.0,0.000144864316098392,Ephemeroptera
1769,2077.7536010742188,1603.5582542419434,2099.935089111328,1805.2529754638672,0.000144679332152009,Ephemeroptera
1770,2246.7657165527344,2000.0,2500.0,2029.3498306274414,0.0001446728565497324,Ephemeroptera
1771,1700.6692657470703,1200.001423060894,1823.1341094970703,1217.580509185791,0.00014463892148341984,Ephemeroptera
1772,2800,184.86065673828125,2809.5602226257324,263.03863525390625,0.00014434255717787892,Ephemeroptera
1773,2868.1255493164062,1508.345947265625,2900.0,1700.0,0.00014423124957829714,Ephemeroptera
1774,2854.8887634277344,1200.0,2900.0,1246.1452255249023,0.00014374013699125499,Ephemeroptera
1775,4519.676208496094,1178.7429504394531,4608.0,1457.0085144042969,0.0001434669829905033,Ephemeroptera
1776,574.3391571044922,1295.7343444824219,711.1734313964844,1339.1287994384766,0.00014275491412263364,Ephemeroptera
1777,527.9992904663086,2800.0,811.5322265625,2831.9965591430664,0.0001424629590474069,Ephemeroptera
1778,3306.311325073242,2826.935199737549,3472.4900817871094,2900.0,0.00014190695947036147,Ephemeroptera
1779,608.9009246826172,2587.314254760742,708.3775634765625,2735.5118408203125,0.00014152601943351328,Ephemeroptera
1780,3124.5064086914062,800.0,3282.2463989257812,823.9460563659668,0.00014118297258391976,Ephemeroptera
1781,3600.2614229917526,192.9410400390625,3648.86962890625,217.30609130859375,0.00014100779662840068,Ephemeroptera
1782,1072.0548706054688,2593.246871948242,1202.4830932617188,2645.458251953125,0.00014004997501615435,Ephemeroptera
1783,441.32923889160156,2870.740509033203,748.2084350585938,2900.0,0.00014001099043525755,Ephemeroptera
1784,3286.6986389160156,700.9468078613281,3300.0,798.0176086425781,0.0001399886969011277,Ephemeroptera
1785,1010.9178009033203,800.0,1212.8420715332031,844.8482437133789,0.0001395323924953118,Ephemeroptera
1786,2400.0,1200.0,2500.0,1270.5713653564453,0.00013944022066425532,Ephemeroptera
1787,3262.6261596679688,622.4967041015625,3300.0,650.0049591064453,0.00013928792031947523,Ephemeroptera
1788,3217.4896850585938,2541.1384887695312,3300.0,2819.275604248047,0.00013925791427027434,Ephemeroptera
1789,3570.6788635253906,877.6745300292969,3603.1328125,897.1586608886719,0.00013918914191890508,Ephemeroptera
1790,1978.7194519042969,2956,2022.64013671875,2960.9126892089844,0.0001382183691021055,Ephemeroptera
1791,3600.0,1396.647933959961,3617.833694458008,1494.447509765625,0.0001371434045722708,Ephemeroptera
1792,290.17462158203125,2542.339370727539,447.432373046875,2829.9711303710938,0.0001369181409245357,Ephemeroptera
1793,4590.8721923828125,441.77928161621094,4607.963195800781,664.0189514160156,0.0001356732245767489,Ephemeroptera
1794,4108.0,2111.7496032714844,4145.821220397949,2168.8997192382812,0.000135317663080059,Ephemeroptera
1795,2293.8856201171875,220.4312286376953,2366.828338623047,335.9225769042969,0.00013503474474418908,Ephemeroptera
1796,646.43115234375,2956.0,900.0,2985.682720184326,0.00013464527728501707,Ephemeroptera
1797,3239.4449882507324,2540.803726196289,3367.121337890625,2687.228973388672,0.00013400638999883085,Ephemeroptera
1798,3075.0523681640625,2863.265354156494,3138.9449157714844,2969.450210571289,0.0001339997397735715,Ephemeroptera
1799,4135.866455078125,2800.0,4341.8548583984375,2826.0081939697266,0.00013385849888436496,Ephemeroptera
1800,1770.0823669433594,886.0622863769531,1870.1692504882812,899.9874572753906,0.0001335416891379282,Ephemeroptera
1801,1254.48779296875,0.0,1300.0,230.14569091796875,0.00013344266335479915,Ephemeroptera
1802,2000.0,726.8934631347656,2112.7192993164062,805.9564208984375,0.00013332361413631588,Ephemeroptera
1803,1559.0280151367188,3162.340576171875,1640.9574890136719,3245.96826171875,0.00013316732656676322,Ephemeroptera
1804,413.38385009765625,3275.3990783691406,500.0,3298.1698608398438,0.00013263356231618673,Ephemeroptera
1805,3546.5643310546875,473.68341064453125,3626.527587890625,499.9356384277344,0.00013219946413300931,Ephemeroptera
1806,2775.1075744628906,574.2397766113281,2824.7457580566406,602.419189453125,0.00013185752322897315,Ephemeroptera
1807,828.9299011230469,2899.6814498901367,1035.5383911132812,3041.5220794677734,0.00013118544302415103,Ephemeroptera
1808,518.5878753662109,1931.4298095703125,670.4720153808594,1999.1057434082031,0.00013079137715976685,Ephemeroptera
1809,3800.128890991211,400.20148158073425,3836.722137451172,429.722713470459,0.00013037088501732796,Ephemeroptera
1810,3679.951202392578,2861.2695922851562,3699.7166748046875,2944.6466369628906,0.00013030451373197138,Ephemeroptera
1811,1493.5694580078125,1712.3252868652344,1615.2156982421875,1789.465576171875,0.0001302580494666472,Ephemeroptera
1812,400.0,3382.1614685058594,515.6392364501953,3456.0,0.00013018939353059977,Ephemeroptera
1813,4477.285827636719,1841.343978881836,4608.0,2100.0,0.00012957978469785303,Ephemeroptera
1814,4014.6485567092896,1600.0,4195.638565063477,1649.1582641601562,0.00012929097283631563,Ephemeroptera
1815,3600.0339552760124,1852.8487701416016,3612.2645416259766,2003.7570495605469,0.00012928024807479233,Ephemeroptera
1816,2800.018760561943,814.0176887512207,2813.5316314697266,889.3224945068359,0.00012917662388645113,Ephemeroptera
1817,223.35986328125,1658.115810394287,416.29742431640625,1820.643783569336,0.00012881473230663687,Ephemeroptera
1818,449.9888725280762,3154.776885986328,715.9795227050781,3271.3164978027344,0.0001286939368583262,Ephemeroptera
1819,3867.3793029785156,800.0,3938.064453125,818.8198471069336,0.00012855093518737704,Ephemeroptera
1820,2890.5098571777344,1137.6309509277344,2899.9846801757812,1197.3335266113281,0.0001282793382415548,Ephemeroptera
1821,434.1182861328125,2687.498565673828,500.0,2900.0,0.00012821683776564896,Ephemeroptera
1822,3684.087646484375,2731.1280822753906,3700.0,2900.0,0.00012708605208899826,Ephemeroptera
1823,1200,2332.5479431152344,1207.8424272537231,2410.927490234375,0.00012652897567022592,Ephemeroptera
1824,2373.869659423828,438.93890380859375,2477.7179260253906,500.0,0.00012652041914407164,Ephemeroptera
1825,2101.4232177734375,2938.0311889648438,2322.0625610351562,3066.563201904297,0.00012558707385323942,Ephemeroptera
1826,4000.0,421.9639949798584,4036.085292816162,476.16747283935547,0.00012557940499391407,Ephemeroptera
1827,2800.2318799495697,662.9366455078125,2863.468925476074,750.5748291015625,0.00012516624701675028,Ephemeroptera
1828,3917.2976989746094,1840.3993530273438,3960.0994567871094,1874.3016662597656,0.0001246568135684356,Ephemeroptera
1829,4080.712471008301,2400.532767891884,4122.052803039551,2410.159004211426,0.0001240124402102083,Ephemeroptera
1830,2102.160789489746,887.6005249023438,2150.493881225586,899.9138793945312,0.00012352595513220876,Ephemeroptera
1831,4108.025177747011,594.04736328125,4120.600702285767,657.2057189941406,0.00012339574459474534,Ephemeroptera
1832,1883.2056884765625,525.029052734375,1922.0926208496094,547.3960571289062,0.00012339104432612658,Ephemeroptera
1833,3137.281524658203,354.09552001953125,3149.0626220703125,369.3609619140625,0.00012330706522334367,Ephemeroptera
1834,778.7594909667969,1200.0,951.8827667236328,1249.7098121643066,0.00012328894808888435,Ephemeroptera
1835,2940.897018432617,1279.5615539550781,3024.250717163086,1300.0,0.00012293712643440813,Ephemeroptera
1836,2218.535369873047,800.0,2392.8563232421875,864.4229202270508,0.00012289902952034026,Ephemeroptera
1837,1233.4680137634277,2800.0,1410.1275939941406,2833.4565238952637,0.00012287301069591194,Ephemeroptera
1838,3905.0066833496094,3024.826385498047,3970.3092651367188,3073.053756713867,0.00012189228436909616,Ephemeroptera
1839,3437.9361114501953,1600.0,3526.6175842285156,1623.062982559204,0.00012145614164182916,Ephemeroptera
1840,1275.8996887207031,2974.040298461914,1299.9941711425781,3199.2767333984375,0.00012144492211518809,Ephemeroptera
1841,4000.0,3421.3851623535156,4362.293395996094,3456.0,0.00011934566282434389,Ephemeroptera
1842,4209.863624572754,470.799072265625,4247.790969848633,499.66754150390625,0.00011923896090593189,Ephemeroptera
1843,3600.0,2220.747283935547,3646.9493255615234,2288.7311096191406,0.0001187958987429738,Ephemeroptera
1844,3284.62109375,2851.1409912109375,3300.0,2899.802001953125,0.00011851811723317951,Ephemeroptera
1845,4423.332733154297,874.0705871582031,4608.0,900.0,0.00011842841922771186,Ephemeroptera
1846,3601.9293814897537,478.6186828613281,3628.718095779419,499.7672424316406,0.00011834465840365738,Ephemeroptera
1847,2684.6490783691406,1211.708950996399,2761.5690307617188,1269.4222564697266,0.00011786085815401748,Ephemeroptera
1848,2850.9242782592773,2035.0570678710938,3164.3250427246094,2100.0,0.00011740869376808405,Ephemeroptera
1849,307.2731018066406,400.0,500.0,487.69397735595703,0.00011676369467750192,Ephemeroptera
1850,2046.6042404174805,302.5302429199219,2162.967269897461,392.24029541015625,0.00011670948151731864,Ephemeroptera
1851,400.0994622707367,377.0020446777344,500.0,500.0,0.00011646167695289478,Ephemeroptera
1852,564.571044921875,977.2142486572266,718.2857666015625,1182.9802551269531,0.00011536588135641068,Ephemeroptera
1853,2115.0510330200195,2474.561492919922,2205.2113037109375,2499.8650512695312,0.00011480148532427847,Ephemeroptera
1854,1690.1529083251953,2400,1872.9712524414062,2441.4657287597656,0.00011355238530086353,Ephemeroptera
1855,1079.1735229492188,218.8802032470703,1238.6222229003906,364.54681396484375,0.00011291737610008568,Ephemeroptera
1856,563.3300933837891,400.0,725.5668640136719,424.85327911376953,0.00011101536074420437,Ephemeroptera
1857,3289.4502563476562,1306.3022155761719,3299.7783813476562,1375.6023406982422,0.00011100487608928233,Ephemeroptera
1858,499.48950958251953,2204.4891662597656,572.3815765380859,2281.0199584960938,0.00011073031782871112,Ephemeroptera
1859,3670.343002319336,2862.4495544433594,3735.1468811035156,2900.0,0.000110639761260245,Ephemeroptera
1860,1411.6135559082031,1257.880027770996,1506.5527038574219,1374.7460021972656,0.00011051976616727188,Ephemeroptera
1861,826.0790824890137,884.2510681152344,951.3535308837891,899.967041015625,0.00011045212886529043,Ephemeroptera
1862,2158.821731567383,3093.101776123047,2318.0477600097656,3218.426513671875,0.00011036232172045857,Ephemeroptera
1863,3667.108329772949,2975.8467712402344,3772.748794555664,3023.986343383789,0.00011032233305741102,Ephemeroptera
1864,3600,1757.5808715820312,3633.4572715759277,1893.9898376464844,0.0001100464360206388,Ephemeroptera
1865,3699.6809997558594,1685.1481323242188,3788.875961303711,1700.0,0.00010938500781776384,Ephemeroptera
1866,2488.074363708496,2150.2525482177734,2561.558151245117,2355.897003173828,0.0001093453902285546,Ephemeroptera
1867,3695.0054244995117,1200.0331610441208,3735.3651580810547,1232.5087356567383,0.00010899300832534209,Ephemeroptera
1868,937.5746765136719,2870.2162170410156,1046.4586944580078,2899.893280029297,0.00010864195792237297,Ephemeroptera
1869,1746.6857604980469,925.7617721557617,1799.6482391357422,986.7001342773438,0.00010855808795895427,Ephemeroptera
1870,3200.0215649604797,46.50177764892578,3231.8352012634277,139.3477020263672,0.00010842090705409646,Ephemeroptera
1871,1247.502944946289,2871.6410522460938,1490.7847290039062,2899.9720458984375,0.00010810924140969291,Ephemeroptera
1872,2016.360450744629,2800.0,2221.871871948242,2840.929431915283,0.00010787558130687103,Ephemeroptera
1873,1562.9225769042969,2000.0006467103958,1619.4665832519531,2010.290843963623,0.00010749461216619238,Ephemeroptera
1874,878.1822814941406,1457.8879699707031,900.0,1615.4744567871094,0.00010746160114649683,Ephemeroptera
1875,4000.0,1655.582176208496,4064.023826599121,1704.4146041870117,0.00010718406701926142,Ephemeroptera
1876,3698.472885131836,2982.226348876953,3757.5574951171875,2996.1198120117188,0.00010682633001124486,Ephemeroptera
1877,938.9161987304688,2624.3941345214844,1124.9737854003906,2720.7855224609375,0.0001065346659743227,Ephemeroptera
1878,4000.026196241379,3071.6876831054688,4026.411045074463,3248.1206970214844,0.00010653405479388312,Ephemeroptera
1879,3552.6870727539062,226.42083740234375,3601.7733459472656,270.8201904296875,0.00010650735202943906,Ephemeroptera
1880,2549.8719024658203,2400.052163004875,2714.1258239746094,2435.4304962158203,0.00010641648987075314,Ephemeroptera
1881,400.0,36.037445068359375,428.81504821777344,256.396728515625,0.00010639679385349154,Ephemeroptera
1882,1694.423484802246,3282.2552185058594,1942.8868713378906,3299.9730529785156,0.00010636261140462011,Ephemeroptera
1883,2051.90291595459,2060.9591369628906,2293.7176513671875,2100.0,0.00010589112207526341,Ephemeroptera
1884,4000.0219255685806,1094.9505004882812,4010.3035564422607,1195.4160766601562,0.00010547089914325625,Ephemeroptera
1885,3890.5641479492188,1919.5813598632812,3940.5770263671875,1943.7976379394531,0.00010514262248761952,Ephemeroptera
1886,3627.2283515930176,2800.231570005417,3685.519859313965,2810.4163999557495,0.00010512489097891375,Ephemeroptera
1887,3808.4768829345703,3291.726776123047,3862.6957397460938,3299.8786010742188,0.0001050567370839417,Ephemeroptera
1888,2510.196159362793,1483.996337890625,2653.2859802246094,1578.0869445800781,0.00010478730837348849,Ephemeroptera
1889,800,352.2752380371094,848.2098846435547,500.0,0.00010437156015541404,Ephemeroptera
1890,1421.2421417236328,1302.1092681884766,1577.3804626464844,1374.2293395996094,0.000104144484794233,Ephemeroptera
1891,685.2337036132812,101.08275604248047,853.8019104003906,269.0264587402344,0.0001040620991261676,Ephemeroptera
1892,400.1094326376915,2762.004364013672,422.9376335144043,2892.613494873047,0.00010395448043709621,Ephemeroptera
1893,3965.7294311523438,1600.0,4144.818450927734,1621.6859970092773,0.00010389670205768198,Ephemeroptera
1894,4000.0,1466.2626647949219,4024.3580226898193,1538.3646545410156,0.00010365327034378424,Ephemeroptera
1895,1954.1583557128906,400,2017.1182250976562,409.1639070510864,0.0001033688968163915,Ephemeroptera
1896,4171.5596923828125,800.0005692243576,4376.253173828125,848.5186805725098,0.00010295229003531858,Ephemeroptera
1897,2459.511302947998,1474.1253356933594,2610.5208435058594,1529.8252868652344,0.0001028098413371481,Ephemeroptera
1898,1205.3803205490112,800.0048220157623,1337.1621704101562,826.0500316619873,0.00010275447129970416,Ephemeroptera
1899,2492.6424713134766,1200.0,2689.6748962402344,1253.7926445007324,0.00010270735219819471,Ephemeroptera
1900,3209.8519802093506,2446.9812927246094,3404.7276916503906,2499.996856689453,0.00010263314470648766,Ephemeroptera
1901,1472.0106506347656,1600,1639.7902526855469,1619.517656326294,0.0001025987949105911,Ephemeroptera
1902,2486.562255859375,2430.435966491699,2499.970733642578,2553.160675048828,0.00010226844460703433,Ephemeroptera
1903,3237.696792602539,3407.69091796875,3584.188262939453,3455.9114990234375,0.00010198866220889613,Ephemeroptera
1904,2995.7676391601562,154.53553771972656,3115.82275390625,314.4053955078125,0.00010187726729782298,Ephemeroptera
1905,3382.7959747314453,2835.6585388183594,3415.799087524414,2887.0411987304688,0.00010184374696109444,Ephemeroptera
1906,1715.992691040039,1600.0491440296173,1917.373291015625,1690.6154174804688,0.00010171719623031095,Ephemeroptera
1907,0.0,3309.66650390625,108.66411590576172,3456.0,0.00010155931522604078,Ephemeroptera
1908,2978.8563232421875,3437.390869140625,3203.673614501953,3456.0,0.00010154526535188779,Ephemeroptera
1909,2866.4217834472656,3277.073944091797,2899.99609375,3456.0,0.00010143426334252581,Ephemeroptera
1910,4076.0059204101562,3303.1979064941406,4099.990173339844,3431.4431762695312,0.00010123037645826116,Ephemeroptera
1911,1340.351303100586,102.99076843261719,1468.5106201171875,147.55868530273438,0.00010112878226209432,Ephemeroptera
1912,800.0,890.7826919555664,830.5554809570312,1067.0537109375,0.00010103172826347873,Ephemeroptera
1913,1482.6180114746094,2611.8104400634766,1606.3750610351562,2790.733428955078,0.00010090626165037975,Ephemeroptera
1914,612.9878082275391,2005.4324984550476,681.9697265625,2122.0409774780273,0.00010084335372084752,Ephemeroptera
1915,2343.623291015625,2800.0,2546.1353759765625,2843.47021484375,0.00010077251499751583,Ephemeroptera
1916,2480.1275329589844,2111.2732849121094,2499.9776916503906,2397.7581481933594,0.00010041328641818836,Ephemeroptera
1917,3331.618377685547,1600.3459319472313,3373.297088623047,1622.8803234100342,9.996662993216887e-05,Ephemeroptera
1918,3923.377899169922,800.0095009803772,3963.633544921875,851.7467079162598,9.970947576221079e-05,Ephemeroptera
1919,1850.5357208251953,1716.1816329956055,1942.1864013671875,1814.0224914550781,9.901091834763065e-05,Ephemeroptera
1920,309.4610290527344,1900.5300903320312,380.4261779785156,1949.5360412597656,9.867583867162466e-05,Ephemeroptera
1921,2656.545196533203,2263.07275390625,2786.2145080566406,2333.1746520996094,9.851412323769182e-05,Ephemeroptera
1922,240.8701934814453,2956.0,500.0,3035.1232376098633,9.834957745624706e-05,Ephemeroptera
1923,0.0,2717.2098083496094,115.17166900634766,2875.4747314453125,9.826933819567785e-05,Ephemeroptera
1924,4500.331878662109,1470.1040344238281,4608.0,1714.6230926513672,9.824001608649269e-05,Ephemeroptera
1925,2285.3836975097656,1629.4712238311768,2361.7708129882812,1798.725814819336,9.792949276743457e-05,Ephemeroptera
1926,1056.38232421875,2956.0,1293.9643249511719,2985.1502475738525,9.766891889739782e-05,Ephemeroptera
1927,2087.84188079834,2879.460723876953,2155.6116943359375,2900.0,9.766333096195012e-05,Ephemeroptera
1928,805.450177192688,1553.6404113769531,969.4491577148438,1598.9437561035156,9.720815432956442e-05,Ephemeroptera
1929,4342.546569824219,2029.4657592773438,4552.364227294922,2100.0,9.719220543047413e-05,Ephemeroptera
1930,3439.5938415527344,2026.0508060455322,3467.563690185547,2039.136116027832,9.718174260342494e-05,Ephemeroptera
1931,3600.0440053641796,2083.7345123291016,3607.285864830017,2128.1851806640625,9.712947939988226e-05,Ephemeroptera
1932,485.2792053222656,2000,679.6766662597656,2028.200876235962,9.707772551337257e-05,Ephemeroptera
1933,3200.000649690628,3188.3126373291016,3279.659339904785,3379.0209350585938,9.703663090476766e-05,Ephemeroptera
1934,4000.4228860139847,1600,4039.9582290649414,1625.0590591430664,9.698029316496104e-05,Ephemeroptera
1935,4196.000068664551,530.5351715087891,4237.149810791016,554.2906341552734,9.688628779258579e-05,Ephemeroptera
1936,2808.8667907714844,1600.0,2900.0,1645.883415222168,9.68732638284564e-05,Ephemeroptera
1937,4000.0,823.3945846557617,4058.2954635620117,933.9674072265625,9.674540342530236e-05,Ephemeroptera
1938,429.66274642944336,238.55099487304688,588.58837890625,320.2543640136719,9.629091800889e-05,Ephemeroptera
1939,1218.7503662109375,2209.245391845703,1299.8023376464844,2442.0233764648438,9.6145122370217e-05,Ephemeroptera
1940,443.20388412475586,1200.0,575.7841339111328,1273.5724182128906,9.588008106220514e-05,Ephemeroptera
1941,1600.0,1113.0643005371094,1726.9983291625977,1204.0856018066406,9.586827945895493e-05,Ephemeroptera
1942,4306.492889404297,453.6947326660156,4571.1861572265625,500.0,9.547571244183928e-05,Ephemeroptera
1943,2350.4459228515625,1317.0252838134766,2466.1488647460938,1415.0339813232422,9.529307135380805e-05,Ephemeroptera
1944,1174.5353698730469,1274.6399841308594,1199.0911560058594,1297.4226989746094,9.516411955701187e-05,Ephemeroptera
1945,800.0,3042.1134490966797,885.0981903076172,3288.72021484375,9.516040881862864e-05,Ephemeroptera
1946,3060.125030517578,2592.520721435547,3176.4771118164062,2734.375762939453,9.507732465863228e-05,Ephemeroptera
1947,3276.5576782226562,479.2403259277344,3299.8280029296875,499.97662353515625,9.489535295870155e-05,Ephemeroptera
1948,3425.6063537597656,116.49858093261719,3545.1302185058594,138.4269561767578,9.474877879256383e-05,Ephemeroptera
1949,2506.8831176757812,1042.7510223388672,2622.0433959960938,1134.1015014648438,9.453894745092839e-05,Ephemeroptera
1950,2332.849609375,3169.537139892578,2417.7575073242188,3196.8648529052734,9.453795064473525e-05,Ephemeroptera
1951,2074.082206726074,1052.957015991211,2189.183090209961,1140.4350280761719,9.416968532605097e-05,Ephemeroptera
1952,901.2802581787109,2297.925323486328,980.9317169189453,2430.6517944335938,9.39527089940384e-05,Ephemeroptera
1953,3200.034285336733,2521.317481994629,3220.252067565918,2627.148483276367,9.373633656650782e-05,Ephemeroptera
1954,4165.961837768555,400.0,4450.563629150391,442.3492889404297,9.357512317365035e-05,Ephemeroptera
1955,2231.592086791992,2270.7366333007812,2303.9503173828125,2391.6104736328125,9.33625633479096e-05,Ephemeroptera
1956,4495.313262939453,1758.5195007324219,4608.0,2030.6481323242188,9.319728269474581e-05,Ephemeroptera
1957,2529.452346801758,2767.2947387695312,2626.991912841797,2818.245086669922,9.294789924751967e-05,Ephemeroptera
1958,274.9465026855469,519.2992935180664,488.4024658203125,675.5730285644531,9.293964831158519e-05,Ephemeroptera
1959,4403.3800048828125,478.4718933105469,4608.0,500.0,9.247110574506223e-05,Ephemeroptera
1960,800.0,1680.6494750976562,1000.2105407714844,1760.9035034179688,9.242376836482435e-05,Ephemeroptera
1961,4061.7867431640625,2990.4060821533203,4099.8753662109375,3022.679000854492,9.223781671607867e-05,Ephemeroptera
1962,411.8119478225708,2676.6563415527344,552.6697387695312,2886.471649169922,9.21756582101807e-05,Ephemeroptera
1963,3469.1803588867188,2956,3515.5166015625,3000.1229515075684,9.213558223564178e-05,Ephemeroptera
1964,170.841796875,2457.092803955078,341.5439453125,2500.0,9.171500278171152e-05,Ephemeroptera
1965,1240.2639846801758,355.2695007324219,1463.4796752929688,447.51806640625,9.150604455498978e-05,Ephemeroptera
1966,2615.3956451416016,800.0895872712135,2695.4591674804688,812.2808198928833,9.14809133973904e-05,Ephemeroptera
1967,4359.647811889648,2400.0,4560.769195556641,2471.721076965332,9.14393094717525e-05,Ephemeroptera
1968,3055.508804321289,2182.9791564941406,3264.1752319335938,2405.4854736328125,9.14352058316581e-05,Ephemeroptera
1969,1200,1751.2855072021484,1390.0481872558594,1819.0491180419922,9.109310485655442e-05,Ephemeroptera
1970,1330.4292602539062,759.7458190917969,1507.4349365234375,869.3833312988281,9.084734483622015e-05,Ephemeroptera
1971,877.9822769165039,478.01251220703125,1036.3917388916016,562.2274627685547,9.08002257347107e-05,Ephemeroptera
1972,4181.815338134766,2400.0,4495.967468261719,2440.5094833374023,9.039892756845802e-05,Ephemeroptera
1973,2663.1257934570312,475.6889343261719,2710.7064208984375,499.90576171875,8.981892460724339e-05,Ephemeroptera
1974,4000.0015050172806,2554.513168334961,4047.928642272949,2681.348419189453,8.974606316769496e-05,Ephemeroptera
1975,874.5991821289062,309.6919860839844,900.0,500.0,8.965420420281589e-05,Ephemeroptera
1976,481.21844482421875,1499.7320251464844,500.0,1591.2463684082031,8.922391862142831e-05,Ephemeroptera
1977,1268.6125793457031,0,1300.0,38.889739990234375,8.910657925298437e-05,Ephemeroptera
1978,2296.216766357422,1305.0934524536133,2397.1302490234375,1414.243667602539,8.904933201847598e-05,Ephemeroptera
1979,2721.2500915527344,2956.0,2900.0,2998.0366821289062,8.887940930435434e-05,Ephemeroptera
1980,3914.1599731445312,2021.4097938537598,4026.2371215820312,2052.689033508301,8.83708125911653e-05,Ephemeroptera
1981,1402.5470428466797,549.3437194824219,1612.7169189453125,676.3226623535156,8.809365681372583e-05,Ephemeroptera
1982,2483.8174743652344,1424.6248779296875,2500.0,1615.7297973632812,8.776079630479217e-05,Ephemeroptera
1983,651.3868408203125,456.990234375,900.0,500.0,8.7605272710789e-05,Ephemeroptera
1984,2000.0,2696.7198791503906,2026.9858894348145,2889.3819885253906,8.680447353981435e-05,Ephemeroptera
1985,278.55987548828125,2400.0,439.9914245605469,2460.201930999756,8.642239117762074e-05,Ephemeroptera
1986,4270.979934692383,2955.615936279297,4500.0,3054.4112701416016,8.628701471025124e-05,Ephemeroptera
1987,4000.263676047325,3127.595184326172,4031.491258621216,3261.489013671875,8.609920769231394e-05,Ephemeroptera
1988,1697.1243896484375,3378.14111328125,2071.5292053222656,3456.0,8.599376451456919e-05,Ephemeroptera
1989,172.2340087890625,2800.0,405.1581726074219,2875.4377059936523,8.583581075072289e-05,Ephemeroptera
1990,800.0036895275116,1257.353687286377,866.0943908691406,1502.5328979492188,8.525125304004177e-05,Ephemeroptera
1991,3633.693603515625,2956,3690.8042907714844,2962.9460020065308,8.462571713607758e-05,Ephemeroptera
1992,492.9380798339844,1482.9626159667969,649.0512390136719,1544.8122863769531,8.435187191935256e-05,Ephemeroptera
1993,1237.0867309570312,1543.0204162597656,1300.0,1700.0,8.4087805589661e-05,Ephemeroptera
1994,4219.665008544922,2000.0,4470.605651855469,2037.1365127563477,8.408539724769071e-05,Ephemeroptera
1995,0.0,400.0,334.1876220703125,447.32257080078125,8.378029451705515e-05,Ephemeroptera
1996,4265.354019165039,1264.0399780273438,4601.744171142578,1300.0,8.301658817799762e-05,Ephemeroptera
1997,1562.9886474609375,2803.77858877182,1672.8217163085938,2887.792350769043,8.268224337371066e-05,Ephemeroptera
1998,1259.6474609375,1682.1538925170898,1299.9780578613281,1930.4862365722656,8.221098687499762e-05,Ephemeroptera
1999,1814.5577392578125,202.17337036132812,1834.2361450195312,224.22994995117188,8.196878479793668e-05,Ephemeroptera
2000,1200,2400.2472281455994,1235.0286712646484,2582.030731201172,8.191870438167825e-05,Ephemeroptera
2001,4368.5010986328125,2475.6084594726562,4608.0,2500.0,8.128722402034327e-05,Ephemeroptera
2002,3059.0498962402344,1681.1038970947266,3226.0640258789062,1787.1434173583984,8.109660120680928e-05,Ephemeroptera
2003,3641.472339630127,1925.3069458007812,3749.714080810547,1975.8658752441406,8.087288006208837e-05,Ephemeroptera
2004,429.1945495605469,1669.5555419921875,500.0,1882.8393859863281,8.066230657277629e-05,Ephemeroptera
2005,1906.667724609375,2445.824993133545,2006.5628051757812,2564.295120239258,8.060578693402931e-05,Ephemeroptera
2006,458.2202911376953,1708.9021911621094,590.8355712890625,1796.1192321777344,8.044645073823631e-05,Ephemeroptera
2007,2400.0,1757.2462615966797,2458.680332183838,2018.206298828125,8.033920312300324e-05,Ephemeroptera
2008,3687.653839111328,3048.312812805176,3700.0,3151.933349609375,8.01316273282282e-05,Ephemeroptera
2009,1600.0,220.00942993164062,1677.434799194336,397.90087890625,7.983774412423372e-05,Ephemeroptera
2010,0.0,2400.0,111.57913208007812,2481.3572692871094,7.894945156294852e-05,Ephemeroptera
2011,1246.7682800292969,1024.330810546875,1300.0,1171.4153442382812,7.886999082984403e-05,Ephemeroptera
2012,1200,1881.5309143066406,1220.2566204071045,2056.883331298828,7.881901547079906e-05,Ephemeroptera
2013,3109.7952270507812,2400.0,3300.0,2431.2955589294434,7.881397323217243e-05,Ephemeroptera
2014,1321.3842391967773,3112.2964477539062,1514.589599609375,3299.773223876953,7.816863217158243e-05,Ephemeroptera
2015,984.2323303222656,3424.941680908203,1227.3995056152344,3456.0,7.787430513417348e-05,Ephemeroptera
2016,542.4625701904297,500.5848846435547,710.29541015625,657.3568420410156,7.781507156323642e-05,Ephemeroptera
2017,2164.826126098633,1533.2504272460938,2345.145233154297,1625.8359375,7.72718558437191e-05,Ephemeroptera
2018,1200.2888083457947,2708.1820373535156,1237.8022117614746,2739.060791015625,7.725565228611231e-05,Ephemeroptera
2019,3280.6026916503906,1548.829833984375,3300.0,1593.463623046875,7.724084571236745e-05,Ephemeroptera
2020,1277.9975891113281,3283.674102783203,1497.3963317871094,3299.882568359375,7.683400326641276e-05,Ephemeroptera
2021,3024.0376739501953,3263.996307373047,3099.043212890625,3307.2560119628906,7.682997966185212e-05,Ephemeroptera
2022,1322.607925415039,772.0761413574219,1460.552490234375,884.495361328125,7.673026266274974e-05,Ephemeroptera
2023,3359.2090606689453,2902.6153564453125,3465.6707763671875,3014.961883544922,7.649968028999865e-05,Ephemeroptera
2024,1062.4436340332031,3278.450714111328,1169.4964294433594,3298.8496704101562,7.647458551218733e-05,Ephemeroptera
2025,4108.265866518021,1810.4448852539062,4150.69075012207,1836.7459716796875,7.620501855853945e-05,Ephemeroptera
2026,4177.908187866211,833.6555480957031,4496.421722412109,900.0,7.584217382827774e-05,Ephemeroptera
2027,2304.4451599121094,1277.6484375,2425.073516845703,1299.9354248046875,7.565580744994804e-05,Ephemeroptera
2028,3273.4071655273438,2211.0833129882812,3300.0,2442.5243530273438,7.521377119701356e-05,Ephemeroptera
2029,1400.7862091064453,380.0240173339844,1549.8861389160156,416.439208984375,7.518981146859005e-05,Ephemeroptera
2030,2831.20166015625,2956.0,2900.0,3064.330467224121,7.496043690480292e-05,Ephemeroptera
2031,4201.337814331055,1200.07483959198,4413.023529052734,1240.2792320251465,7.491527503589168e-05,Ephemeroptera
2032,3200.0,3214.9215698242188,3224.3012676239014,3308.1317443847656,7.433970313286409e-05,Ephemeroptera
2033,3643.4608459472656,2362.0469665527344,3804.8746032714844,2434.198211669922,7.432715210597962e-05,Ephemeroptera
2034,400.0320181250572,1835.592269897461,406.8662405014038,1903.792236328125,7.432126585626975e-05,Ephemeroptera
2035,3286.914581298828,3332.5135803222656,3299.986602783203,3416.9596252441406,7.422451744787395e-05,Ephemeroptera
2036,2597.7615966796875,875.1048583984375,2736.08203125,933.0065002441406,7.414896390400827e-05,Ephemeroptera
2037,1005.9452972412109,1107.0667114257812,1071.6599426269531,1161.2571411132812,7.412294507957995e-05,Ephemeroptera
2038,2518.264678955078,3287.592742919922,2645.011428833008,3367.7745056152344,7.3743358370848e-05,Ephemeroptera
2039,3951.8633728027344,1600,4019.9811401367188,1609.064534187317,7.344209006987512e-05,Ephemeroptera
2040,3834.819869995117,3076.04141998291,3893.0848388671875,3098.2557373046875,7.343123434111476e-05,Ephemeroptera
2041,1208.7283020019531,3013.724380493164,1413.633773803711,3110.44482421875,7.290597568498924e-05,Ephemeroptera
2042,3200.0,3131.3858184814453,3215.7141094207764,3226.28125,7.276394171640277e-05,Ephemeroptera
2043,1765.8268432617188,800.0,1953.0397033691406,841.6187744140625,7.260494021466002e-05,Ephemeroptera
2044,2800.0,1763.1727752685547,2851.52054977417,2068.675994873047,7.259428093675524e-05,Ephemeroptera
2045,2400.0666737556458,917.5839385986328,2406.521269798279,980.3893127441406,7.251920033013448e-05,Ephemeroptera
2046,3068.632843017578,1320.4094161987305,3097.175079345703,1344.0736083984375,7.243516301969066e-05,Ephemeroptera
2047,4108.020264834166,2776.9403076171875,4117.506274223328,2833.8357849121094,7.238329999381676e-05,Ephemeroptera
2048,2000,466.7117919921875,2048.8227729797363,500.0,7.182868284871802e-05,Ephemeroptera
2049,2062.2292823791504,160.65866088867188,2187.7818298339844,328.3136291503906,7.178608939284459e-05,Ephemeroptera
2050,4179.1597900390625,559.0571441650391,4225.899429321289,609.6152801513672,7.161733810789883e-05,Ephemeroptera
2051,1819.8282165527344,964.8527984619141,1893.6693115234375,1076.3793029785156,7.150283636292443e-05,Ephemeroptera
2052,2550.748748779297,2000.0,2810.3778686523438,2041.5154991149902,7.144687697291374e-05,Ephemeroptera
2053,2000.0,326.1384582519531,2054.657196044922,422.9745788574219,7.140123489079997e-05,Ephemeroptera
2054,1060.5111083984375,2357.7906188964844,1168.2060241699219,2409.908592224121,7.10125605110079e-05,Ephemeroptera
2055,4078.5750885009766,2400.0,4419.367492675781,2534.634017944336,7.061495853122324e-05,Ephemeroptera
2056,0.0,1203.5741882324219,225.33888244628906,1300.0,7.039355841698125e-05,Ephemeroptera
2057,4114.702369689941,2000.0,4412.0579833984375,2046.9909896850586,7.020377233857289e-05,Ephemeroptera
2058,2637.411163330078,2472.820526123047,2900.0,2500.0,6.994016439421102e-05,Ephemeroptera
2059,918.0777893066406,1200.0557512044907,1083.8679809570312,1236.6523933410645,6.956109427846968e-05,Ephemeroptera
2060,672.3790283203125,2084.2723999023438,899.0296325683594,2100.0,6.930585368536413e-05,Ephemeroptera
2061,2685.834686279297,3249.7450561523438,2822.1293029785156,3309.12109375,6.92585454089567e-05,Ephemeroptera
2062,4108.0,3077.2297973632812,4149.977466583252,3164.1265258789062,6.89089938532561e-05,Ephemeroptera
2063,2471.6702575683594,1103.1763610839844,2498.999298095703,1150.95068359375,6.874169775983319e-05,Ephemeroptera
2064,1435.2320709228516,1138.26611328125,1571.6321411132812,1262.2389831542969,6.86637285980396e-05,Ephemeroptera
2065,3884.341796875,2783.3475036621094,3917.8865356445312,2804.3782348632812,6.831326754763722e-05,Ephemeroptera
2066,4108.007438659668,1079.4183349609375,4165.658992767334,1201.0319213867188,6.826410390203819e-05,Ephemeroptera
2067,2067.658935546875,31.368350982666016,2100.0,170.5293426513672,6.813364598201588e-05,Ephemeroptera
2068,2064.588165283203,2581.8847045898438,2099.8030700683594,2679.3631896972656,6.811408820794895e-05,Ephemeroptera
2069,2133.9279174804688,2000.0633865594864,2225.505416870117,2018.6783199310303,6.808435136917979e-05,Ephemeroptera
2070,2114.212677001953,2956.033864378929,2269.122283935547,2991.1423416137695,6.790843326598406e-05,Ephemeroptera
2071,4399.417785644531,2956.0,4500.0,3052.444496154785,6.753922207280993e-05,Ephemeroptera
2072,3125.9456176757812,2806.071424484253,3203.777557373047,2961.8319549560547,6.742300320183858e-05,Ephemeroptera
2073,107.54776000976562,2654.265380859375,215.8515625,2737.006378173828,6.737685907864943e-05,Ephemeroptera
2074,1949.4483337402344,1978.3909301757812,2097.0033264160156,2099.760498046875,6.730140012223274e-05,Ephemeroptera
2075,2727.3981018066406,1897.9313354492188,2808.033660888672,1980.9226989746094,6.708795990562066e-05,Ephemeroptera
2076,843.8605537414551,2592.3209228515625,971.0230865478516,2662.928680419922,6.705949635943398e-05,Ephemeroptera
2077,1306.49169921875,2956.0,1509.5797424316406,2980.906692504883,6.696242780890316e-05,Ephemeroptera
2078,4144.412521362305,3188.893280029297,4288.378433227539,3360.3526611328125,6.602292705792934e-05,Ephemeroptera
2079,4485.829742431641,2782.494842529297,4500.0,2846.6839904785156,6.578166357940063e-05,Ephemeroptera
2080,4000.0,669.1217956542969,4027.408493041992,743.620361328125,6.545945507241413e-05,Ephemeroptera
2081,3200.0,2474.212432861328,3225.5749130249023,2545.204544067383,6.517101428471506e-05,Ephemeroptera
2082,4342.834762573242,2076.9375,4549.5093994140625,2100.0,6.51299487799406e-05,Ephemeroptera
2083,4000.0320583581924,1021.3166656494141,4036.347270965576,1088.0465087890625,6.501694588223472e-05,Ephemeroptera
2084,1326.1905899047852,800.0,1519.290283203125,834.0937309265137,6.489516090368852e-05,Ephemeroptera
2085,3277.30322265625,2016.676902770996,3299.9983825683594,2200.7618865966797,6.485074118245393e-05,Ephemeroptera
2086,225.02194213867188,104.36274719238281,410.9190979003906,209.0533905029297,6.42051309114322e-05,Ephemeroptera
2087,515.0208969116211,147.77880859375,590.6484069824219,284.5017395019531,6.419160490622744e-05,Ephemeroptera
2088,3281.0867309570312,3193.611053466797,3299.9309997558594,3238.0066833496094,6.397801917046309e-05,Ephemeroptera
2089,2283.9742126464844,2800,2448.7548828125,2832.472843170166,6.396050594048575e-05,Ephemeroptera
2090,2301.4752807617188,2994.3807220458984,2494.3478088378906,3028.4654083251953,6.364036380546167e-05,Ephemeroptera
2091,2527.5360565185547,3401.9404907226562,2743.82763671875,3455.9911193847656,6.35882533970289e-05,Ephemeroptera
2092,1676.85498046875,2808.935809135437,1700.0,3030.618148803711,6.299351662164554e-05,Ephemeroptera
2093,4120.454462051392,2400.0,4338.4541015625,2480.453681945801,6.298420339589939e-05,Ephemeroptera
2094,647.4087677001953,1600,852.2958679199219,1626.1514701843262,6.295586354099214e-05,Ephemeroptera
2095,2456.5699577331543,1563.1100158691406,2540.3333587646484,1611.1163635253906,6.257805944187567e-05,Ephemeroptera
2096,2139.562271118164,1837.957046508789,2246.229217529297,1889.3725891113281,6.255377957131714e-05,Ephemeroptera
2097,512.8984451293945,467.6241760253906,808.9990539550781,500.0,6.174838927108794e-05,Ephemeroptera
2098,4248.668807983398,1665.8460693359375,4463.999603271484,1699.9622192382812,6.156101153464988e-05,Ephemeroptera
2099,2000,2459.303665161133,2015.2282180786133,2601.652603149414,6.118270539445803e-05,Ephemeroptera
2100,3018.0841369628906,1720.612403869629,3128.0092163085938,1892.9717712402344,6.073544136597775e-05,Ephemeroptera
2101,1214.471435546875,1200,1276.3816833496094,1210.8838109970093,6.047796705388464e-05,Ephemeroptera
2102,169.94200134277344,2000.0,424.7283935546875,2091.4770278930664,6.0418995417421684e-05,Ephemeroptera
2103,480.6918029785156,2107.6422424316406,499.9938049316406,2326.2225952148438,6.006374678690918e-05,Ephemeroptera
2104,1035.9299621582031,3075.574249267578,1184.1681518554688,3246.1535034179688,6.005910108797252e-05,Ephemeroptera
2105,1863.7753601074219,369.47265625,1880.8480224609375,393.4759521484375,5.998784035909921e-05,Ephemeroptera
2106,517.5918197631836,1200,692.9996032714844,1223.440444946289,5.9962276282021776e-05,Ephemeroptera
2107,553.2813568115234,2068.023826599121,652.1675109863281,2203.833770751953,5.9855381550733e-05,Ephemeroptera
2108,872.4528198242188,2634.3633728027344,899.9878845214844,2838.593048095703,5.973398583591916e-05,Ephemeroptera
2109,2743.0512084960938,800,2797.136962890625,835.5655288696289,5.969634003122337e-05,Ephemeroptera
2110,3780.5243225097656,2888.0631408691406,3835.6051635742188,2899.9202880859375,5.966031676507555e-05,Ephemeroptera
2111,0.0,2051.0232849121094,255.0960235595703,2100.0,5.962801515124738e-05,Ephemeroptera
2112,1200.0455886125565,1201.11962890625,1214.0259981155396,1265.6116333007812,5.923311255173758e-05,Ephemeroptera
2113,330.00506591796875,2706.7730102539062,493.56011962890625,2757.42138671875,5.914184657740407e-05,Ephemeroptera
2114,3877.070556640625,2164.8855743408203,3990.249786376953,2215.289825439453,5.912171400268562e-05,Ephemeroptera
2115,3896.2764892578125,2002.2820994853973,3951.725341796875,2018.5868530273438,5.9098994825035334e-05,Ephemeroptera
2116,4000.0699311494827,499.2199478149414,4013.4967889785767,565.9232635498047,5.8572662965161726e-05,Ephemeroptera
2117,4108.0,3416.9895629882812,4209.5289306640625,3456.0,5.844722909387201e-05,Ephemeroptera
2118,1942.764892578125,2000,2096.6320190429688,2042.6018753051758,5.818424324388616e-05,Ephemeroptera
2119,4179.338180541992,2800.0,4446.193450927734,2827.773506164551,5.8170488046016544e-05,Ephemeroptera
2120,800,0,822.6791286468506,113.35582733154297,5.790648719994351e-05,Ephemeroptera
2121,1596.3379821777344,2800.0,1700.0,2842.9230461120605,5.720341141568497e-05,Ephemeroptera
2122,154.45155334472656,2872.734344482422,368.6705627441406,2899.887939453125,5.7082004786934704e-05,Ephemeroptera
2123,656.1733703613281,2866.9527740478516,851.3668518066406,2916.53955078125,5.6946893892018124e-05,Ephemeroptera
2124,1328.7295989990234,2879.1677474975586,1546.6006774902344,2959.2599334716797,5.687807424692437e-05,Ephemeroptera
2125,1281.9514770507812,649.5718688964844,1300.0,722.5582275390625,5.641238749376498e-05,Ephemeroptera
2126,2918.510726928711,1772.6157684326172,3042.368942260742,1845.3627166748047,5.616910493699834e-05,Ephemeroptera
2127,204.92349243164062,353.5079040527344,386.5972595214844,429.2379550933838,5.570981011260301e-05,Ephemeroptera
2128,3785.335693359375,1600.2196550369263,3824.628692626953,1627.7950401306152,5.53646641492378e-05,Ephemeroptera
2129,3670.635223388672,2304.9401245117188,3699.996368408203,2385.4119873046875,5.529997361009009e-05,Ephemeroptera
2130,284.1240539550781,2960.743766784668,409.0627746582031,3126.1463623046875,5.5224816605914384e-05,Ephemeroptera
2131,4493.212554931641,0.0,4608.0,193.6125946044922,5.4760657803853974e-05,Ephemeroptera
2132,800,2640.356948852539,809.7608814239502,2718.9393615722656,5.4434520279755816e-05,Ephemeroptera
2133,3753.3140716552734,2400,3872.447540283203,2437.798641204834,5.3850013500778005e-05,Ephemeroptera
2134,974.9232482910156,477.8737030029297,1137.2705078125,621.3986663818359,5.381489245337434e-05,Ephemeroptera
2135,4000,800.019958615303,4037.1155853271484,822.4086933135986,5.3595027566188946e-05,Ephemeroptera
2136,3013.71630859375,1600,3211.0370483398438,1640.4611778259277,5.3428469982463866e-05,Ephemeroptera
2137,4302.397766113281,3408.1846923828125,4500.0,3456.0,5.338029222912155e-05,Ephemeroptera
2138,1099.2879943847656,2532.7662200927734,1248.0875854492188,2609.3373107910156,5.337673064786941e-05,Ephemeroptera
2139,4310.096252441406,400.0,4490.118835449219,439.25445556640625,5.299405529513024e-05,Ephemeroptera
2140,2740.140625,1842.5056915283203,2900.0,1903.0736083984375,5.294748552842066e-05,Ephemeroptera
2141,4125.498821258545,400,4185.156410217285,429.0558662414551,5.2447016059886664e-05,Ephemeroptera
2142,4108.0,2811.6156368255615,4149.632987976074,2850.5458488464355,5.23702910868451e-05,Ephemeroptera
2143,4581.035095214844,330.8213195800781,4608.0,499.39288330078125,5.232876355876215e-05,Ephemeroptera
2144,4243.766098022461,800.0,4459.540557861328,827.0971527099609,5.231543764239177e-05,Ephemeroptera
2145,3392.5499725341797,2460.343215942383,3482.8421936035156,2632.1785430908203,5.2212271839380264e-05,Ephemeroptera
2146,4102.029846191406,1200.0,4181.5321044921875,1213.6622772216797,5.1713472203118727e-05,Ephemeroptera
2147,3356.849365234375,3168.1593322753906,3392.7552947998047,3210.4830322265625,5.1446480938466266e-05,Ephemeroptera
2148,800.0,2800.0,1046.8090057373047,2869.7979278564453,5.1384799007792026e-05,Ephemeroptera
2149,2958.7064666748047,1857.2868957519531,3092.6292419433594,1958.8646545410156,5.135247192811221e-05,Ephemeroptera
2150,3942.8367614746094,3427.76708984375,4156.8603515625,3456.0,5.118926492286846e-05,Ephemeroptera
2151,2340.853302001953,114.8763656616211,2399.8903198242188,161.64312744140625,5.061666888650507e-05,Ephemeroptera
2152,2768.6263427734375,2454.0362854003906,2900.0,2500.0,5.002107718610205e-05,Ephemeroptera
2153,1200,782.0484008789062,1228.1965427398682,899.6761474609375,4.965602056472562e-05,Ephemeroptera
2154,1090.3455200195312,2800.0,1272.8161010742188,2826.7321643829346,4.941845327266492e-05,Ephemeroptera
2155,800,1931.5393371582031,816.7441730499268,2019.0810546875,4.9405112804379314e-05,Ephemeroptera
2156,1485.2677001953125,597.6600341796875,1617.3999328613281,694.5961608886719,4.937059202347882e-05,Ephemeroptera
2157,3474.726806640625,2446.5233726501465,3546.441131591797,2612.0335540771484,4.9345882871421054e-05,Ephemeroptera
2158,905.5539703369141,1600.0,1115.7758178710938,1625.4282894134521,4.878226900473237e-05,Ephemeroptera
2159,978.5660858154297,2528.6553497314453,1143.9664916992188,2680.358642578125,4.8623147449688986e-05,Ephemeroptera
2160,4260.220153808594,1600.0,4457.1326904296875,1652.3472290039062,4.86226417706348e-05,Ephemeroptera
2161,3258.3811988830566,2227.856399536133,3414.087860107422,2269.559814453125,4.8307858378393576e-05,Ephemeroptera
2162,1070.0467529296875,1628.3870277404785,1108.4613342285156,1648.0329399108887,4.81393544760067e-05,Ephemeroptera
2163,4000,467.81075286865234,4011.999026298523,526.0099182128906,4.807260847883299e-05,Ephemeroptera
2164,2072.9309310913086,1715.5235977172852,2277.4501953125,1821.7587280273438,4.80416274513118e-05,Ephemeroptera
2165,1544.5136413574219,3234.8412475585938,1573.4544372558594,3249.0829467773438,4.767159771290608e-05,Ephemeroptera
2166,427.158447265625,2058.7866821289062,456.28765869140625,2079.7750549316406,4.759869261761196e-05,Ephemeroptera
2167,704.2875366210938,3282.0964965820312,799.1130981445312,3297.7088928222656,4.746012928080745e-05,Ephemeroptera
2168,0.0,2849.9523315429688,127.84504699707031,2900.0,4.6738892706343904e-05,Ephemeroptera
2169,642.8013763427734,607.6749267578125,710.8092346191406,720.1963500976562,4.6589859266532585e-05,Ephemeroptera
2170,4131.887878417969,99.2116470336914,4288.197174072266,200.5381622314453,4.65346674900502e-05,Ephemeroptera
2171,4092.817184448242,3230.3445739746094,4250.719497680664,3300.0,4.641270061256364e-05,Ephemeroptera
2172,2671.374786376953,2031.5399646759033,2786.4600524902344,2204.625015258789,4.627265298040584e-05,Ephemeroptera
2173,3600.033835321665,3280.3523559570312,3619.3710918426514,3344.475128173828,4.6045206545386463e-05,Ephemeroptera
2174,2486.5771560668945,2245.2259063720703,2661.9693603515625,2277.6610412597656,4.600500324158929e-05,Ephemeroptera
2175,861.9800567626953,990.5809326171875,1034.5117492675781,1079.2492065429688,4.5888016757089645e-05,Ephemeroptera
2176,1437.4984741210938,3146.3005981445312,1544.70068359375,3203.162811279297,4.577237268676981e-05,Ephemeroptera
2177,3289.437614440918,3055.1069259643555,3357.3009643554688,3099.883041381836,4.565206108964048e-05,Ephemeroptera
2178,3298.0032958984375,3283.3129272460938,3529.8236389160156,3300.0,4.54638538940344e-05,Ephemeroptera
2179,800,1628.7998428344727,870.3722991943359,1683.4192657470703,4.543546310742386e-05,Ephemeroptera
2180,2800.057505071163,2255.8950958251953,2814.587089538574,2368.614471435547,4.5319920900510624e-05,Ephemeroptera
2181,2972.735595703125,2338.3338928222656,3180.018768310547,2368.617919921875,4.52167478215415e-05,Ephemeroptera
2182,1188.3207702636719,2993.293197631836,1288.9593505859375,3134.8841247558594,4.459206684259698e-05,Ephemeroptera
2183,2547.181411743164,1522.6474304199219,2640.7747802734375,1678.5327453613281,4.456974784261547e-05,Ephemeroptera
2184,3120.3536987304688,2047.0506057739258,3264.7076110839844,2158.942138671875,4.447519313544035e-05,Ephemeroptera
2185,4030.8910369873047,98.12393188476562,4055.1221237182617,132.11508178710938,4.4263546442380175e-05,Ephemeroptera
2186,0.0,1593.57666015625,123.10917663574219,1700.0,4.4197448005434126e-05,Ephemeroptera
2187,1284.2725296020508,3008.640151977539,1413.2240295410156,3199.171432495117,4.407480082591064e-05,Ephemeroptera
2188,4108.0,60.54310607910156,4121.096454620361,155.5644073486328,4.3173375161131844e-05,Ephemeroptera
2189,4000.0,925.6457366943359,4026.918348312378,1029.5180358886719,4.258455737726763e-05,Ephemeroptera
2190,2048.1876106262207,2180.6420288085938,2108.0195693969727,2281.383758544922,4.2567338823573664e-05,Ephemeroptera
2191,3114.1068115234375,2956.0,3300.0,2980.243453979492,4.254599116393365e-05,Ephemeroptera
2192,2400,1899.7763977050781,2419.1952896118164,2100.0,4.17969495174475e-05,Ephemeroptera
2193,145.6824951171875,2530.471969604492,183.15623474121094,2623.893280029297,4.1284263716079295e-05,Ephemeroptera
2194,2449.3760108947754,1600.0,2678.091094970703,1648.625644683838,4.0886312490329146e-05,Ephemeroptera
2195,152.39276123046875,2610.8370819091797,211.92898559570312,2674.990264892578,4.081070073880255e-05,Ephemeroptera
2196,4228.095970153809,2857.5641479492188,4487.112731933594,2900.0,4.073053059983067e-05,Ephemeroptera
2197,4437.894683837891,1273.9054565429688,4608.0,1300.0,3.9807498978916556e-05,Ephemeroptera
2198,2176.1568603515625,3204.9487915039062,2314.4349975585938,3253.7925720214844,3.948059747926891e-05,Ephemeroptera
2199,0.0,419.0010986328125,216.6130828857422,500.0,3.947163713746704e-05,Ephemeroptera
2200,4370.518493652344,800.0,4520.513671875,850.9280014038086,3.910666782758199e-05,Ephemeroptera
2201,4321.469024658203,2800.0,4490.2164306640625,2844.182891845703,3.861699951812625e-05,Ephemeroptera
2202,2085.530830383301,1600,2277.6976928710938,1639.6316223144531,3.818797631538473e-05,Ephemeroptera
2203,4000.0,3271.7345275878906,4042.4183311462402,3370.916046142578,3.7631205486832187e-05,Ephemeroptera
2204,302.35662841796875,1020.9434509277344,389.885986328125,1198.6604614257812,3.7617646739818156e-05,Ephemeroptera
2205,400,3348.8014221191406,455.34765625,3455.755157470703,3.757060403586365e-05,Ephemeroptera
2206,1243.8890380859375,3264.186767578125,1300.0,3315.618194580078,3.718879816005938e-05,Ephemeroptera
2207,1600,275.0848388671875,1664.6171340942383,328.1064453125,3.718713196576573e-05,Ephemeroptera
2208,4338.603302001953,3240.329559326172,4500.0,3371.054656982422,3.7073154089739546e-05,Ephemeroptera
2209,4108.475063920021,1848.1101531982422,4154.622863769531,1908.4931030273438,3.7040921597508714e-05,Ephemeroptera
2210,0,2405.7868041992188,53.60560607910156,2499.757293701172,3.702503090607934e-05,Ephemeroptera
2211,0.08251070976257324,2693.4895935058594,46.696136474609375,2807.6065063476562,3.688051219796762e-05,Ephemeroptera
2212,94.50607299804688,800.0,253.9328155517578,906.4574508666992,3.677693894132972e-05,Ephemeroptera
2213,829.1347503662109,3285.6005249023438,920.9301910400391,3297.8551330566406,3.6654953873949125e-05,Ephemeroptera
2214,1358.9609680175781,3357.5752868652344,1567.0867004394531,3389.352294921875,3.6278885090723634e-05,Ephemeroptera
2215,2627.670913696289,2956,2834.427215576172,2974.923360824585,3.620647839852609e-05,Ephemeroptera
2216,4476.136993408203,1707.6997375488281,4582.898590087891,1860.8251647949219,3.61831444024574e-05,Ephemeroptera
2217,0.0,0.0,348.51165771484375,83.65706634521484,3.546938387444243e-05,Ephemeroptera
2218,800.0,2873.726806640625,846.1160736083984,3075.054229736328,3.544081482687034e-05,Ephemeroptera
2219,295.3428649902344,2520.972969055176,435.6677551269531,2656.2944946289062,3.5304095945321023e-05,Ephemeroptera
2220,2832.0483436584473,2400,3027.2141876220703,2425.7344188690186,3.5290358937345445e-05,Ephemeroptera
2221,1600.0,361.653076171875,1614.2488222122192,428.5892028808594,3.522899351082742e-05,Ephemeroptera
2222,4397.3367919921875,1200,4442.3397216796875,1325.438735961914,3.516163269523531e-05,Ephemeroptera
2223,4447.27001953125,1167.8878784179688,4499.953643798828,1373.2527160644531,3.5095770726911724e-05,Ephemeroptera
2224,4363.173095703125,875.2793884277344,4500.0,900.0,3.5047345591010526e-05,Ephemeroptera
2225,4138.972549438477,0.0,4405.4326171875,39.01139450073242,3.447633935138583e-05,Ephemeroptera
2226,4000.3772616386414,981.2694549560547,4042.3836212158203,1004.1600646972656,3.439119245740585e-05,Ephemeroptera
2227,1096.0936584472656,3202.642333984375,1235.3428344726562,3275.9527282714844,3.4166776458732784e-05,Ephemeroptera
2228,4000.2081364393234,437.6454772949219,4037.343635559082,481.2512664794922,3.398612898308784e-05,Ephemeroptera
2229,935.8118591308594,3011.5199127197266,1065.1016235351562,3235.27294921875,3.3673808502499014e-05,Ephemeroptera
2230,0.0,2002.0572509765625,128.3184051513672,2100.0,3.246406413381919e-05,Ephemeroptera
2231,4000.5396604537964,1446.5647430419922,4052.7177734375,1476.2522583007812,3.244822073611431e-05,Ephemeroptera
2232,1104.1484985351562,2872.501174926758,1248.3038940429688,2964.1915740966797,3.23893254972063e-05,Ephemeroptera
2233,4000.0,1332.0792388916016,4023.9473667144775,1399.3878173828125,3.127087256871164e-05,Ephemeroptera
2234,4487.341583251953,2874.395179748535,4500.0,2967.2897338867188,3.114934952463955e-05,Ephemeroptera
2235,4042.216564178467,891.5092468261719,4136.257553100586,900.0,3.102214395767078e-05,Ephemeroptera
2236,211.637451171875,1200,392.6022033691406,1240.9057159423828,3.098090019193478e-05,Ephemeroptera
2237,1746.4617462158203,274.38006591796875,1786.7975158691406,298.4088439941406,3.0801438697380945e-05,Ephemeroptera
2238,4268.2857666015625,478.887451171875,4491.247253417969,500.0,3.0725157557753846e-05,Ephemeroptera
2239,4433.452423095703,835.655029296875,4499.843597412109,899.9900817871094,3.0662489734822884e-05,Ephemeroptera
2240,4434.026763916016,1200,4500.0,1253.4717445373535,3.063203621422872e-05,Ephemeroptera
2241,3387.2509002685547,3099.692092895508,3551.361358642578,3162.8736267089844,2.997453157149721e-05,Ephemeroptera
2242,4173.568801879883,2819.669198989868,4252.32438659668,3011.486526489258,2.982830483233556e-05,Ephemeroptera
2243,4482.875518798828,1789.7463836669922,4571.205810546875,2014.5038146972656,2.9712073228438385e-05,Ephemeroptera
2244,4410.932464599609,2069.2920532226562,4608.0,2100.0,2.9431928851408884e-05,Ephemeroptera
2245,163.356689453125,3278.57666015625,448.28179931640625,3300.0,2.8521340937004425e-05,Ephemeroptera
2246,4587.518127441406,1600.0,4607.964141845703,1885.4395751953125,2.839422450051643e-05,Ephemeroptera
2247,4000.0230580568314,3022.2935943603516,4022.7084636688232,3107.7620239257812,2.8306194508331828e-05,Ephemeroptera
2248,4000,2488.75341796875,4074.7352142333984,2500.0,2.823294562404044e-05,Ephemeroptera
2249,4450.002105712891,93.25921630859375,4472.356658935547,289.99273681640625,2.7881795176654123e-05,Ephemeroptera
2250,3200.3958120942116,3009.96671295166,3218.944911956787,3083.1466217041016,2.785890865197871e-05,Ephemeroptera
2251,310.4395751953125,2400,484.46978759765625,2431.5945148468018,2.6695759515860118e-05,Ephemeroptera
2252,4108.082296133041,2597.867401123047,4176.827011108398,2662.6618041992188,2.6644813260645606e-05,Ephemeroptera
2253,26.461196899414062,1658.9247741699219,230.07028198242188,1700.0,2.623576256155502e-05,Ephemeroptera
2254,4409.481628417969,1419.108154296875,4434.320648193359,1578.1968688964844,2.619451333885081e-05,Ephemeroptera
2255,1123.9859008789062,2813.163863182068,1205.4647827148438,2841.393543243408,2.542786933190655e-05,Ephemeroptera
2256,0.03657341003417969,790.5068664550781,91.45186614990234,899.8628540039062,2.5361874577356502e-05,Ephemeroptera
2257,4000.6248831748962,829.1223526000977,4053.7655715942383,869.7589721679688,2.480461807863321e-05,Ephemeroptera
2258,4155.835235595703,1314.5167236328125,4182.935638427734,1338.0722351074219,2.4792083422653377e-05,Ephemeroptera
2259,78.20463562011719,400.18875002861023,156.76303100585938,449.9310760498047,2.3769121980876662e-05,Ephemeroptera
2260,311.68939208984375,2660.0342407226562,371.9493408203125,2748.2640991210938,2.347789632040076e-05,Ephemeroptera
2261,800.0124901533127,3216.587127685547,807.9917235374451,3301.909454345703,2.3363985746982507e-05,Ephemeroptera
2262,109.38091278076172,2716.9628295898438,168.27330017089844,2761.732666015625,2.329604103579186e-05,Ephemeroptera
2263,116.75555419921875,1600,221.11257934570312,1660.883617401123,2.316873360541649e-05,Ephemeroptera
2264,136.0078887939453,605.6545257568359,164.88148498535156,697.2056274414062,2.246712574560661e-05,Ephemeroptera
2265,4475.1212158203125,2353.663055419922,4499.9703369140625,2498.846923828125,2.1984580598655157e-05,Ephemeroptera
2266,349.5491027832031,3210.8741302490234,465.84320068359375,3304.966033935547,2.1519846995943226e-05,Ephemeroptera
2267,1051.522232055664,2987.930435180664,1156.6961669921875,3071.308074951172,2.1470854335348122e-05,Ephemeroptera
2268,268.4156188964844,2171.6557006835938,319.1592102050781,2374.9915161132812,2.1335506971809082e-05,Ephemeroptera
2269,4420.190368652344,1683.6871032714844,4608.0,1700.0,2.127027437381912e-05,Ephemeroptera
2270,4000,1270.489517211914,4040.9184951782227,1289.1593322753906,2.1230818674666807e-05,Ephemeroptera
2271,0.0,3232.8663940429688,252.47161865234375,3300.0,2.1152807676116936e-05,Ephemeroptera
2272,272.93670654296875,2400,303.2464599609375,2630.2838745117188,2.053029129456263e-05,Ephemeroptera
2273,0.0,398.39947509765625,117.44100952148438,500.0,2.0215686163282953e-05,Ephemeroptera
2274,4373.506500244141,2400,4549.007629394531,2430.680799484253,2.0205201508360915e-05,Ephemeroptera
2275,288.35882568359375,269.53472900390625,442.5429382324219,395.0025939941406,1.952054117282387e-05,Ephemeroptera
2276,362.87542724609375,464.5360412597656,468.30438232421875,500.0,1.8931123122456484e-05,Ephemeroptera
2277,4180.543609619141,3428.882843017578,4390.478851318359,3455.9122619628906,1.8510307199903764e-05,Ephemeroptera
2278,152.3631134033203,1024.220230102539,194.83258056640625,1167.63525390625,1.8293610992259346e-05,Ephemeroptera
2279,355.5025329589844,627.5273284912109,469.1986083984375,798.8642578125,1.8119482774636708e-05,Ephemeroptera
2280,81.56233215332031,2482.6792602539062,201.5169677734375,2499.9290466308594,1.8010343410423957e-05,Ephemeroptera
2281,4247.383026123047,471.92755126953125,4309.5880126953125,499.8766784667969,1.783345032890793e-05,Ephemeroptera
2282,478.3147888183594,373.10394287109375,500.0,603.8294525146484,1.7547799870953895e-05,Ephemeroptera
2283,162.9790802001953,0.33565759658813477,402.8796081542969,58.10574722290039,1.671388054091949e-05,Ephemeroptera
2284,451.0306701660156,359.4203186035156,500.0,463.73081970214844,1.550436718389392e-05,Ephemeroptera
2285,479.0601806640625,0.0,500.0,257.6622009277344,1.4765628293389454e-05,Ephemeroptera
2286,4108,2576.998794555664,4124.3008098602295,2707.5969848632812,1.4410195035452489e-05,Ephemeroptera
2287,0,3328.2911987304688,22.059505462646484,3455.948486328125,1.3992712410981767e-05,Ephemeroptera
2288,4108,1701.2910842895508,4146.8194580078125,1762.1707916259766,1.3637664778798353e-05,Ephemeroptera
2289,4516.697784423828,1721.8623886108398,4593.139099121094,1796.398422241211,1.3596666576631833e-05,Ephemeroptera
2290,146.88009643554688,800,270.719482421875,837.229190826416,1.3575431694334839e-05,Ephemeroptera
2291,168.34205627441406,2956,286.856689453125,2979.8750324249268,1.3459926776704378e-05,Ephemeroptera
2292,373.7940673828125,2237.8173065185547,463.49639892578125,2284.377227783203,1.2851840438088402e-05,Ephemeroptera
2293,359.5654602050781,855.9784393310547,446.9113464355469,972.8960723876953,1.1652171451714821e-05,Ephemeroptera
2294,486.68206787109375,721.0084533691406,499.99127197265625,816.2357177734375,1.1545286724867765e-05,Ephemeroptera
2295,247.83444213867188,763.1590881347656,326.2274169921875,900.0,1.04069795270334e-05,Ephemeroptera
2296,167.2006072998047,462.24871826171875,261.3519287109375,499.90472412109375,8.468105079373345e-06,Ephemeroptera
2297,3618.211181640625,943.81787109375,4257.634765625,3046.1474609375,0.7750552892684937,Hemiptera
2298,3410.7521057128906,1174.9814453125,3450.9866638183594,1212.7670288085938,0.7082667350769043,Hemiptera
2299,2457.1807250976562,474.4176940917969,2504.7653579711914,530.9493560791016,0.649493932723999,Hemiptera
2300,2908.4475631713867,2899.824775695801,2931.5060424804688,2921.556365966797,0.6456304788589478,Hemiptera
2301,2483.2645263671875,2419.60888671875,2507.0889739990234,2452.3271484375,0.6366854310035706,Hemiptera
2302,4007.094362258911,3189.5716247558594,4030.307233810425,3229.6422424316406,0.5974760055541992,Hemiptera
2303,2606.058837890625,2465.7811279296875,2667.167755126953,2501.0531158447266,0.4235110878944397,Hemiptera
2304,3410.9718017578125,1867.8316955566406,3438.9737854003906,1904.5198974609375,0.3834284543991089,Hemiptera
2305,3576.4595642089844,1536.79052734375,3634.2294311523438,1582.9390869140625,0.3364645540714264,Hemiptera
2306,1989.7815551757812,3091.686325073242,2043.4496040344238,3189.4959411621094,0.24174731969833374,Hemiptera
2307,3300.96044921875,1548.044189453125,3331.7185821533203,1572.7163391113281,0.1984356939792633,Hemiptera
2308,3258.4742431640625,1751.9980010986328,3296.4649047851562,1784.948486328125,0.18478533625602722,Hemiptera
2309,2081.356430053711,3109.803009033203,2128.175064086914,3163.639190673828,0.17895404994487762,Hemiptera
2310,1365.983627319336,814.9682464599609,1396.9175567626953,851.123046875,0.17843130230903625,Hemiptera
2311,748.0730285644531,692.6764831542969,847.4461975097656,741.5764465332031,0.1715264767408371,Hemiptera
2312,4477.782043457031,891.1718597412109,4500.0,1057.9771423339844,0.1679101288318634,Hemiptera
2313,3357.7815704345703,3169.1365661621094,3392.5738525390625,3209.9146423339844,0.14049768447875977,Hemiptera
2314,1203.6441650390625,1674.9371643066406,1234.9237365722656,1702.104248046875,0.11580727249383926,Hemiptera
2315,527.2733688354492,881.8172607421875,767.7843933105469,900.0,0.11489781737327576,Hemiptera
2316,839.1022644042969,1844.7999267578125,863.4500427246094,1870.7399597167969,0.11280599981546402,Hemiptera
2317,3805.589385986328,1066.0537109375,3863.3071899414062,1098.9893493652344,0.10858100652694702,Hemiptera
2318,3184.1756896972656,1033.8520050048828,3216.835838317871,1051.5950622558594,0.08387194573879242,Hemiptera
2319,4187.426651000977,3143.715057373047,4230.683135986328,3184.2401123046875,0.0781286284327507,Hemiptera
2320,3356.961410522461,1455.535888671875,3402.7154235839844,1492.9681701660156,0.07438208162784576,Hemiptera
2321,2459.243865966797,2144.3111877441406,2507.9873580932617,2405.453125,0.0735628604888916,Hemiptera
2322,3198.06103515625,984.4283599853516,3227.1723976135254,1024.7084197998047,0.07104011625051498,Hemiptera
2323,4095.076347351074,435.9236755371094,4128.740509033203,479.1577453613281,0.06787683814764023,Hemiptera
2324,3685.2279663085938,806.8164052963257,3716.0277099609375,856.7709426879883,0.06743799149990082,Hemiptera
2325,4098.437156677246,2159.1764221191406,4135.050464630127,2197.021255493164,0.06654275953769684,Hemiptera
2326,664.3526000976562,1824.4815826416016,692.7411193847656,1845.7247772216797,0.0642625093460083,Hemiptera
2327,914.9477005004883,1975.5699157714844,936.2972717285156,1996.5639953613281,0.06347765773534775,Hemiptera
2328,1400.3075103759766,134.4886016845703,1431.6897888183594,148.764892578125,0.05946074798703194,Hemiptera
2329,1790.0995483398438,2545.6238708496094,1813.401626586914,2565.184860229492,0.05872788280248642,Hemiptera
2330,2001.3215273618698,997.1241302490234,2022.139144897461,1023.2201995849609,0.05756142735481262,Hemiptera
2331,402.7259826660156,3189.3326110839844,450.12359619140625,3229.7625732421875,0.057233069092035294,Hemiptera
2332,1717.647315979004,1916.2999572753906,1745.3307189941406,1943.31103515625,0.056637369096279144,Hemiptera
2333,2750.3447875976562,2287.1549072265625,2783.5841674804688,2308.9323120117188,0.05430101603269577,Hemiptera
2334,1057.2200317382812,193.21543884277344,1084.3377075195312,220.15211486816406,0.051466722041368484,Hemiptera
2335,2023.4813652038574,2879.3219604492188,2194.0479583740234,3149.321746826172,0.05093666538596153,Hemiptera
2336,3546.7032775878906,421.45984840393066,3567.5447387695312,469.04783630371094,0.050411783158779144,Hemiptera
2337,2795.0800170898438,494.31915283203125,2855.679901123047,523.8329620361328,0.04771105945110321,Hemiptera
2338,3397.347885131836,204.98365783691406,3433.0418090820312,287.6736755371094,0.04760657250881195,Hemiptera
2339,3087.2393188476562,2014.2608642578125,3112.8513793945312,2040.5570068359375,0.04681364819407463,Hemiptera
2340,1200.0,86.56716918945312,1221.5436248779297,121.93598937988281,0.04609118402004242,Hemiptera
2341,3283.2269897460938,160.4861602783203,3318.152976989746,194.77789306640625,0.04528849944472313,Hemiptera
2342,3189.4427795410156,696.0591735839844,3226.186798095703,735.6596374511719,0.043745800852775574,Hemiptera
2343,360.61370849609375,3199.2559661865234,383.64569091796875,3223.324981689453,0.04247870668768883,Hemiptera
2344,1457.3503723144531,2199.1412200927734,1479.6994323730469,2222.835968017578,0.04239966347813606,Hemiptera
2345,2949.4376831054688,931.4967651367188,2971.9583892822266,947.4186401367188,0.042319297790527344,Hemiptera
2346,1628.6111755371094,1017.6233978271484,1685.5281982421875,1065.86572265625,0.04060013219714165,Hemiptera
2347,481.6001892089844,795.7322082519531,500.0,833.5773315429688,0.03914490342140198,Hemiptera
2348,737.6314086914062,1874.8230895996094,763.8687133789062,1901.121337890625,0.037573255598545074,Hemiptera
2349,3254.0143127441406,2889.0836181640625,3299.8524780273438,2900.0,0.037023309618234634,Hemiptera
2350,1697.4816818237305,2288.2976989746094,1732.9446716308594,2346.6415405273438,0.03664902225136757,Hemiptera
2351,3598.7948303222656,1663.0716934204102,3628.0245361328125,1728.5714721679688,0.035487424582242966,Hemiptera
2352,1211.5020141601562,1904.1555480957031,1240.9225578308105,1946.985107421875,0.031711991876363754,Hemiptera
2353,1600.0,2042.5877685546875,1617.5703086853027,2065.6748657226562,0.031157832592725754,Hemiptera
2354,1553.0272521972656,2559.6363525390625,1587.9189453125,2589.990753173828,0.03026215359568596,Hemiptera
2355,2549.716110229492,430.8390197753906,2568.082992553711,451.8371238708496,0.030115388333797455,Hemiptera
2356,3745.0555267333984,475.97772216796875,3903.0597534179688,508.94517517089844,0.02929583564400673,Hemiptera
2357,4011.213970184326,2031.7532653808594,4176.168670654297,2128.009475708008,0.028486372902989388,Hemiptera
2358,3153.4781799316406,1500.5764465332031,3226.277069091797,1525.7266540527344,0.026512734591960907,Hemiptera
2359,2801.7236590385437,347.2709655761719,2830.923086166382,377.6117248535156,0.026120929047465324,Hemiptera
2360,3670.336639404297,1002.775146484375,3705.1798706054688,1090.9415588378906,0.025821374729275703,Hemiptera
2361,2520.203468322754,255.19175720214844,2548.7449493408203,286.3731384277344,0.024535387754440308,Hemiptera
2362,4108.0,1819.7626647949219,4130.595685958862,1853.5067138671875,0.02335215173661709,Hemiptera
2363,3194.0055541992188,2520.786331176758,3237.6226119995117,2558.78076171875,0.023244038224220276,Hemiptera
2364,2364.737274169922,1733.6264190673828,2540.365463256836,2100.0,0.023207535967230797,Hemiptera
2365,1797.5271453857422,3091.984893798828,1825.3300476074219,3117.86865234375,0.02252591773867607,Hemiptera
2366,3675.236198425293,287.10064697265625,3716.029930114746,390.11279296875,0.022384729236364365,Hemiptera
2367,3076.6275024414062,884.332763671875,3174.546661376953,899.9747314453125,0.021746288985013962,Hemiptera
2368,2974.3452758789062,722.5455627441406,3016.469223022461,750.0405578613281,0.02099572867155075,Hemiptera
2369,359.1675720214844,427.4473571777344,379.6411437988281,459.4091796875,0.020986683666706085,Hemiptera
2370,1407.8770599365234,1280.409912109375,1583.1889038085938,1300.0,0.02094077505171299,Hemiptera
2371,2529.052490234375,2252.0960388183594,2556.4378204345703,2271.2938842773438,0.020913084968924522,Hemiptera
2372,2602.8653106689453,122.08330535888672,2639.4134979248047,174.7874755859375,0.020869916304945946,Hemiptera
2373,810.9599561691284,1743.9134826660156,828.1878051757812,1767.9122161865234,0.020180588588118553,Hemiptera
2374,1459.0000915527344,1292.1557693481445,1510.8800354003906,1321.1610794067383,0.02003544010221958,Hemiptera
2375,1585.9586791992188,544.8851013183594,1617.1202697753906,574.0103302001953,0.01948361285030842,Hemiptera
2376,2001.557438135147,1538.5691223144531,2024.273193359375,1559.6708679199219,0.01839815452694893,Hemiptera
2377,2857.329559326172,464.45501708984375,2890.628089904785,486.20013427734375,0.01834222860634327,Hemiptera
2378,4005.498562812805,2197.5728454589844,4049.7997436523438,2233.7708435058594,0.017962172627449036,Hemiptera
2379,3691.4716567993164,1445.0311584472656,3713.152633666992,1467.303466796875,0.017873229458928108,Hemiptera
2380,2000.0,2405.0433959960938,2336.050537109375,2502.062973022461,0.01736181415617466,Hemiptera
2381,3971.552215576172,1948.9893798828125,4034.97159576416,2051.1284790039062,0.01705387607216835,Hemiptera
2382,1600.5912214517593,1618.6974925994873,1637.4063034057617,1653.831428527832,0.016534239053726196,Hemiptera
2383,1511.2513427734375,2949.403305053711,1540.9107360839844,2970.9061584472656,0.015602627769112587,Hemiptera
2384,2776.924041748047,1344.0596618652344,2801.5380859375,1364.9983825683594,0.015575017780065536,Hemiptera
2385,388.0030517578125,2233.927734375,418.0550956726074,2321.6332092285156,0.015454227104783058,Hemiptera
2386,1042.3311004638672,1825.2592163085938,1063.1109924316406,1849.3788757324219,0.015348476357758045,Hemiptera
2387,2939.093948364258,2887.450164794922,3033.364242553711,2908.0015029907227,0.014391593635082245,Hemiptera
2388,4084.235450744629,844.4559020996094,4146.780956268311,934.8007202148438,0.01425120048224926,Hemiptera
2389,3249.7612915039062,3061.9959411621094,3299.5909729003906,3086.029327392578,0.014031247235834599,Hemiptera
2390,3990.5723571777344,2977.3151512145996,4025.7362842559814,3118.0872802734375,0.013268617913126945,Hemiptera
2391,3256.18839263916,2898.3561248779297,3318.969009399414,2932.600540161133,0.013031885959208012,Hemiptera
2392,2043.0882568359375,2892.435546875,2100.0,3239.4778747558594,0.012526540085673332,Hemiptera
2393,3271.1856384277344,1573.4335327148438,3309.7421493530273,1644.206142425537,0.012460374273359776,Hemiptera
2394,2400.026398897171,300.0284118652344,2419.8146381378174,335.4234619140625,0.012422562576830387,Hemiptera
2395,2529.3389282226562,475.0357666015625,2613.5010681152344,500.0,0.012355758808553219,Hemiptera
2396,2501.3233184814453,874.3894195556641,2548.5111236572266,909.9263916015625,0.011941379867494106,Hemiptera
2397,4091.5640869140625,841.0986022949219,4120.670845031738,904.4304962158203,0.011779380030930042,Hemiptera
2398,3300.32657623291,2187.787338256836,3339.4263610839844,2208.8952026367188,0.011526248417794704,Hemiptera
2399,3639.4212646484375,1595.7677001953125,3669.623954772949,1636.2609252929688,0.011319040320813656,Hemiptera
2400,4225.058120727539,553.567626953125,4269.792572021484,606.7483673095703,0.01131419651210308,Hemiptera
2401,391.6766357421875,3091.79736328125,440.52758407592773,3158.617889404297,0.011145790107548237,Hemiptera
2402,978.4427642822266,2129.5249633789062,1004.0893249511719,2152.6974029541016,0.010966603644192219,Hemiptera
2403,2184.498306274414,3138.701171875,2215.2350006103516,3187.758544921875,0.010943193919956684,Hemiptera
2404,3463.2513122558594,366.2916259765625,3515.209014892578,393.68377685546875,0.010920015163719654,Hemiptera
2405,2324.1878967285156,1218.9566650390625,2343.100799560547,1251.7809753417969,0.010373873636126518,Hemiptera
2406,3838.6404571533203,3221.101104736328,3872.6898803710938,3247.172637939453,0.010230494663119316,Hemiptera
2407,2791.8641662597656,3076.5515747070312,2855.0913696289062,3171.5377197265625,0.010191146284341812,Hemiptera
2408,3638.4996337890625,1680.013526916504,3666.952880859375,1709.0123138427734,0.010046767070889473,Hemiptera
2409,2965.9573974609375,1095.6508178710938,2994.003158569336,1116.0250244140625,0.010019212029874325,Hemiptera
2410,3523.5820922851562,655.6589050292969,3613.278564453125,683.4904174804688,0.009985234588384628,Hemiptera
2411,1664.9384460449219,2545.0945434570312,1700.0,2633.5362854003906,0.009971884079277515,Hemiptera
2412,945.6708984375,1220.6411247253418,966.6215362548828,1243.653720855713,0.009905838407576084,Hemiptera
2413,1200.0,1644.1241149902344,1211.492148399353,1672.4295654296875,0.009815098717808723,Hemiptera
2414,1225.9034519195557,3251.461669921875,1251.1737670898438,3272.2117919921875,0.009550472721457481,Hemiptera
2415,2034.395263671875,2904.756507873535,2056.0284729003906,2923.198829650879,0.009547500871121883,Hemiptera
2416,3188.711883544922,2042.6502647399902,3240.614097595215,2159.209915161133,0.009177063591778278,Hemiptera
2417,1600.0,2474.119842529297,1702.0317993164062,2499.9212341308594,0.00913621112704277,Hemiptera
2418,2961.2647552490234,1211.6928100585938,3007.856231689453,1249.5535278320312,0.009040829725563526,Hemiptera
2419,1108.2232360839844,2492.6870880126953,1141.9464111328125,2517.6959533691406,0.008589524775743484,Hemiptera
2420,3361.9306640625,1679.9809799194336,3392.3099060058594,1730.9081420898438,0.008459273725748062,Hemiptera
2421,1635.9376831054688,110.35488891601562,1664.6779861450195,128.85218811035156,0.008440038189291954,Hemiptera
2422,3002.3081817626953,806.4211993217468,3034.754180908203,836.3197937011719,0.008372543379664421,Hemiptera
2423,1237.1514129638672,3040.743133544922,1265.7046432495117,3076.5795516967773,0.008172133937478065,Hemiptera
2424,2000.0,1311.9114608764648,2011.084002494812,1418.7053985595703,0.008116796612739563,Hemiptera
2425,796.9306640625,1671.5626602172852,834.7511291503906,1713.1615524291992,0.007919023744761944,Hemiptera
2426,4000.0,3247.795196533203,4049.0936431884766,3309.160430908203,0.007918094284832478,Hemiptera
2427,1776.7632904052734,312.7987976074219,1810.0840759277344,334.38043212890625,0.007786421105265617,Hemiptera
2428,2116.1350479125977,775.7425231933594,2162.622283935547,834.6325988769531,0.007632058579474688,Hemiptera
2429,3269.7886352539062,1798.0808715820312,3295.80908203125,1819.811538696289,0.007420698180794716,Hemiptera
2430,3215.9222240448,1093.2624206542969,3238.4894409179688,1114.8861694335938,0.00731708575040102,Hemiptera
2431,2998.1862182617188,2080.262420654297,3078.632080078125,2100.0,0.00725594675168395,Hemiptera
2432,4000.0,2156.7073364257812,4028.6964836120605,2231.5952758789062,0.00718312244862318,Hemiptera
2433,3169.7367248535156,1058.4996337890625,3204.856964111328,1115.5421142578125,0.007113217376172543,Hemiptera
2434,2803.4615478515625,479.9988708496094,2859.2674255371094,499.8981018066406,0.00709486985579133,Hemiptera
2435,3204.8717041015625,927.9826202392578,3239.029121398926,956.1244659423828,0.007059234660118818,Hemiptera
2436,1860.4000244140625,991.9549255371094,1887.0577392578125,1014.1190338134766,0.007040408905595541,Hemiptera
2437,3848.28369140625,334.31201171875,3888.1867065429688,363.380859375,0.007019468583166599,Hemiptera
2438,1628.7672119140625,1801.531509399414,1700.0,2100.0,0.006905060727149248,Hemiptera
2439,4103.177642822266,637.0063781738281,4154.261444091797,691.9661560058594,0.00687120296061039,Hemiptera
2440,4563.291259765625,3052.8936462402344,4608.0,3451.068084716797,0.00679234741255641,Hemiptera
2441,4108.03602206707,247.97019958496094,4126.417516708374,291.046630859375,0.006536446511745453,Hemiptera
2442,4108.0,669.6312561035156,4126.619445800781,719.6046752929688,0.006478265393525362,Hemiptera
2443,1391.157699584961,656.85986328125,1412.8876495361328,672.7232971191406,0.006472927983850241,Hemiptera
2444,4108.0,599.4958190917969,4126.123794555664,677.111328125,0.00646674819290638,Hemiptera
2445,4037.8155822753906,2156.6317138671875,4099.9171142578125,2202.1622467041016,0.006028202828019857,Hemiptera
2446,2259.0335693359375,3048.526626586914,2284.1470642089844,3079.927001953125,0.005905907601118088,Hemiptera
2447,951.1389770507812,1286.3188781738281,1067.2973022460938,1302.420295715332,0.005880862474441528,Hemiptera
2448,3324.77001953125,1676.5261535644531,3350.9067993164062,1704.945442199707,0.005724843125790358,Hemiptera
2449,3331.0057067871094,2283.7576904296875,3372.0209045410156,2358.649169921875,0.005691401194781065,Hemiptera
2450,2962.884475708008,1692.4264831542969,3018.565399169922,1699.9826965332031,0.005651083309203386,Hemiptera
2451,3400.625473022461,3222.392578125,3447.3710021972656,3297.2189025878906,0.005608028266578913,Hemiptera
2452,3278.516876220703,496.157958984375,3299.8817443847656,536.874267578125,0.0055981106124818325,Hemiptera
2453,3943.477020263672,398.5695495605469,3981.091033935547,441.80194091796875,0.005549148190766573,Hemiptera
2454,1007.9432525634766,1678.5537719726562,1034.8310546875,1699.8180541992188,0.0054727098904550076,Hemiptera
2455,282.3901062011719,1286.9752502441406,484.0738220214844,1300.0,0.0053617218509316444,Hemiptera
2456,1322.8065948486328,2317.8951721191406,1346.651123046875,2334.2023010253906,0.005189038347452879,Hemiptera
2457,2037.9410705566406,886.9013595581055,2075.556427001953,926.6052932739258,0.00516741955652833,Hemiptera
2458,400.0,811.682689666748,439.4180221557617,900.0,0.005159786902368069,Hemiptera
2459,1122.2860717773438,467.3216323852539,1153.92041015625,500.0,0.005116267129778862,Hemiptera
2460,4093.7631759643555,1181.4602966308594,4138.379455566406,1241.9241943359375,0.0050299507565796375,Hemiptera
2461,608.2832336425781,1180.1452026367188,628.2010040283203,1202.9921875,0.004974196664988995,Hemiptera
2462,3386.5320434570312,1133.5094604492188,3439.5208587646484,1168.8068542480469,0.004930753260850906,Hemiptera
2463,1903.7477416992188,2466.413604736328,2100.0,2500.0,0.004844074137508869,Hemiptera
2464,2528.912384033203,925.9516754150391,2576.6817474365234,974.3016967773438,0.0047338251024484634,Hemiptera
2465,3389.189651489258,96.44438934326172,3416.8307495117188,132.874267578125,0.0045755901373922825,Hemiptera
2466,2558.823486328125,2761.7511596679688,2579.9822845458984,2782.3014221191406,0.004490997642278671,Hemiptera
2467,2366.330810546875,2956.171495974064,2398.2766723632812,2975.878875732422,0.004332781303673983,Hemiptera
2468,3664.0677490234375,639.4006195068359,3700.0,862.6952209472656,0.004286396317183971,Hemiptera
2469,4000.0,1389.4495544433594,4028.7578887939453,1475.0411376953125,0.0042602005414664745,Hemiptera
2470,4108.0,2071.455612182617,4174.699150085449,2105.4337005615234,0.004199191927909851,Hemiptera
2471,614.1656799316406,350.5257873535156,638.0603790283203,375.1578674316406,0.004175284877419472,Hemiptera
2472,447.3681945800781,2295.8609008789062,500.0,2622.841598510742,0.004156297072768211,Hemiptera
2473,843.9779357910156,2061.4948120117188,904.3525924682617,2139.409713745117,0.0040351999923586845,Hemiptera
2474,3209.288604736328,877.2597351074219,3332.346176147461,900.0,0.003991539124399424,Hemiptera
2475,3270.441162109375,877.4627685546875,3302.5052795410156,900.0,0.003979124128818512,Hemiptera
2476,3209.1438903808594,1559.8213806152344,3244.5196533203125,1601.5698852539062,0.003933366388082504,Hemiptera
2477,4044.185806274414,2393.9057006835938,4136.704040527344,2410.2606534957886,0.0038221098948270082,Hemiptera
2478,2799.3155212402344,3010.418300628662,2826.2311458587646,3068.8759155273438,0.0038176788948476315,Hemiptera
2479,1107.1111755371094,1377.5078582763672,1139.9907531738281,1417.0811462402344,0.0037862344179302454,Hemiptera
2480,2121.8475799560547,2066.2886657714844,2457.248504638672,2100.0,0.0037346978206187487,Hemiptera
2481,3873.3826293945312,375.1725769042969,3919.9427490234375,438.68292236328125,0.0037016214337199926,Hemiptera
2482,3370.252471923828,1200.0,3441.2664947509766,1219.7436866760254,0.003692493075504899,Hemiptera
2483,2695.5774841308594,2892.409225463867,2732.4693298339844,2910.809471130371,0.0036924919113516808,Hemiptera
2484,2181.3705444335938,2463.1990966796875,2500.0,2500.0,0.0036130407825112343,Hemiptera
2485,1887.9958190917969,2887.4903564453125,2004.0210571289062,2900.0,0.0035878277849406004,Hemiptera
2486,4075.9796142578125,1828.3040008544922,4099.778747558594,1890.1036376953125,0.0035402451176196337,Hemiptera
2487,4185.398681640625,3230.909393310547,4239.668029785156,3294.882080078125,0.003509078174829483,Hemiptera
2488,3378.510452270508,1587.684326171875,3459.613525390625,1629.4562377929688,0.003442267654463649,Hemiptera
2489,254.34413146972656,2406.7628784179688,500.0,2500.0,0.0034291509073227644,Hemiptera
2490,826.0086975097656,238.9069061279297,851.6715087890625,267.19989013671875,0.003423037240281701,Hemiptera
2491,3652.6644287109375,1101.9872131347656,3718.582000732422,1140.4025573730469,0.0033990778028964996,Hemiptera
2492,4107.530738830566,2408.8123168945312,4150.328407287598,2481.4882202148438,0.003339135553687811,Hemiptera
2493,3985.573211669922,3053.941734313965,4024.4887733459473,3135.6700439453125,0.0032717660069465637,Hemiptera
2494,4207.991569519043,784.6788024902344,4270.471435546875,842.84814453125,0.0032291505485773087,Hemiptera
2495,3641.283416748047,3268.902862548828,3669.109848022461,3289.6275634765625,0.0031986150424927473,Hemiptera
2496,2875.791549682617,880.3233261108398,2899.1217041015625,917.1795501708984,0.0031533376313745975,Hemiptera
2497,3006.4840393066406,400.5748599767685,3043.176315307617,431.73211669921875,0.003106471849605441,Hemiptera
2498,3674.7992553710938,2467.1165466308594,3707.201370239258,2545.4825439453125,0.0031052494887262583,Hemiptera
2499,3600.365035235882,636.9286041259766,3621.6485328674316,683.8980102539062,0.003087018383666873,Hemiptera
2500,3134.595001220703,695.2753295898438,3164.816619873047,717.1347961425781,0.0030669693369418383,Hemiptera
2501,1291.700050354004,1891.8202514648438,1317.0254669189453,1934.4033203125,0.0030342673417180777,Hemiptera
2502,3783.514877319336,474.62176513671875,3913.7457885742188,520.4499206542969,0.0029905589763075113,Hemiptera
2503,1170.5210266113281,1274.6777954101562,1204.462158203125,1299.5553588867188,0.002916140714660287,Hemiptera
2504,3730.7115478515625,858.5061950683594,3783.4671936035156,896.0184020996094,0.0028828855138272047,Hemiptera
2505,1965.4576721191406,3014.8153381347656,1996.8181762695312,3042.639678955078,0.0028725143056362867,Hemiptera
2506,986.9923400878906,754.8701171875,1015.2634124755859,799.8472290039062,0.0028653882909566164,Hemiptera
2507,2290.8557739257812,2850.4869384765625,2500.0,2900.0,0.0028325242456048727,Hemiptera
2508,3192.9026489257812,248.10752868652344,3231.746238708496,343.0882568359375,0.0028239337261766195,Hemiptera
2509,2741.0477600097656,1290.3066711425781,2784.9066772460938,1300.0,0.0028010627720505,Hemiptera
2510,4526.906066894531,3192.229034423828,4608.0,3456.0,0.00274465000256896,Hemiptera
2511,968.5476989746094,2018.0256977081299,1016.6745452880859,2053.5004844665527,0.0027015835512429476,Hemiptera
2512,2906.5883865356445,556.1783599853516,2938.614944458008,583.7265777587891,0.0026877564378082752,Hemiptera
2513,3561.012939453125,1254.1160583496094,3603.809844970703,1300.0,0.002677983371540904,Hemiptera
2514,4000.0,451.71163177490234,4041.609115600586,524.2650375366211,0.002671483438462019,Hemiptera
2515,1463.9171752929688,2294.0451049804688,1486.2936401367188,2323.8546447753906,0.002643464831635356,Hemiptera
2516,3137.9653930664062,196.73158264160156,3155.6199951171875,229.95700073242188,0.0026395870372653008,Hemiptera
2517,4101.897903442383,938.2114410400391,4144.628372192383,1026.9931335449219,0.0026309380773454905,Hemiptera
2518,3893.7769775390625,1969.6721496582031,3926.7982482910156,2003.9909362792969,0.0026181067805737257,Hemiptera
2519,886.2699966430664,93.50022888183594,921.7214813232422,121.36766815185547,0.0025999138597398996,Hemiptera
2520,3611.0120935440063,1267.0242156982422,3677.5682373046875,1299.6530456542969,0.002597025828436017,Hemiptera
2521,4085.7103271484375,2373.2821350097656,4099.938385009766,2416.308349609375,0.0025928220711648464,Hemiptera
2522,3461.3358154296875,1523.1638488769531,3492.3204956054688,1546.2872924804688,0.002588466973975301,Hemiptera
2523,3707.5870513916016,2000.380859375,3753.4692993164062,2036.1520385742188,0.002564105438068509,Hemiptera
2524,2400.0,2044.3049774169922,2563.698715209961,2100.0,0.0024784235283732414,Hemiptera
2525,3600.0,3082.8266677856445,3616.768684387207,3205.742156982422,0.002457629656419158,Hemiptera
2526,1968.6774597167969,89.93002319335938,1991.1550903320312,113.10142517089844,0.002391184912994504,Hemiptera
2527,1200.0,1404.4295806884766,1240.4145584106445,1461.9908752441406,0.0023196826223284006,Hemiptera
2528,4099.281326293945,2468.6730041503906,4189.544769287109,2513.707229614258,0.0023088546004146338,Hemiptera
2529,3570.218231201172,1428.4678497314453,3599.136932373047,1469.3213806152344,0.0022782657761126757,Hemiptera
2530,3608.1331615448,2136.942626953125,3632.306468963623,2165.569107055664,0.00227705342695117,Hemiptera
2531,4108,2196.5682220458984,4140.829750061035,2242.258285522461,0.00227615749463439,Hemiptera
2532,2400.0,2819.330644607544,2457.754005432129,2933.5098266601562,0.0022472345735877752,Hemiptera
2533,3233.7098999023438,3161.999465942383,3281.3674926757812,3203.371383666992,0.002242064569145441,Hemiptera
2534,1593.4736633300781,1493.0570983886719,1621.9183349609375,1515.3735046386719,0.002237914828583598,Hemiptera
2535,3286.758270263672,559.5174560546875,3299.957000732422,634.2085418701172,0.0021995501592755318,Hemiptera
2536,3270.9208068847656,2283.9686279296875,3300.0,2500.0,0.002198129426687956,Hemiptera
2537,4186.996185302734,1236.7391967773438,4243.304168701172,1270.5480651855469,0.002189275110140443,Hemiptera
2538,662.7160034179688,1054.6376647949219,691.033447265625,1090.4035034179688,0.002187170088291168,Hemiptera
2539,4108.0,281.0052490234375,4140.115550994873,354.1772766113281,0.002138481941074133,Hemiptera
2540,3224.9359130859375,1163.6323547363281,3257.6923217773438,1190.5914916992188,0.002137051662430167,Hemiptera
2541,1177.8280029296875,465.40999603271484,1300.0,537.4359588623047,0.0021196918096393347,Hemiptera
2542,1920.8093872070312,3107.5816345214844,1959.0436096191406,3131.9122924804688,0.002091329311951995,Hemiptera
2543,2887.9434356689453,2706.158172607422,2938.0187072753906,2725.6959838867188,0.0020758723840117455,Hemiptera
2544,4210.736427307129,466.6443557739258,4244.573104858398,497.01673889160156,0.002055680612102151,Hemiptera
2545,1303.6464004516602,2207.4898529052734,1322.7904357910156,2231.8253784179688,0.002023247769102454,Hemiptera
2546,3941.223907470703,1269.6486740112305,4055.282012939453,1323.9617004394531,0.0019768548663705587,Hemiptera
2547,2330.988739013672,2513.351272583008,2369.5511474609375,2531.9669494628906,0.001967822201550007,Hemiptera
2548,3711.8274459838867,1823.4603881835938,3792.075424194336,1855.9546966552734,0.001957987667992711,Hemiptera
2549,3014.2354431152344,2019.1579895019531,3057.205780029297,2044.8081550598145,0.0019538658671081066,Hemiptera
2550,3717.528739929199,3101.9129638671875,3755.493408203125,3149.6447143554688,0.001953697530552745,Hemiptera
2551,1652.3948783874512,3321.315185546875,1705.6283950805664,3362.0794372558594,0.0019312724471092224,Hemiptera
2552,2799.721710205078,2862.80859375,2862.2927436828613,2899.5836181640625,0.0019280463457107544,Hemiptera
2553,4563.288024902344,2091.3030166625977,4608.0,2500.0,0.0019278977997601032,Hemiptera
2554,2338.754608154297,1950.974853515625,2372.4097595214844,1973.8054809570312,0.0019149018917232752,Hemiptera
2555,466.54852294921875,1036.4443359375,503.61753845214844,1292.8958740234375,0.0018740178784355521,Hemiptera
2556,2724.820556640625,273.76885986328125,2766.1002502441406,300.7148742675781,0.001836229464970529,Hemiptera
2557,4024.6170902252197,1832.4385681152344,4073.9239349365234,1860.2346496582031,0.0018338510999456048,Hemiptera
2558,1270.5302124023438,1788.9004669189453,1300.0,2075.6971740722656,0.0018299694638699293,Hemiptera
2559,3582.717010498047,347.6027526855469,3619.474884033203,363.0114440917969,0.0018290238222107291,Hemiptera
2560,4256.0501708984375,3358.8482360839844,4593.568756103516,3456.0,0.0018087468342855573,Hemiptera
2561,2447.72465133667,2887.450469970703,2572.3219604492188,2900.0,0.001768611022271216,Hemiptera
2562,3658.6215858459473,1488.4523010253906,3687.5057373046875,1507.8784790039062,0.0017341700149700046,Hemiptera
2563,3653.6124572753906,664.5013732910156,3672.241729736328,687.517822265625,0.0017266364302486181,Hemiptera
2564,1681.5785064697266,882.0261611938477,1722.836685180664,902.3832702636719,0.001713614328764379,Hemiptera
2565,471.3818664550781,2400.0,500.0,2695.1068725585938,0.0016938612097874284,Hemiptera
2566,1819.4217224121094,2861.8929748535156,1921.98681640625,2899.9881591796875,0.001676699030213058,Hemiptera
2567,2880.9712524414062,605.6076812744141,2900.0,651.6759185791016,0.0016513317823410034,Hemiptera
2568,3058.1343994140625,2473.7069091796875,3306.3121795654297,2500.0,0.0016512664733454585,Hemiptera
2569,2441.5732421875,1876.958984375,2500.0,2133.9766998291016,0.0015976508148014545,Hemiptera
2570,4000.004206597805,1925.8515930175781,4024.852285385132,2003.2627563476562,0.0015950842062011361,Hemiptera
2571,2191.0177001953125,2956.655734539032,2238.861053466797,2984.6940937042236,0.0015786023577675223,Hemiptera
2572,680.5621948242188,2611.882598876953,701.2930908203125,2640.1983795166016,0.0015690588625147939,Hemiptera
2573,4080.08162689209,2956.0003665685654,4139.592575073242,2990.6998748779297,0.0015616132877767086,Hemiptera
2574,3313.2421493530273,1427.250717163086,3351.8187103271484,1451.6231079101562,0.001539552235044539,Hemiptera
2575,1949.0076904296875,3161.383331298828,1983.6929321289062,3183.4618377685547,0.0015292488969862461,Hemiptera
2576,3298.309310913086,1809.4506225585938,3338.3985290527344,1836.9944610595703,0.0015040297294035554,Hemiptera
2577,2861.205108642578,1617.2606945037842,2900.0,1911.3878173828125,0.0015012973453849554,Hemiptera
2578,3655.2327270507812,581.7882690429688,3700.0,629.2759399414062,0.0014989482006058097,Hemiptera
2579,4000.0,1537.1761474609375,4035.23575592041,1590.2841491699219,0.001495872507803142,Hemiptera
2580,2870.010009765625,3143.651901245117,2907.06591796875,3167.7372283935547,0.0014772402355447412,Hemiptera
2581,3670.6409225463867,1009.0990600585938,3708.8294067382812,1068.47998046875,0.0014723935164511204,Hemiptera
2582,2536.285186767578,493.9824523925781,2626.1473388671875,500.0,0.0014576647663488984,Hemiptera
2583,3510.29736328125,1428.2393035888672,3546.3894958496094,1480.03173828125,0.0014563604490831494,Hemiptera
2584,1624.7737350463867,2915.079330444336,1656.9605712890625,2936.367385864258,0.0014370845165103674,Hemiptera
2585,3864.32275390625,1238.3409729003906,3898.345245361328,1261.5879287719727,0.0014332454884424806,Hemiptera
2586,1419.7553405761719,197.9930877685547,1437.213394165039,218.76377868652344,0.0014281457988545299,Hemiptera
2587,2639.8792266845703,3411.9427185058594,3046.312210083008,3456.0,0.0014268264640122652,Hemiptera
2588,1800.0748596191406,1635.961338043213,1826.5985412597656,1649.706886291504,0.0014155451208353043,Hemiptera
2589,3085.738037109375,438.901611328125,3114.7503356933594,459.84075927734375,0.0014023480471223593,Hemiptera
2590,4075.961669921875,99.59458923339844,4100.0,153.41444396972656,0.0014016625937074423,Hemiptera
2591,884.0126037597656,769.8376159667969,899.9690551757812,814.3129272460938,0.0013799243606626987,Hemiptera
2592,1748.6415557861328,2480.3872985839844,2023.9287719726562,2500.0,0.0013772092061117291,Hemiptera
2593,3159.7333374023438,1608.98583984375,3183.8125610351562,1635.7399597167969,0.0013729765778407454,Hemiptera
2594,3451.6168365478516,2420.9177856445312,3476.367401123047,2441.298515319824,0.0013618783559650183,Hemiptera
2595,2881.073699951172,393.4059753417969,2914.1888885498047,411.0826110839844,0.0013549447758123279,Hemiptera
2596,2400.0,1310.3036422729492,2435.2082710266113,1431.1336822509766,0.0013423669151961803,Hemiptera
2597,1387.5240020751953,2050.9276733398438,1423.5989074707031,2079.147186279297,0.0013182348338887095,Hemiptera
2598,4108.0,1926.6401977539062,4121.238370895386,2030.0259704589844,0.0013062473153695464,Hemiptera
2599,3291.6393432617188,896.3186264038086,3299.9515380859375,972.0142669677734,0.0012767895823344588,Hemiptera
2600,3372.8726654052734,877.3352355957031,3408.5209197998047,899.8944320678711,0.0012718369252979755,Hemiptera
2601,2240.1567993164062,2116.49405670166,2263.1605529785156,2138.5911254882812,0.001269494998268783,Hemiptera
2602,4276.488952636719,810.9138307571411,4298.416412353516,825.4591064453125,0.001240210491232574,Hemiptera
2603,1036.6063079833984,1771.5959777832031,1066.7936401367188,1794.3792419433594,0.0012359739048406482,Hemiptera
2604,594.4381103515625,109.17234802246094,619.8050994873047,133.11090087890625,0.0012357061496004462,Hemiptera
2605,3600.0,581.7531433105469,3611.9558658599854,631.4725952148438,0.0012350555043667555,Hemiptera
2606,3679.7899169921875,2197.155471801758,3699.9466857910156,2287.247314453125,0.0012148467358201742,Hemiptera
2607,3223.0340881347656,2160.8478088378906,3251.6110649108887,2177.0432891845703,0.0012071345699951053,Hemiptera
2608,1659.9022521972656,1200.1030564308167,1682.2342529296875,1219.4691219329834,0.0012055964907631278,Hemiptera
2609,2978.196334838867,2642.1451568603516,3028.1509399414062,2663.872802734375,0.0012045990442857146,Hemiptera
2610,3680.8414916992188,177.61293029785156,3700.0,218.28038024902344,0.0012025313917547464,Hemiptera
2611,712.1343688964844,3063.6276321411133,742.7793579101562,3082.562210083008,0.0012023012386634946,Hemiptera
2612,2177.4326782226562,1840.2902374267578,2199.282699584961,1859.0252685546875,0.0011907558655366302,Hemiptera
2613,3887.8356018066406,484.09307861328125,3984.7630920410156,500.0,0.001185786910355091,Hemiptera
2614,3276.9424438476562,1236.91357421875,3296.4407119750977,1249.8305549621582,0.0011836439371109009,Hemiptera
2615,3952.0991821289062,1156.9328918457031,3982.134002685547,1180.0870361328125,0.0011826081899926066,Hemiptera
2616,1169.5767822265625,1730.0050964355469,1192.8917846679688,1746.1789855957031,0.001179712126031518,Hemiptera
2617,1865.8376770019531,3032.044219970703,1891.0930786132812,3058.1986389160156,0.00117230205796659,Hemiptera
2618,4080.2774353027344,1934.9120483398438,4099.957855224609,1961.3827209472656,0.0011284605134278536,Hemiptera
2619,2088.841522216797,1360.0878295898438,2100.0,1431.3437042236328,0.0011216287966817617,Hemiptera
2620,3600.0,781.2684020996094,3628.4454250335693,852.702766418457,0.0011168117634952068,Hemiptera
2621,2055.4866943359375,2164.208236694336,2100.0,2500.0,0.0011000920785591006,Hemiptera
2622,2800.6734313964844,2874.577423095703,2862.295196533203,2899.8109741210938,0.001098570879548788,Hemiptera
2623,1119.6687622070312,349.3304748535156,1150.6378784179688,376.59735107421875,0.0010978819336742163,Hemiptera
2624,2861.37442779541,2876.4680786132812,2938.305450439453,2900.0,0.0010961727239191532,Hemiptera
2625,3549.2205810546875,2907.851219177246,3578.9093322753906,2934.131072998047,0.001079496811144054,Hemiptera
2626,3278.079315185547,771.8319091796875,3300.0,836.1557922363281,0.0010591399623081088,Hemiptera
2627,3898.6998596191406,800.0,3965.3853454589844,851.8622398376465,0.0010545830009505153,Hemiptera
2628,3876.151123046875,1983.5490112304688,3962.6593017578125,2021.2638854980469,0.0010359134757891297,Hemiptera
2629,3932.47265625,611.8361053466797,3956.6336975097656,635.6859130859375,0.0010320392902940512,Hemiptera
2630,2124.2738723754883,88.78313446044922,2160.1104583740234,159.9598388671875,0.00101368164177984,Hemiptera
2631,3600.0,695.7779846191406,3634.747241973877,721.4215393066406,0.0010000355541706085,Hemiptera
2632,1152.7122497558594,224.6870574951172,1176.9077758789062,254.79664611816406,0.0009946342324838042,Hemiptera
2633,3261.0257987976074,1032.2752075195312,3304.1958770751953,1053.7856140136719,0.0009834582451730967,Hemiptera
2634,4297.3837890625,1187.9370727539062,4539.092926025391,1300.0,0.0009808887261897326,Hemiptera
2635,2465.757667541504,807.5072326660156,2496.3698501586914,833.1672668457031,0.0009769846219569445,Hemiptera
2636,1962.3156127929688,2418.8162841796875,2122.9736328125,2500.0,0.0009752607438713312,Hemiptera
2637,1200.0,2800.0,1236.1950874328613,2846.4628295898438,0.0009650141000747681,Hemiptera
2638,2740.3350219726562,786.3240661621094,2768.620635986328,804.8011169433594,0.0009638118790462613,Hemiptera
2639,4115.129920959473,1317.1180114746094,4189.681243896484,1362.1710052490234,0.0009596413001418114,Hemiptera
2640,2947.799102783203,1038.9310302734375,2983.860595703125,1059.1160278320312,0.000954755290877074,Hemiptera
2641,3741.9937744140625,692.1708068847656,3767.8346099853516,709.3817749023438,0.0009541183244436979,Hemiptera
2642,1016.2348785400391,1117.4382629394531,1042.1992797851562,1142.4862060546875,0.0009483917383477092,Hemiptera
2643,1003.3175506591797,862.6619262695312,1031.5266571044922,885.7623901367188,0.0009450034121982753,Hemiptera
2644,3463.99560546875,1219.5692138671875,3497.463165283203,1236.2937316894531,0.0009387154714204371,Hemiptera
2645,1018.8885040283203,266.2685852050781,1047.6314239501953,285.84796142578125,0.0009372704080305994,Hemiptera
2646,4155.540699005127,143.06277465820312,4192.181610107422,185.56320190429688,0.0009334672358818352,Hemiptera
2647,1013.315673828125,2050.400634765625,1069.3394775390625,2086.354949951172,0.0009268196299672127,Hemiptera
2648,903.0770568847656,1688.1576766967773,958.1952056884766,1714.0056991577148,0.0009100079769268632,Hemiptera
2649,3648.677803039551,472.41363525390625,3741.969985961914,500.0,0.0009093188564293087,Hemiptera
2650,4500.884368896484,0.0,4608.0,364.5714416503906,0.0008907366427592933,Hemiptera
2651,400,1681.198486328125,582.5016784667969,1700.0,0.0008841184317134321,Hemiptera
2652,2403.0882873535156,223.6880340576172,2432.3571166992188,255.2845001220703,0.000852893281262368,Hemiptera
2653,1421.2917785644531,2087.08447265625,1474.9148864746094,2099.939239501953,0.0008492472115904093,Hemiptera
2654,3979.9444885253906,400.00623166561127,4057.744873046875,442.20689392089844,0.0008430812158621848,Hemiptera
2655,4139.239028930664,105.6009292602539,4164.353759765625,123.14614868164062,0.0008308933465741575,Hemiptera
2656,2131.101577758789,885.1748352050781,2156.3410034179688,899.729248046875,0.0008281217887997627,Hemiptera
2657,4130.357223510742,2229.1255645751953,4150.787635803223,2245.5101776123047,0.0008269854006357491,Hemiptera
2658,3299.6199340820312,3062.7998657226562,3356.6864013671875,3101.1604919433594,0.0008217694121412933,Hemiptera
2659,2964.346939086914,151.67286682128906,2991.566680908203,167.974853515625,0.0008208513609133661,Hemiptera
2660,665.93896484375,879.6999969482422,689.9179382324219,909.2527008056641,0.0008187484345398843,Hemiptera
2661,4070.2679138183594,2040.9867553710938,4099.975921630859,2095.5192108154297,0.0008184369071386755,Hemiptera
2662,1613.3586406707764,2489.228546142578,1708.4801330566406,2499.9745483398438,0.0008120601414702833,Hemiptera
2663,322.3339538574219,786.9998779296875,347.2182312011719,807.8609924316406,0.000799317320343107,Hemiptera
2664,3626.5975341796875,366.2320556640625,3661.159942626953,412.0511474609375,0.0007981862872838974,Hemiptera
2665,2400.0,2063.7654724121094,2720.9566955566406,2100.0,0.0007926939870230854,Hemiptera
2666,1955.8395385742188,3224.130584716797,1981.5603332519531,3246.2169189453125,0.0007900925702415407,Hemiptera
2667,2431.0359497070312,390.55999755859375,2454.9951171875,408.8996276855469,0.0007894261507317424,Hemiptera
2668,3200.0,1204.7099442481995,3231.67564201355,1235.4687194824219,0.0007764213369227946,Hemiptera
2669,3260.5624084472656,2002.969248533249,3299.9989624023438,2047.4279823303223,0.0007744531612843275,Hemiptera
2670,1676.2421569824219,2653.0345001220703,1710.4278411865234,2737.8948364257812,0.000767273420933634,Hemiptera
2671,1855.1538391113281,1128.3732299804688,1880.9678955078125,1168.984619140625,0.0007622488774359226,Hemiptera
2672,4076.982162475586,2353.2250366210938,4105.9515380859375,2395.064727783203,0.0007611974142491817,Hemiptera
2673,1162.7594604492188,2974.137439727783,1186.8648986816406,2995.1247482299805,0.000756662804633379,Hemiptera
2674,4064.8924713134766,1077.0134887695312,4100.756439208984,1130.6581420898438,0.0007545156986452639,Hemiptera
2675,3202.991819381714,3428.824951171875,3623.3316345214844,3456.0,0.0007474027224816382,Hemiptera
2676,1640.817626953125,1800.894546508789,1666.4598388671875,1821.2963104248047,0.0007433273131027818,Hemiptera
2677,4000.0,1995.0377502441406,4057.540916442871,2050.0013465881348,0.0007420063484460115,Hemiptera
2678,4568.416900634766,2892.4832611083984,4608.0,3207.2337493896484,0.0007372680120170116,Hemiptera
2679,4430.020050048828,3365.8946228027344,4608.0,3456.0,0.0007205550791695714,Hemiptera
2680,2933.8385162353516,2569.4474182128906,2960.2412719726562,2611.7606201171875,0.0007195045473054051,Hemiptera
2681,3435.4017791748047,1049.0795593261719,3461.0440673828125,1074.8037414550781,0.0007147721480578184,Hemiptera
2682,3301.7613372802734,1260.414306640625,3407.711456298828,1300.0,0.0007135147461667657,Hemiptera
2683,2401.4516830444336,3418.8864135742188,2822.733123779297,3456.0,0.0007048612460494041,Hemiptera
2684,2444.870819091797,3254.9380798339844,2470.288887023926,3272.0291137695312,0.0007012582500465214,Hemiptera
2685,2070.0831298828125,1782.1878967285156,2100.0,2055.0419311523438,0.0006958744488656521,Hemiptera
2686,4142.221618652344,153.88323974609375,4173.852264404297,287.9945983886719,0.0006926810019649565,Hemiptera
2687,4551.041412353516,2332.6112060546875,4608.0,2579.2554321289062,0.0006924717454239726,Hemiptera
2688,467.6731262207031,952.06396484375,500.0,1245.9760131835938,0.0006886599003337324,Hemiptera
2689,2443.659957885742,3122.4307403564453,2476.356758117676,3153.381103515625,0.0006872624508105218,Hemiptera
2690,4400.323394775391,2932.243606567383,4452.915679931641,3002.1535453796387,0.0006864608731120825,Hemiptera
2691,1838.7885284423828,400.01971796154976,1872.7339172363281,421.92578506469727,0.0006859693676233292,Hemiptera
2692,2000.0,3427.717071533203,2255.888946533203,3456.0,0.0006838577683083713,Hemiptera
2693,4000.0,202.63824462890625,4062.523078918457,249.2805938720703,0.0006820900016464293,Hemiptera
2694,2652.5479583740234,486.4110107421875,2713.0887145996094,499.8736267089844,0.0006813103682361543,Hemiptera
2695,2545.622512817383,231.28492736816406,2569.4746704101562,247.0476837158203,0.0006805442972108722,Hemiptera
2696,3571.2813720703125,441.91870880126953,3593.8170471191406,460.2889099121094,0.0006798406247980893,Hemiptera
2697,2067.318145751953,2000.0,2100.0,2396.3027954101562,0.0006789843318983912,Hemiptera
2698,3558.1796875,181.3690948486328,3577.9988403320312,203.7188720703125,0.0006784703582525253,Hemiptera
2699,681.6432495117188,3248.555938720703,721.2412414550781,3268.9772338867188,0.0006677051424048841,Hemiptera
2700,4142.822021484375,2000.0,4214.89803314209,2019.8243770599365,0.0006662087980657816,Hemiptera
2701,4375.414886474609,400.0,4497.0931396484375,500.0,0.0006604751688428223,Hemiptera
2702,0.0,3377.1782836914062,246.46865844726562,3456.0,0.0006553080747835338,Hemiptera
2703,3677.8978881835938,1383.57763671875,3700.0,1418.6493835449219,0.0006528442609123886,Hemiptera
2704,4108.0,878.3709182739258,4147.2695960998535,981.0681762695312,0.000643245643004775,Hemiptera
2705,4144.72233581543,1448.8889770507812,4177.630355834961,1489.3994445800781,0.0006409797351807356,Hemiptera
2706,3894.638885498047,2416.4100646972656,3919.6717834472656,2448.857707977295,0.0006346348091028631,Hemiptera
2707,3695.4556274414062,211.6588592529297,3738.1761016845703,280.42266845703125,0.0006303299451246858,Hemiptera
2708,1006.2877197265625,841.6669921875,1036.7560424804688,857.4989318847656,0.0006300953682512045,Hemiptera
2709,1345.0505676269531,696.6133117675781,1372.0713653564453,718.741943359375,0.0006288712611421943,Hemiptera
2710,1721.5206146240234,2049.1025390625,2100.0,2100.0,0.0006242581875994802,Hemiptera
2711,2067.6312561035156,2525.9156188964844,2099.420654296875,2558.5115356445312,0.0006232276791706681,Hemiptera
2712,2800.1143991947174,2383.501922607422,2854.9492225646973,2441.2091369628906,0.0006207763217389584,Hemiptera
2713,4000.0220239162445,2437.630889892578,4020.1938400268555,2511.6267700195312,0.0006199420895427465,Hemiptera
2714,3669.8191528320312,247.83587646484375,3699.952423095703,318.54461669921875,0.0006190186250023544,Hemiptera
2715,4000.0,2261.5234375,4033.3762397766113,2339.3162841796875,0.0006188272382132709,Hemiptera
2716,1172.6283569335938,1285.5473022460938,1220.6436767578125,1299.4663696289062,0.0006095593562349677,Hemiptera
2717,2970.939895629883,3206.7266845703125,3023.3851928710938,3246.962890625,0.0006088892696425319,Hemiptera
2718,4108.030246376991,129.7342071533203,4143.849262237549,230.17124938964844,0.0006085330969654024,Hemiptera
2719,4092.6913299560547,2389.6085815429688,4176.105117797852,2459.0540657043457,0.0006074425764381886,Hemiptera
2720,3841.3703002929688,2077.6346130371094,3966.2120971679688,2099.9776916503906,0.000604990404099226,Hemiptera
2721,4568.918609619141,2569.384796142578,4608.0,2976.7965087890625,0.0006029764772392809,Hemiptera
2722,557.6424713134766,2998.5110778808594,589.2665710449219,3022.400161743164,0.0005928331520408392,Hemiptera
2723,3600.0020176172256,1336.6976470947266,3630.7615814208984,1436.6786499023438,0.0005912162596359849,Hemiptera
2724,2400.0,1610.634422302246,2447.380870819092,1735.7039642333984,0.0005904739955440164,Hemiptera
2725,3271.5054626464844,1576.1223754882812,3300.0,1611.7422485351562,0.000574030913412571,Hemiptera
2726,4570.8880615234375,1785.164306640625,4608.0,2100.0,0.0005716436426155269,Hemiptera
2727,4576.118469238281,108.52520751953125,4608.0,423.707763671875,0.000569530762732029,Hemiptera
2728,2096.1547622680664,3419.506134033203,2500.0,3456.0,0.000569016148801893,Hemiptera
2729,2461.7449989318848,104.99217224121094,2487.731315612793,127.62667846679688,0.0005668095545843244,Hemiptera
2730,3994.3536682128906,253.54550170898438,4039.5989685058594,320.86383056640625,0.0005657936562784016,Hemiptera
2731,1200.0,3109.7650299072266,1236.8234062194824,3320.3768920898438,0.0005560788558796048,Hemiptera
2732,1075.2048645019531,2564.051727294922,1093.7155151367188,2587.1197052001953,0.0005526932654902339,Hemiptera
2733,4000.0,124.10187530517578,4055.8676376342773,194.82879638671875,0.0005518263205885887,Hemiptera
2734,2800.0,2459.2339477539062,3108.412078857422,2500.0,0.0005435054190456867,Hemiptera
2735,1975.8764953613281,2893.815872192383,1999.5977783203125,2914.4468994140625,0.0005425713607110083,Hemiptera
2736,146.3494110107422,1266.5198364257812,304.23773193359375,1300.0,0.0005408215802162886,Hemiptera
2737,1763.1864318847656,944.025390625,1795.9976501464844,972.3230590820312,0.0005355122266337276,Hemiptera
2738,4108.0,3422.1906127929688,4416.7293701171875,3456.0,0.0005347733967937529,Hemiptera
2739,2647.197723388672,217.004150390625,2671.8936767578125,242.88363647460938,0.0005296367453411222,Hemiptera
2740,2275.547393798828,921.718391418457,2305.7135009765625,968.2039184570312,0.0005295983282849193,Hemiptera
2741,3522.2935791015625,3211.976058959961,3551.0055541992188,3233.8921508789062,0.0005269396933726966,Hemiptera
2742,3871.90576171875,1049.0417785644531,3919.198760986328,1090.0775146484375,0.0005264183855615556,Hemiptera
2743,3424.1224365234375,1519.1460571289062,3450.4767456054688,1546.0072021484375,0.0005210367380641401,Hemiptera
2744,852.2318725585938,2089.570472717285,900.0,2390.650115966797,0.0005173042882233858,Hemiptera
2745,4025.7800903320312,1152.3543395996094,4072.3690872192383,1176.572021484375,0.000510195444803685,Hemiptera
2746,106.74359893798828,453.7593994140625,379.3370666503906,500.0,0.0005072498461231589,Hemiptera
2747,1236.2513542175293,2871.7474365234375,1520.7499694824219,2900.0,0.0005037382943555713,Hemiptera
2748,3564.7997436523438,754.6836547851562,3610.247283935547,792.1500854492188,0.0005036346265114844,Hemiptera
2749,3971.542266845703,479.8301696777344,4093.0270080566406,500.0,0.0005022138939239085,Hemiptera
2750,3317.997978210449,1768.6759490966797,3338.5480194091797,1784.2470703125,0.000501498521771282,Hemiptera
2751,3663.5169372558594,1870.498046875,3700.0,1995.9001159667969,0.0004985439591109753,Hemiptera
2752,3237.309097290039,279.1551208496094,3323.880615234375,330.6113586425781,0.000497181958053261,Hemiptera
2753,4572.904602050781,1201.757287979126,4608.0,1601.7576293945312,0.0004949741996824741,Hemiptera
2754,2290.112030029297,594.5066986083984,2328.1332092285156,640.6258087158203,0.0004929025308229029,Hemiptera
2755,1863.970703125,369.0675048828125,1880.8520812988281,393.5929870605469,0.0004880413180217147,Hemiptera
2756,111.55107116699219,1668.9967651367188,295.0921630859375,1700.0,0.0004871916607953608,Hemiptera
2757,2768.1921997070312,2908.2881240844727,2788.585418701172,2941.4834747314453,0.00048652940313331783,Hemiptera
2758,2827.3980140686035,3435.287109375,3053.3619842529297,3456.0,0.0004817303561139852,Hemiptera
2759,2895.2879486083984,2044.6530456542969,2924.0497131347656,2055.5235900878906,0.0004796473658643663,Hemiptera
2760,4168.97932434082,1033.1770935058594,4206.204063415527,1059.6282958984375,0.0004793068510480225,Hemiptera
2761,889.2140655517578,2608.0443115234375,914.8915023803711,2627.0033111572266,0.0004792545223608613,Hemiptera
2762,1883.5997009277344,526.0685882568359,1921.98095703125,548.9047546386719,0.0004784299526363611,Hemiptera
2763,3399.065933227539,1659.2570190429688,3425.4098358154297,1680.7631530761719,0.0004768094513565302,Hemiptera
2764,2863.7941131591797,789.2051696777344,2906.11572265625,885.3376007080078,0.0004764405020978302,Hemiptera
2765,3282.0536499023438,1752.81298828125,3299.936767578125,1800.492446899414,0.0004760559822898358,Hemiptera
2766,3203.526885986328,2212.0345611572266,3220.626251220703,2246.266845703125,0.00047404857468791306,Hemiptera
2767,3276.799285888672,120.48494720458984,3300.0,205.34616088867188,0.00046958308666944504,Hemiptera
2768,3715.502426147461,784.86962890625,3792.039993286133,825.0660781860352,0.0004636306257452816,Hemiptera
2769,4108.0,68.11388397216797,4120.531636238098,163.39366149902344,0.00045841268729418516,Hemiptera
2770,1200.5386859178543,732.8505554199219,1225.9998149871826,774.4421997070312,0.00045618979493156075,Hemiptera
2771,3070.0128784179688,265.8524169921875,3103.5132751464844,304.88385009765625,0.00045594305265694857,Hemiptera
2772,3769.6355895996094,1684.9245529174805,3797.6197662353516,1705.2264938354492,0.0004517309134826064,Hemiptera
2773,547.4567718505859,193.88076782226562,582.1428070068359,218.9917755126953,0.00044885865645483136,Hemiptera
2774,3845.665985107422,2077.1236572265625,3874.084716796875,2098.3840942382812,0.00044638151302933693,Hemiptera
2775,2715.5848083496094,1720.6549530029297,2747.321258544922,1745.0088348388672,0.0004439994809217751,Hemiptera
2776,968.5519866943359,1008.3336791992188,1005.0832061767578,1058.5903625488281,0.00044207158498466015,Hemiptera
2777,1631.970817565918,275.0846252441406,1655.3741874694824,293.9591064453125,0.0004381965845823288,Hemiptera
2778,2247.3929443359375,172.60647583007812,2268.3985595703125,200.2465057373047,0.0004342943720985204,Hemiptera
2779,824.2945671081543,2464.7213134765625,944.2641448974609,2500.0,0.00043074056156910956,Hemiptera
2780,800.1478046178818,2000.0,848.4927940368652,2039.5577354431152,0.00042950885836035013,Hemiptera
2781,3827.239044189453,782.0514221191406,3886.5759887695312,828.5866394042969,0.0004212555068079382,Hemiptera
2782,1689.4642868041992,432.639892578125,1728.48486328125,463.6637077331543,0.00042092858348041773,Hemiptera
2783,2669.236572265625,402.5910339355469,2690.2594604492188,428.6709899902344,0.00042002712143585086,Hemiptera
2784,69.70014190673828,2064.7354125976562,323.1524353027344,2100.0,0.0004165864083915949,Hemiptera
2785,3821.230987548828,488.83209228515625,3877.7269287109375,499.948486328125,0.00041549711022526026,Hemiptera
2786,1157.9772338867188,1558.7744140625,1180.2933959960938,1587.6448974609375,0.0004146826104260981,Hemiptera
2787,1200.0,2716.852569580078,1211.9407539367676,2833.9044494628906,0.0004142369143664837,Hemiptera
2788,2597.4624938964844,2463.7625122070312,2631.859619140625,2493.1539916992188,0.0004118873330298811,Hemiptera
2789,3874.1109313964844,1280.5138549804688,3925.696075439453,1299.7042541503906,0.0004096053307875991,Hemiptera
2790,4246.112518310547,1624.8538513183594,4541.5416259765625,1700.0,0.0004054036980960518,Hemiptera
2791,2122.1379013061523,427.8831481933594,2149.684112548828,460.45704650878906,0.0004015055310446769,Hemiptera
2792,3010.232421875,465.005126953125,3036.1773223876953,484.35579681396484,0.0003993942809756845,Hemiptera
2793,845.0237731933594,3140.796661376953,875.3019409179688,3161.1275329589844,0.0003975027066189796,Hemiptera
2794,4208.542297363281,3417.650146484375,4473.121551513672,3456.0,0.0003962664632126689,Hemiptera
2795,2451.313262939453,2150.938201904297,2478.3079528808594,2180.2591705322266,0.00039624058990739286,Hemiptera
2796,1493.0564575195312,1304.7522201538086,1509.8416137695312,1320.8373413085938,0.0003962101473007351,Hemiptera
2797,4565.7640380859375,814.7171497344971,4608.0,1174.1838073730469,0.0003950724785681814,Hemiptera
2798,2766.8026123046875,494.4559020996094,2841.619110107422,500.0,0.0003930568345822394,Hemiptera
2799,1329.7916412353516,1364.4088287353516,1358.1548767089844,1383.6229553222656,0.00039157079299911857,Hemiptera
2800,2976.3627319335938,913.7770080566406,2998.0867614746094,937.0692443847656,0.00038835147279314697,Hemiptera
2801,1688.8890228271484,652.2869415283203,1722.1637268066406,696.4060974121094,0.00038647992187179625,Hemiptera
2802,4108.49224793911,1462.7195739746094,4141.508659362793,1498.1708679199219,0.00038266400224529207,Hemiptera
2803,2786.044219970703,920.6461639404297,2806.4244384765625,950.4180145263672,0.00037989180418662727,Hemiptera
2804,4168.247222900391,3088.424331665039,4193.960189819336,3111.4364624023438,0.00037608176353387535,Hemiptera
2805,2421.507537841797,2397.444854736328,2443.5185546875,2413.6045837402344,0.00037408596836030483,Hemiptera
2806,4080.957977294922,1319.8063354492188,4099.986267089844,1401.5429992675781,0.0003731488832272589,Hemiptera
2807,3561.0769653320312,1349.4999694824219,3605.4175415039062,1416.437271118164,0.00037291189073584974,Hemiptera
2808,4332.351593017578,2467.2515869140625,4543.8504638671875,2500.0,0.00037200519000180066,Hemiptera
2809,4000.0366497784853,1782.4834747314453,4012.4954147338867,1853.5960235595703,0.00036528220516629517,Hemiptera
2810,3873.8567504882812,400.1353919506073,3920.3500366210938,439.09869384765625,0.000358000019332394,Hemiptera
2811,1189.5021057128906,1758.123519897461,1230.128007888794,1802.1005401611328,0.0003543172497302294,Hemiptera
2812,4578.154296875,444.9483642578125,4608.0,900.0,0.0003477028221823275,Hemiptera
2813,4108.0,3218.8427124023438,4144.389820098877,3286.6583862304688,0.000347462366335094,Hemiptera
2814,800.0,438.2369079589844,966.5591278076172,500.0,0.00034556223545223475,Hemiptera
2815,468.16265869140625,2960.5267820358276,500.76365661621094,3016.967041015625,0.0003439440333750099,Hemiptera
2816,3525.4510498046875,1169.8014221191406,3545.4407348632812,1205.9788818359375,0.00034210781450383365,Hemiptera
2817,2000.0375375151634,661.4142456054688,2006.2197341918945,722.7260131835938,0.0003408141201362014,Hemiptera
2818,1075.8324584960938,1072.2489624023438,1102.5451049804688,1106.6838073730469,0.00033700838685035706,Hemiptera
2819,770.302978515625,1401.8036193847656,796.11376953125,1420.1331329345703,0.0003369100741110742,Hemiptera
2820,3600.0,221.93722534179688,3619.1444358825684,342.2710876464844,0.0003341820265632123,Hemiptera
2821,1030.1097869873047,2390.0704956054688,1090.0984802246094,2413.7377319335938,0.0003282066900283098,Hemiptera
2822,2689.593780517578,2886.510284423828,2818.3755493164062,2900.0,0.00032642335281707346,Hemiptera
2823,2733.8543395996094,1645.9703369140625,2900.0,1700.0,0.0003263309190515429,Hemiptera
2824,2400.0,1667.9875869750977,2445.824207305908,1803.6022186279297,0.0003254305338487029,Hemiptera
2825,3278.0944442749023,130.7811279296875,3297.376022338867,138.9356689453125,0.00031988020054996014,Hemiptera
2826,3600.0,3175.391632080078,3629.920726776123,3254.2205810546875,0.00031741010025143623,Hemiptera
2827,4092.6065063476562,2400.0,4194.3468017578125,2409.1043663024902,0.0003158172476105392,Hemiptera
2828,3628.5322265625,1915.9810180664062,3656.4857482910156,1985.7520141601562,0.00031432107789441943,Hemiptera
2829,4553.191375732422,1381.0933532714844,4608.0,1665.6876220703125,0.0003138949105050415,Hemiptera
2830,3759.893783569336,1567.3585510253906,3783.5248413085938,1579.7494506835938,0.0003111890982836485,Hemiptera
2831,245.2195587158203,478.6455078125,439.8606872558594,500.0,0.0003073944244533777,Hemiptera
2832,3687.197509765625,831.047040939331,3699.952880859375,969.3184204101562,0.0003069598169531673,Hemiptera
2833,2400.0,1827.8616485595703,2445.05810546875,2100.0,0.00030422379495576024,Hemiptera
2834,4031.3008136749268,98.91040802001953,4063.515956878662,136.0716552734375,0.00029841644573025405,Hemiptera
2835,4395.3455810546875,2000.0,4465.493011474609,2061.795795440674,0.00029824578086845577,Hemiptera
2836,3065.5996704101562,697.04150390625,3094.0242919921875,721.3113708496094,0.0002979908313136548,Hemiptera
2837,4058.5276107788086,1004.1396636962891,4077.1426315307617,1039.9396362304688,0.00029757179436273873,Hemiptera
2838,3710.227035522461,2345.530487060547,3748.3826446533203,2364.4597778320312,0.0002962772559840232,Hemiptera
2839,2000.0,2956.0,2061.5597496032715,3013.3433380126953,0.00029217006522230804,Hemiptera
2840,1275.7390441894531,249.59390258789062,1291.8652954101562,271.8987121582031,0.0002899365790653974,Hemiptera
2841,1012.6299896240234,3420.6128540039062,1440.0337524414062,3456.0,0.0002893701894208789,Hemiptera
2842,3039.1841888427734,369.8575134277344,3066.77294921875,392.0448303222656,0.00028694377397187054,Hemiptera
2843,645.6162414550781,357.13739013671875,679.3519897460938,390.5858459472656,0.0002836344647221267,Hemiptera
2844,3313.366409301758,125.6053237915039,3357.4313201904297,173.07713317871094,0.0002835263148881495,Hemiptera
2845,3200.0706176757812,765.4126281738281,3248.2657585144043,798.0284118652344,0.0002834022743627429,Hemiptera
2846,1407.108139038086,3193.232879638672,1432.6009063720703,3206.819580078125,0.00028301263228058815,Hemiptera
2847,1369.1240539550781,1735.6549987792969,1388.9942932128906,1751.8175811767578,0.0002809243742376566,Hemiptera
2848,2544.5409240722656,3259.048583984375,2567.8021240234375,3282.9252014160156,0.0002806895936373621,Hemiptera
2849,1479.13671875,1686.5564270019531,1598.9372863769531,1699.9414367675781,0.00027889403281733394,Hemiptera
2850,3815.8495483398438,1110.3852844238281,3838.1311950683594,1144.15283203125,0.0002786811674013734,Hemiptera
2851,2000.0780791044235,244.98599243164062,2022.924222946167,284.0970764160156,0.00027818078524433076,Hemiptera
2852,4041.177963256836,400.0,4147.484115600586,447.9858741760254,0.0002777580521069467,Hemiptera
2853,424.70703125,861.696533203125,656.9779357910156,900.0,0.0002767883997876197,Hemiptera
2854,3498.1414489746094,994.8039093017578,3548.281982421875,1025.0426330566406,0.00027667099493555725,Hemiptera
2855,3062.323944091797,1079.7210083007812,3096.7667541503906,1125.051025390625,0.00027361183310858905,Hemiptera
2856,2480.8275146484375,3165.5694580078125,2500.0,3280.789337158203,0.0002722129866015166,Hemiptera
2857,3862.774139404297,882.673225402832,3882.8975219726562,917.7153015136719,0.0002703876234591007,Hemiptera
2858,1222.4786682128906,2039.7505798339844,1246.7891845703125,2054.062671661377,0.00026958348462358117,Hemiptera
2859,1069.696533203125,1628.1968688964844,1108.5947875976562,1647.515869140625,0.0002691828121896833,Hemiptera
2860,3765.8446502685547,3228.6858520507812,3792.531936645508,3257.69873046875,0.00026898091891780496,Hemiptera
2861,3489.3026428222656,2595.857376098633,3515.520477294922,2637.449691772461,0.00026810375857166946,Hemiptera
2862,3962.4620361328125,3170.532928466797,3991.104949951172,3190.1005859375,0.00026678876020014286,Hemiptera
2863,4321.776260375977,2400.0,4493.412170410156,2467.974349975586,0.000263574329437688,Hemiptera
2864,4347.861541748047,447.3028564453125,4537.953277587891,500.0,0.00026196992257609963,Hemiptera
2865,1847.592544555664,388.24676513671875,1866.5363159179688,409.63177490234375,0.0002604557084850967,Hemiptera
2866,3498.255401611328,1561.6559448242188,3521.462188720703,1592.5187072753906,0.00025972965522669256,Hemiptera
2867,3037.9102172851562,1261.7482299804688,3064.6780395507812,1296.8112487792969,0.0002583985624369234,Hemiptera
2868,3601.085180044174,1453.112075805664,3626.882261276245,1484.5202941894531,0.000257180945482105,Hemiptera
2869,599.3794860839844,508.9927215576172,628.7323455810547,537.8863677978516,0.0002552922524046153,Hemiptera
2870,4575.921173095703,2800.0,4608.0,3112.337921142578,0.00025500619085505605,Hemiptera
2871,938.4759216308594,608.4805450439453,962.0599975585938,621.6580810546875,0.0002549886703491211,Hemiptera
2872,4109.632873535156,800.0,4204.601715087891,823.2275676727295,0.0002545749593991786,Hemiptera
2873,1525.487548828125,3440.7421264648438,1700.0,3456.0,0.0002544907620176673,Hemiptera
2874,3098.8040466308594,2800.0,3182.7662963867188,2820.2574939727783,0.00025133939925581217,Hemiptera
2875,450.1770935058594,2094.27685546875,500.0,2385.6207275390625,0.0002508325851522386,Hemiptera
2876,3971.97265625,1257.4722061157227,4028.1837463378906,1327.8326034545898,0.000249515229370445,Hemiptera
2877,1601.6005717515945,2604.228500366211,1624.0843620300293,2621.5465545654297,0.00024685883545316756,Hemiptera
2878,636.3179168701172,3415.9283142089844,900.0,3456.0,0.00024675976601429284,Hemiptera
2879,4084.4083251953125,2547.1033630371094,4099.977600097656,2596.754425048828,0.0002463671553414315,Hemiptera
2880,3200.4532775878906,3091.584259033203,3227.951416015625,3116.303497314453,0.00024586054496467113,Hemiptera
2881,112.10472869873047,3394.8259887695312,354.89288330078125,3456.0,0.00024454432423226535,Hemiptera
2882,849.9305114746094,2874.8334045410156,941.1024627685547,2899.949737548828,0.00024339476658497006,Hemiptera
2883,4000,596.4129180908203,4011.334761619568,640.3735809326172,0.0002432785404380411,Hemiptera
2884,2400.0,1600.0,2464.749954223633,1662.7122497558594,0.0002411019813735038,Hemiptera
2885,2453.5733947753906,1757.4350891113281,2468.4607849121094,1769.7052459716797,0.00023788372345734388,Hemiptera
2886,4052.992176055908,2947.4735260009766,4119.105194091797,2998.77193069458,0.0002375834301346913,Hemiptera
2887,1681.6924438476562,880.7209396362305,1700.0,911.6330261230469,0.0002360284561291337,Hemiptera
2888,860.4900512695312,756.5110778808594,881.7629547119141,789.5827941894531,0.00023600166605319828,Hemiptera
2889,2424.0198497772217,1841.269546508789,2457.5728073120117,1868.7778015136719,0.00023434418835677207,Hemiptera
2890,1871.5869750976562,909.0946426391602,1894.0790100097656,928.4470825195312,0.0002319357154192403,Hemiptera
2891,845.6469421386719,2302.1484375,898.73388671875,2325.4468994140625,0.0002318063925486058,Hemiptera
2892,2958.3517456054688,250.2159423828125,2993.989791870117,302.3440246582031,0.00023052783217281103,Hemiptera
2893,2802.1219551563263,1365.5060729980469,2841.6481742858887,1391.4920349121094,0.00023038784274831414,Hemiptera
2894,3807.6448364257812,816.1398658752441,3842.015594482422,868.6690368652344,0.0002282027417095378,Hemiptera
2895,3600.0181406736374,1791.4427185058594,3634.7526817321777,1880.5775146484375,0.00022612519387621433,Hemiptera
2896,862.7445068359375,2960.955780029297,886.6702880859375,2976.3033447265625,0.000225639741984196,Hemiptera
2897,2911.895896911621,1839.978744506836,2937.5723419189453,1857.237548828125,0.00022551050642505288,Hemiptera
2898,1600,1601.7537355422974,1612.3968629837036,1657.9800834655762,0.00022457817976828665,Hemiptera
2899,2518.7052459716797,3097.804168701172,2548.6326904296875,3124.6277770996094,0.0002197458379669115,Hemiptera
2900,1243.1550598144531,895.6464691162109,1268.4831771850586,926.1621932983398,0.00021938368445262313,Hemiptera
2901,3393.7640838623047,282.489990234375,3426.7124938964844,323.8364562988281,0.00021789793390780687,Hemiptera
2902,2344.486297607422,3283.693603515625,2363.967071533203,3296.8604125976562,0.00021649160771630704,Hemiptera
2903,1056.0004577636719,2052.833465576172,1287.5575561523438,2100.0,0.00021609215764328837,Hemiptera
2904,3602.152991294861,1063.6964721679688,3628.3313636779785,1118.7666320800781,0.00021594758436549455,Hemiptera
2905,2461.5550270080566,217.86474609375,2481.6529388427734,233.47735595703125,0.00021562332403846085,Hemiptera
2906,3285.5869903564453,559.0815124511719,3311.7126846313477,583.6948852539062,0.0002129082422470674,Hemiptera
2907,3608.7634925842285,545.7106170654297,3661.6602783203125,572.2775268554688,0.0002123725862475112,Hemiptera
2908,2122.1385498046875,521.4369506835938,2145.530075073242,540.1781005859375,0.00021226935496088117,Hemiptera
2909,3753.130172729492,2641.2042388916016,3801.7808685302734,2656.0982360839844,0.00021125937928445637,Hemiptera
2910,328.31317138671875,1145.5296936035156,356.05078125,1170.3988342285156,0.00021081689919810742,Hemiptera
2911,3599.148895263672,195.1078643798828,3651.270030975342,246.74696350097656,0.00021063546591904014,Hemiptera
2912,1188.4783325195312,2297.2155151367188,1209.2518920898438,2322.929473876953,0.0002100031852023676,Hemiptera
2913,4046.249988555908,2964.381021499634,4100.0,3069.1416778564453,0.00020996134844608605,Hemiptera
2914,3715.8193130493164,1015.9536437988281,3778.3115844726562,1039.0033721923828,0.00020971705089323223,Hemiptera
2915,881.0068969726562,800,899.5318298339844,881.9396057128906,0.00020831840811297297,Hemiptera
2916,712.3570556640625,1104.0514831542969,752.992919921875,1127.3167724609375,0.00020798639161512256,Hemiptera
2917,1200.037443637848,459.71895599365234,1218.862195968628,528.619140625,0.00020776934979949147,Hemiptera
2918,2970.202850341797,1687.7928771972656,3017.995407104492,1697.8527221679688,0.00020623202726710588,Hemiptera
2919,1263.5325927734375,2331.705535888672,1286.8874206542969,2348.6773071289062,0.000205252377782017,Hemiptera
2920,3200.0,3198.625701904297,3237.761241912842,3299.82568359375,0.00020461867097765207,Hemiptera
2921,3099.5407104492188,1257.011474609375,3140.8690795898438,1291.3209533691406,0.0002035736688412726,Hemiptera
2922,4067.5986328125,2432.9363288879395,4109.137603759766,2456.701587677002,0.00020319125906098634,Hemiptera
2923,3280.840118408203,1923.3446044921875,3299.984375,1992.3937683105469,0.0002029844472417608,Hemiptera
2924,1163.0838317871094,1474.4512939453125,1200.33740234375,1505.9812622070312,0.00020096967637073249,Hemiptera
2925,401.24347507953644,580.5928649902344,442.7403373718262,620.6878204345703,0.00020086603763047606,Hemiptera
2926,3559.099395751953,1682.8444519042969,3653.3856506347656,1700.0,0.00019893392163794488,Hemiptera
2927,4000.3518981933594,2945.8831634521484,4031.2372131347656,2969.8710021972656,0.00019707450701389462,Hemiptera
2928,692.648681640625,955.9665679931641,721.7426147460938,985.2549285888672,0.0001949958095792681,Hemiptera
2929,3539.6929626464844,544.7286224365234,3568.3585205078125,578.965576171875,0.00019396148854866624,Hemiptera
2930,1200.0,956.6153106689453,1211.6657466888428,1079.7257385253906,0.00019376404816284776,Hemiptera
2931,3152.8966369628906,2800.0,3261.1846313476562,2829.260206222534,0.000190499602467753,Hemiptera
2932,3844.618942260742,1887.0142822265625,3882.16162109375,1939.2271118164062,0.00018981928587891161,Hemiptera
2933,1873.5949401855469,764.6725769042969,1896.8548278808594,786.6476135253906,0.00018975268176291138,Hemiptera
2934,4573.121368408203,3031.979949951172,4607.8701171875,3119.430648803711,0.00018766048015095294,Hemiptera
2935,2085.332000732422,680.277587890625,2099.9344787597656,730.2561340332031,0.00018696465122047812,Hemiptera
2936,4427.616790771484,602.1603546142578,4459.859191894531,768.9699096679688,0.00018641940550878644,Hemiptera
2937,2882.4300842285156,3206.2662048339844,2900.0,3317.6381225585938,0.00018602806085254997,Hemiptera
2938,4075.041778564453,2208.8443756103516,4099.897186279297,2296.646697998047,0.00018601954798214138,Hemiptera
2939,1688.7031936645508,3157.6697692871094,1712.7128143310547,3184.2906036376953,0.00018558937881607562,Hemiptera
2940,534.3812561035156,2226.3228607177734,553.9774780273438,2248.778030395508,0.00018487972556613386,Hemiptera
2941,2000.0,2037.142578125,2277.4668884277344,2100.0,0.00018439910490997136,Hemiptera
2942,1083.3150329589844,3011.062698364258,1105.1048278808594,3027.319366455078,0.0001826932857511565,Hemiptera
2943,3483.7134704589844,1235.4122276306152,3557.9324340820312,1271.7917175292969,0.00018222372455056757,Hemiptera
2944,0.0,1614.035987854004,55.153472900390625,1699.6726989746094,0.0001821582263801247,Hemiptera
2945,2469.956024169922,1111.0782165527344,2499.0802612304688,1155.5503234863281,0.00018108937365468591,Hemiptera
2946,479.7415771484375,984.0447387695312,499.99896240234375,1244.9561462402344,0.00018096510029863566,Hemiptera
2947,23.582916259765625,2750.4618530273438,42.62902069091797,2764.1139221191406,0.00018015180830843747,Hemiptera
2948,991.5164489746094,2073.4744873046875,1094.2529602050781,2099.899871826172,0.00017980241682380438,Hemiptera
2949,2000,2653.4052124023438,2034.3668327331543,2745.850311279297,0.00017943161947187036,Hemiptera
2950,3356.1348266601562,699.0882873535156,3375.272979736328,719.0086364746094,0.00017911299073603004,Hemiptera
2951,2926.471420288086,688.9480590820312,2977.622848510742,728.085693359375,0.00017878504877444357,Hemiptera
2952,1231.636058807373,2706.279571533203,1257.7352600097656,2736.8046875,0.0001783670304575935,Hemiptera
2953,2623.019332885742,1375.6513366699219,2648.3504028320312,1402.8679656982422,0.00017784108058549464,Hemiptera
2954,2879.918914794922,2085.765411376953,2899.728729248047,2148.107666015625,0.0001760447776177898,Hemiptera
2955,2.6162056922912598,1917.4984436035156,65.02323150634766,2010.8418884277344,0.00017433607717975974,Hemiptera
2956,1187.7491149902344,1814.4224700927734,1214.727783203125,1833.9611511230469,0.00017402683442924172,Hemiptera
2957,4108.03278106451,1474.4533996582031,4128.257833480835,1569.5445556640625,0.00017370737623423338,Hemiptera
2958,4232.354957580566,144.85044860839844,4257.370620727539,168.54295349121094,0.00017329378169961274,Hemiptera
2959,4108,2182.6819458007812,4139.243865966797,2201.486587524414,0.0001709399075480178,Hemiptera
2960,3567.6537475585938,508.06138610839844,3588.6392517089844,521.2760238647461,0.0001705776376184076,Hemiptera
2961,1955.6656799316406,2965.566267967224,1979.4352416992188,2989.2784423828125,0.00016983109526336193,Hemiptera
2962,2021.6184329986572,883.5584487915039,2049.2832107543945,924.4374160766602,0.0001694968668743968,Hemiptera
2963,3410.7867279052734,1200.2038851380348,3479.4210510253906,1225.7895240783691,0.00016934759332798421,Hemiptera
2964,218.33853149414062,3411.2533264160156,500.0,3456.0,0.00016898145258892328,Hemiptera
2965,1461.9256896972656,897.1879348754883,1483.1069030761719,914.5772323608398,0.00016786003834567964,Hemiptera
2966,2343.7191467285156,182.10894775390625,2371.501678466797,200.4781036376953,0.00016716730897314847,Hemiptera
2967,4410.812683105469,2597.9013671875,4434.353942871094,2687.1483459472656,0.00016671046614646912,Hemiptera
2968,3200.2429455518723,2368.5628356933594,3225.568462371826,2407.055389404297,0.00016667868476361036,Hemiptera
2969,2421.8755073547363,155.73422241210938,2455.7298583984375,182.28582763671875,0.0001662689755903557,Hemiptera
2970,1659.2218856811523,679.2066650390625,1679.9468078613281,697.9750671386719,0.0001659822737565264,Hemiptera
2971,4477.262512207031,3303.5987854003906,4500.0,3415.8621215820312,0.00016059128392953426,Hemiptera
2972,887.6692504882812,1267.0312805175781,992.7247772216797,1300.0,0.00015978435112629086,Hemiptera
2973,2638.1359100341797,1600.0,2714.6500549316406,1619.341199874878,0.00015875046665314585,Hemiptera
2974,3600.0,2201.8101196289062,3633.8116302490234,2246.2518615722656,0.00015851690841373056,Hemiptera
2975,456.6739196777344,2677.9478149414062,495.7949523925781,2723.6082458496094,0.00015823497960809618,Hemiptera
2976,3272.3475494384766,2486.106201171875,3329.046127319336,2499.856658935547,0.0001582081022206694,Hemiptera
2977,2136.6087188720703,1083.8972778320312,2159.803695678711,1104.9698486328125,0.0001578704104758799,Hemiptera
2978,4045.870334625244,476.2864074707031,4161.728591918945,499.9785461425781,0.00015703368990216404,Hemiptera
2979,1088.4284973144531,1157.574462890625,1113.69189453125,1170.3134460449219,0.00015682571392972022,Hemiptera
2980,3229.6168823242188,872.4529418945312,3264.65869140625,895.4378967285156,0.00015630648704245687,Hemiptera
2981,1200,2788.5194702148438,1212.6981954574585,2848.8723754882812,0.00015621948114130646,Hemiptera
2982,3960.5765380859375,1242.6089096069336,4026.14892578125,1275.801414489746,0.00015587828238494694,Hemiptera
2983,2929.4210052490234,230.48719787597656,2956.3546600341797,243.2833251953125,0.0001545933191664517,Hemiptera
2984,4036.828125,2956.470969080925,4124.044822692871,2984.1235694885254,0.0001524794497527182,Hemiptera
2985,3788.9947204589844,2139.161148071289,3818.1605529785156,2161.2779541015625,0.00015182326023932546,Hemiptera
2986,3678.4373168945312,2479.490478515625,3718.181594848633,2499.738311767578,0.00015126014477573335,Hemiptera
2987,2982.4029693603516,363.9994201660156,3002.633590698242,392.04888916015625,0.0001508564018877223,Hemiptera
2988,4108.162477791309,2091.6302947998047,4128.985988616943,2129.0235595703125,0.00015076652925927192,Hemiptera
2989,4062.0904083251953,2087.3424682617188,4177.248306274414,2100.0,0.0001507563138147816,Hemiptera
2990,3200.0,3159.1712493896484,3225.0274772644043,3271.8900756835938,0.00014791276771575212,Hemiptera
2991,3757.6917877197266,875.2802734375,3813.6378479003906,899.9354248046875,0.00014782731886953115,Hemiptera
2992,4577.986541748047,419.70863342285156,4608.0,631.6253662109375,0.0001477520854678005,Hemiptera
2993,3417.5414123535156,2094.2850646972656,3448.4861450195312,2100.0,0.00014763827493879944,Hemiptera
2994,3312.274642944336,2041.1706199645996,3336.531784057617,2059.1242904663086,0.00014669346273876727,Hemiptera
2995,2800.0,2375.5135803222656,2810.2748861312866,2477.32763671875,0.00014605282922275364,Hemiptera
2996,635.528564453125,1145.1506652832031,666.2806091308594,1165.30322265625,0.00014462789113167673,Hemiptera
2997,1100.4083251953125,553.8554840087891,1121.6798400878906,583.3849945068359,0.00014454667689278722,Hemiptera
2998,3800.556106567383,413.95654296875,3838.536911010742,430.8764343261719,0.00014454033225774765,Hemiptera
2999,419.0098876953125,1914.7652282714844,456.505184173584,1969.2417602539062,0.00014415344048757106,Hemiptera
3000,3982.9629821777344,400,4013.582763671875,407.9367799758911,0.0001432463468518108,Hemiptera
3001,1019.734375,1045.5785217285156,1048.0909881591797,1062.5313415527344,0.00014245427155401558,Hemiptera
3002,800.2425193786621,673.6582641601562,840.4708557128906,752.5008239746094,0.0001416506274836138,Hemiptera
3003,1111.4064331054688,2884.4575805664062,1215.2868347167969,2900.0,0.00014158229168970138,Hemiptera
3004,3223.279588699341,470.13433837890625,3253.1095962524414,500.0,0.00014146218018140644,Hemiptera
3005,2486.6801147460938,597.6780242919922,2499.9845581054688,637.4010314941406,0.0001413897844031453,Hemiptera
3006,2457.1292724609375,1271.6257553100586,2500.0,1504.5206604003906,0.00014083259156905115,Hemiptera
3007,2061.9894981384277,1450.521469116211,2080.9375915527344,1469.6220397949219,0.0001402737107127905,Hemiptera
3008,1493.9373168945312,2906.1555404663086,1524.2849426269531,2928.145294189453,0.00014023906260263175,Hemiptera
3009,3270.2094116210938,2060.2563400268555,3300.0,2305.7984619140625,0.00013968467828817666,Hemiptera
3010,749.479248046875,2215.0185546875,779.0199890136719,2233.4493713378906,0.00013907889660913497,Hemiptera
3011,3300.6128540039062,786.6966247558594,3358.7294311523438,862.0570068359375,0.0001387437805533409,Hemiptera
3012,2402.338647842407,1280.093017578125,2493.0599365234375,1299.9439086914062,0.0001380213361699134,Hemiptera
3013,4046.38232421875,371.8637390136719,4082.475112915039,402.5241394042969,0.0001380094763590023,Hemiptera
3014,2480.2023010253906,965.5280151367188,2499.693878173828,1049.301528930664,0.00013793424295727164,Hemiptera
3015,3789.1116485595703,1131.9317321777344,3872.7796936035156,1171.8160095214844,0.0001371016987832263,Hemiptera
3016,868.2611389160156,3113.558624267578,900.0,3382.6798095703125,0.0001367748627671972,Hemiptera
3017,919.6742401123047,1632.4729919433594,949.9988708496094,1654.201904296875,0.00013665792357642204,Hemiptera
3018,2400.0,1651.2790222167969,2413.7748136520386,1761.9273681640625,0.0001359507441520691,Hemiptera
3019,2804.928680419922,2196.2344818115234,2833.868682861328,2225.822311401367,0.00013295607641339302,Hemiptera
3020,3635.6037788391113,1350.140365600586,3685.8192977905273,1374.6286926269531,0.0001327520003542304,Hemiptera
3021,4301.1510009765625,3420.8322143554688,4399.330993652344,3456.0,0.00013237353414297104,Hemiptera
3022,3041.024856567383,2944.1341400146484,3079.2476501464844,2966.817123413086,0.0001322253083344549,Hemiptera
3023,2400.0281929969788,2180.458206176758,2437.7428245544434,2285.724639892578,0.0001319561415584758,Hemiptera
3024,2400.0288888812065,2884.0223999023438,2406.111662864685,2939.172607421875,0.00013156038767192513,Hemiptera
3025,3811.426025390625,1927.0710144042969,3836.3056640625,1952.9695129394531,0.0001313525572186336,Hemiptera
3026,3838.564926147461,1988.358154296875,3902.9962158203125,2023.3677368164062,0.00013128467253409326,Hemiptera
3027,3364.3333892822266,436.40704345703125,3386.662551879883,462.5532531738281,0.00013097409100737423,Hemiptera
3028,3779.5895385742188,680.1570129394531,3816.6135864257812,716.6398620605469,0.00013083241356071085,Hemiptera
3029,2800.0000685453415,3071.9589080810547,2834.772247314453,3170.1644439697266,0.00013042385398875922,Hemiptera
3030,3812.735824584961,652.7754516601562,3855.9991607666016,710.2131958007812,0.00013038555334787816,Hemiptera
3031,3095.441162109375,1232.9956512451172,3114.8539428710938,1265.6211853027344,0.00013006356311962008,Hemiptera
3032,4107.487396240234,539.0911407470703,4144.948577880859,563.8798522949219,0.00013000752369407564,Hemiptera
3033,1814.658935546875,643.2771148681641,1841.2124633789062,679.0032348632812,0.0001297053968301043,Hemiptera
3034,2706.896484375,529.7574310302734,2728.2338256835938,584.7444305419922,0.00012948170478921384,Hemiptera
3035,3789.008331298828,1712.5731964111328,3808.0716094970703,1736.8411254882812,0.00012830233026761562,Hemiptera
3036,2757.4420776367188,1109.3494262695312,2780.7481689453125,1149.2306823730469,0.00012728822184726596,Hemiptera
3037,3656.0894622802734,963.3675842285156,3680.831703186035,976.1835327148438,0.0001271466608159244,Hemiptera
3038,4000.0,2480.7015075683594,4078.3545989990234,2500.0,0.00012587769015226513,Hemiptera
3039,658.9662780761719,1212.7510681152344,681.1683349609375,1228.7093505859375,0.0001252294023288414,Hemiptera
3040,4126.994255065918,1808.1753234863281,4160.905864715576,1837.371109008789,0.0001252017100341618,Hemiptera
3041,506.37158203125,2400,527.0669784545898,2412.3976945877075,0.0001249886554433033,Hemiptera
3042,1126.9404907226562,2002.559504032135,1165.7767639160156,2025.7694473266602,0.00012457802949938923,Hemiptera
3043,3600.1878559589386,250.8990936279297,3647.1908226013184,321.24420166015625,0.00012397732643876225,Hemiptera
3044,3086.5597229003906,269.7920837402344,3196.564239501953,307.12261962890625,0.00012393228826113045,Hemiptera
3045,3823.6167907714844,579.8934173583984,3872.327911376953,630.4929809570312,0.00012380414409562945,Hemiptera
3046,0.0,0.0,43.15668487548828,43.941036224365234,0.00012328120646998286,Hemiptera
3047,3469.3771362304688,105.40171813964844,3490.6133728027344,122.40888214111328,0.0001229941117344424,Hemiptera
3048,3850.6517333984375,489.7675476074219,3913.6095581054688,499.9722595214844,0.00012287407298572361,Hemiptera
3049,620.2319183349609,1955.2015075683594,644.6416931152344,1969.2807006835938,0.00012176124437246472,Hemiptera
3050,3931.5604858398438,1658.9570236206055,3972.5779418945312,1678.618148803711,0.00012086185597581789,Hemiptera
3051,4576.7333984375,2000.0,4607.978271484375,2281.732940673828,0.00012075230915797874,Hemiptera
3052,4085.3751220703125,3232.9596557617188,4099.8221435546875,3322.9310913085938,0.00012011414946755394,Hemiptera
3053,800.0,2437.2371826171875,848.0854568481445,2555.911117553711,0.00011965960584348068,Hemiptera
3054,1000.8832244873047,3082.293899536133,1020.4610595703125,3094.2021484375,0.00011929866741411388,Hemiptera
3055,3933.264862060547,345.54595947265625,3969.036865234375,414.88665771484375,0.00011909010936506093,Hemiptera
3056,480.7160339355469,2120.2357788085938,499.9739074707031,2355.0145263671875,0.00011835312761832029,Hemiptera
3057,2341.9814453125,2023.2240829467773,2378.0494995117188,2044.6176376342773,0.00011802799417637289,Hemiptera
3058,2010.367488861084,1251.5731201171875,2039.206558227539,1280.5734252929688,0.00011778502084780484,Hemiptera
3059,3778.856155395508,243.7145233154297,3816.719741821289,275.4100341796875,0.00011773179721785709,Hemiptera
3060,705.7427673339844,43.52875518798828,730.9026489257812,59.86958694458008,0.00011714901484083384,Hemiptera
3061,4543.612396240234,1487.9934692382812,4608.0,1739.3321990966797,0.00011705700308084488,Hemiptera
3062,2641.4323120117188,1210.5796451568604,2663.692657470703,1242.0866355895996,0.00011689404345816001,Hemiptera
3063,3153.2233276367188,807.938720703125,3169.8778076171875,822.0203857421875,0.00011674677807604894,Hemiptera
3064,2874.9218139648438,2931.809127807617,2900.0,3135.545883178711,0.000116291681479197,Hemiptera
3065,3580.6971130371094,1631.5044765472412,3604.4317626953125,1662.257480621338,0.00011620808800216764,Hemiptera
3066,3220.479818344116,1600.0,3283.014488220215,1620.1254329681396,0.00011615303083090112,Hemiptera
3067,4577.213958740234,1670.3617553710938,4608.0,1966.1960144042969,0.00011511894990690053,Hemiptera
3068,3618.8839263916016,662.22119140625,3645.3008460998535,683.6807861328125,0.0001138844236265868,Hemiptera
3069,4055.0918579101562,1284.1865158081055,4083.1051330566406,1309.5704879760742,0.00011383588571334258,Hemiptera
3070,2069.4637756347656,2882.3868713378906,2176.6414642333984,2899.9715881347656,0.0001138143998105079,Hemiptera
3071,3671.7894592285156,3230.00341796875,3700.0,3333.806854248047,0.00011283019557595253,Hemiptera
3072,267.8369445800781,2400.0,440.05560302734375,2496.7158126831055,0.00011198576976312324,Hemiptera
3073,800,2645.689254760742,809.2060747146606,2718.372833251953,0.00011155762331327423,Hemiptera
3074,2800,2317.8167419433594,2812.715829849243,2424.2271423339844,0.00011035810894099995,Hemiptera
3075,1123.5954284667969,2121.9514389038086,1146.982666015625,2142.078582763672,0.00011031655594706535,Hemiptera
3076,3281.032455444336,2387.7725830078125,3314.448715209961,2421.6102600097656,0.00010994887998094782,Hemiptera
3077,3546.1884155273438,2100.2751846313477,3580.6720581054688,2161.407730102539,0.00010971449228236452,Hemiptera
3078,4045.4845581054688,3041.915199279785,4099.781982421875,3099.5952911376953,0.0001093863756977953,Hemiptera
3079,3286.865234375,2534.4885864257812,3299.9862670898438,2615.881393432617,0.00010922554793069139,Hemiptera
3080,350.94097900390625,3044.485206604004,370.63787841796875,3063.35791015625,0.00010892983118537813,Hemiptera
3081,1200.0,2192.911346435547,1211.9704933166504,2288.155548095703,0.00010741530422819778,Hemiptera
3082,1672.0914154052734,482.37420654296875,1871.2592468261719,500.0,0.00010677468526409939,Hemiptera
3083,3286.2707595825195,2085.4612731933594,3321.50528717041,2099.7095642089844,0.00010676593956304714,Hemiptera
3084,2062.2845153808594,2012.3604736328125,2089.845977783203,2039.9098434448242,0.00010654441575752571,Hemiptera
3085,759.3060607910156,2587.7167053222656,779.912841796875,2611.971145629883,0.00010632073826855049,Hemiptera
3086,659.5502014160156,593.1857757568359,680.2548217773438,613.5024719238281,0.00010617251246003434,Hemiptera
3087,1229.8019886016846,3424.7555236816406,1479.8070678710938,3456.0,0.00010491898865438998,Hemiptera
3088,3251.877655029297,936.6463012695312,3275.39208984375,971.5879821777344,0.00010423489584354684,Hemiptera
3089,2089.6504516601562,759.5712280273438,2099.847900390625,831.7777709960938,0.00010416992154205218,Hemiptera
3090,800.0,3404.643310546875,1011.1763458251953,3456.0,0.00010399443272035569,Hemiptera
3091,3925.7428283691406,2431.6802291870117,3946.8294067382812,2469.2984313964844,0.00010292913066223264,Hemiptera
3092,3439.2442626953125,2025.2080993652344,3467.075408935547,2038.0252685546875,0.0001025589881464839,Hemiptera
3093,4575.556945800781,2490.4778594970703,4608.0,2756.0968322753906,0.00010216717782896012,Hemiptera
3094,4191.461944580078,2856.178192138672,4236.910675048828,2876.2190856933594,0.00010209335596300662,Hemiptera
3095,669.5901794433594,1609.2500257492065,692.3777465820312,1628.1271572113037,0.00010193984053330496,Hemiptera
3096,514.7347412109375,2881.8663635253906,711.4963073730469,2900.0,0.00010161064710700884,Hemiptera
3097,1282.4809188842773,493.4033508300781,1324.1324310302734,500.0,0.00010137749632121995,Hemiptera
3098,2435.429214477539,1683.5586547851562,2663.726806640625,1700.0,0.00010130908049177378,Hemiptera
3099,1853.9115447998047,1046.2889862060547,1870.1933288574219,1059.8663635253906,0.0001011595522868447,Hemiptera
3100,2877.9720458984375,2367.0060119628906,2900.0,2499.6497192382812,9.98995456029661e-05,Hemiptera
3101,3740.1612548828125,2220.4349517822266,3778.359573364258,2264.5589904785156,9.987191151594743e-05,Hemiptera
3102,3920.838165283203,887.3692092895508,3960.4198608398438,924.983642578125,9.974029671866447e-05,Hemiptera
3103,3671.0104064941406,1643.4647178649902,3699.7720642089844,1682.4895706176758,9.92180866887793e-05,Hemiptera
3104,950.4589080810547,2971.5828399658203,968.5947265625,2992.4502868652344,9.888287604553625e-05,Hemiptera
3105,807.873046875,773.7771606445312,827.089599609375,788.727783203125,9.872929513221607e-05,Hemiptera
3106,2800,1319.718620300293,2813.599488258362,1382.3153991699219,9.858479461399838e-05,Hemiptera
3107,745.2130432128906,2134.6204223632812,770.8992919921875,2160.8743438720703,9.852511720964685e-05,Hemiptera
3108,404.0679931640625,2400,500.0,2414.88907623291,9.834414231590927e-05,Hemiptera
3109,1275.7917785644531,2177.968734741211,1300.0,2255.8736267089844,9.783195127965882e-05,Hemiptera
3110,400.0,3439.6785278320312,665.4200134277344,3456.0,9.734311606734991e-05,Hemiptera
3111,569.6001739501953,124.78392028808594,590.8781585693359,150.59115600585938,9.631663851905614e-05,Hemiptera
3112,1401.996322631836,2902.3136825561523,1425.221923828125,2919.722724914551,9.621428034733981e-05,Hemiptera
3113,3215.1410217285156,326.69256591796875,3243.202880859375,348.0393371582031,9.619455522624776e-05,Hemiptera
3114,3146.865020751953,360.4559326171875,3163.508087158203,388.244384765625,9.613688598619774e-05,Hemiptera
3115,4000.0,2023.847900390625,4009.4976987838745,2087.696990966797,9.540063911117613e-05,Hemiptera
3116,2359.668731689453,373.8931579589844,2392.8041076660156,433.8157653808594,9.499947191216052e-05,Hemiptera
3117,2539.2149047851562,2483.6475219726562,2641.3873443603516,2500.0,9.46198488236405e-05,Hemiptera
3118,4108.694686174393,2497.6056365966797,4161.561584472656,2521.5726013183594,9.43006161833182e-05,Hemiptera
3119,3318.086051940918,436.25909423828125,3370.577377319336,466.40625,9.348976891487837e-05,Hemiptera
3120,4000.0,2265.7989501953125,4042.3542098999023,2310.8206787109375,9.229905845131725e-05,Hemiptera
3121,724.3145446777344,807.9516296386719,741.1203002929688,821.5987243652344,9.172689897241071e-05,Hemiptera
3122,929.7250823974609,1843.2152099609375,955.8787536621094,1860.3170166015625,9.146904631052166e-05,Hemiptera
3123,4134.886684417725,2800.0,4184.292854309082,2821.578847885132,9.130086255026981e-05,Hemiptera
3124,3952.7760009765625,2107.2728424072266,3979.6295776367188,2130.5731048583984,9.117757144849747e-05,Hemiptera
3125,1109.0916748046875,2488.7705688476562,1172.6542358398438,2499.8936767578125,9.097755537368357e-05,Hemiptera
3126,3535.462127685547,379.3521423339844,3559.742462158203,406.7736511230469,8.916862861951813e-05,Hemiptera
3127,4123.5999183654785,400.0,4178.013069152832,432.24000549316406,8.913913188735023e-05,Hemiptera
3128,2407.718086242676,3437.5709533691406,2621.931884765625,3456.0,8.887492003850639e-05,Hemiptera
3129,3662.6815185546875,1730.348373413086,3696.6536865234375,1762.5092315673828,8.855816849973053e-05,Hemiptera
3130,2077.306365966797,2000.9262084960938,2100.0,2117.879608154297,8.753830479690805e-05,Hemiptera
3131,2995.208023071289,1660.90625,3012.3611450195312,1674.8902893066406,8.751142740948126e-05,Hemiptera
3132,3260.396759033203,1430.8044891357422,3299.7222900390625,1478.0383911132812,8.665410859975964e-05,Hemiptera
3133,0.03924667835235596,2956.5240783691406,49.49317932128906,3041.614227294922,8.63906680024229e-05,Hemiptera
3134,1229.0304565429688,2071.8871154785156,1300.0,2167.7670288085938,8.61659791553393e-05,Hemiptera
3135,0.0,2330.4293212890625,37.88228225708008,2404.4703979492188,8.612498641014099e-05,Hemiptera
3136,1164.0335083007812,1033.7270050048828,1190.3550720214844,1053.3463745117188,8.594965765951201e-05,Hemiptera
3137,4108.0,914.2740249633789,4234.133407592773,984.9718627929688,8.54743630043231e-05,Hemiptera
3138,3374.1336059570312,98.2164535522461,3395.929885864258,120.97433471679688,8.479826647089794e-05,Hemiptera
3139,4501.999481201172,0.0,4597.730072021484,38.1737174987793,8.469013118883595e-05,Hemiptera
3140,3600,2656.5845642089844,3637.115623474121,2691.7994689941406,8.375288598472252e-05,Hemiptera
3141,1679.9032287597656,2153.4805603027344,1699.8507385253906,2168.464874267578,8.325013186549768e-05,Hemiptera
3142,4498.954742431641,1720.182487487793,4521.149688720703,1736.8802337646484,8.283834176836535e-05,Hemiptera
3143,2482.56005859375,1386.2953643798828,2499.9749145507812,1617.0204772949219,8.250015525845811e-05,Hemiptera
3144,3692.9888610839844,2212.0745239257812,3699.890411376953,2280.8388671875,8.231124229496345e-05,Hemiptera
3145,4588.5667724609375,662.9251403808594,4607.995910644531,976.2181854248047,8.189863001462072e-05,Hemiptera
3146,829.2037353515625,338.3954162597656,850.6293640136719,356.1718444824219,8.130823698593304e-05,Hemiptera
3147,2391.7987670898438,813.8890724182129,2451.2169799804688,845.6712112426758,8.073333447100595e-05,Hemiptera
3148,1244.7153549194336,718.8262634277344,1288.9428253173828,742.0812377929688,8.071385673247278e-05,Hemiptera
3149,1258.1229248046875,2502.1533279418945,1275.677978515625,2522.626022338867,8.055216312641278e-05,Hemiptera
3150,4007.222599029541,1411.8637084960938,4052.4487915039062,1471.806396484375,8.033920312300324e-05,Hemiptera
3151,3875.6401977539062,3235.3574829101562,3897.7404174804688,3258.778289794922,7.973753963597119e-05,Hemiptera
3152,3600.021007284522,1602.0017700195312,3605.9097061157227,1660.0901489257812,7.960898074088618e-05,Hemiptera
3153,2618.651153564453,3294.7605590820312,2695.4300842285156,3300.0,7.936847396194935e-05,Hemiptera
3154,2752.7069396972656,2099.986640930176,2778.969696044922,2113.92626953125,7.891979475971311e-05,Hemiptera
3155,2402.810284614563,858.6778182983398,2427.4298667907715,889.4560775756836,7.843445200705901e-05,Hemiptera
3156,2745.9149475097656,3273.646728515625,2809.5028076171875,3299.190673828125,7.80142581788823e-05,Hemiptera
3157,4108,363.43499755859375,4137.242055892944,410.526123046875,7.774267578497529e-05,Hemiptera
3158,2493.608139038086,2060.5326538085938,2579.029342651367,2100.0,7.735723193036392e-05,Hemiptera
3159,3167.928741455078,3255.9064025878906,3215.684326171875,3282.5218811035156,7.725329487584531e-05,Hemiptera
3160,4114.719212055206,1928.0216369628906,4155.0843505859375,1948.1785888671875,7.688406913075596e-05,Hemiptera
3161,3270.6989135742188,1808.4589538574219,3300.0,1829.8446197509766,7.655630906810984e-05,Hemiptera
3162,3401.7853240966797,1919.2710876464844,3437.2252044677734,1941.9114074707031,7.623518467880785e-05,Hemiptera
3163,3153.9883728027344,3417.0123596191406,3269.4903259277344,3456.0,7.59046888560988e-05,Hemiptera
3164,4428.192535400391,3438.1062927246094,4608.0,3456.0,7.530692528234795e-05,Hemiptera
3165,1108.3816528320312,2617.9595489501953,1131.1716918945312,2639.0391845703125,7.503102824557573e-05,Hemiptera
3166,2345.0909118652344,342.5157165527344,2366.4647521972656,357.7439880371094,7.444965740432963e-05,Hemiptera
3167,990.4345703125,1947.7981567382812,1036.0472717285156,1982.3512573242188,7.399914466077462e-05,Hemiptera
3168,3763.3250732421875,2016.82954788208,3787.58935546875,2032.526252746582,7.391429971903563e-05,Hemiptera
3169,868.7614440917969,1392.7090148925781,898.5103759765625,1415.4063720703125,7.388547237496823e-05,Hemiptera
3170,894.6674346923828,2381.8617248535156,919.3600921630859,2395.957061767578,7.35725334379822e-05,Hemiptera
3171,4108.022831559181,2282.170684814453,4120.8825578689575,2345.241729736328,7.33492779545486e-05,Hemiptera
3172,760.986083984375,2013.8560991287231,789.7988891601562,2042.148780822754,7.292634836630896e-05,Hemiptera
3173,2400.4955664277077,1795.7548065185547,2425.417003631592,1840.7554626464844,7.289790664799511e-05,Hemiptera
3174,1240.0830383300781,2458.3882751464844,1270.1019287109375,2487.0340881347656,7.288526103366166e-05,Hemiptera
3175,2749.918975830078,3262.5189819335938,2803.136505126953,3290.1421813964844,7.278420525835827e-05,Hemiptera
3176,2400.0,1241.7741317749023,2432.1682205200195,1285.9090194702148,7.19306044629775e-05,Hemiptera
3177,0.0,3234.0103759765625,40.902347564697266,3330.75390625,7.173886842792854e-05,Hemiptera
3178,2247.0709075927734,1207.6700744628906,2281.045166015625,1221.440423965454,7.150201417971402e-05,Hemiptera
3179,155.97340393066406,2000.0,215.87472534179688,2041.8356971740723,7.11435786797665e-05,Hemiptera
3180,40.76242446899414,2864.906219482422,335.5466003417969,2900.0,7.048907718854025e-05,Hemiptera
3181,3066.7210693359375,3035.264907836914,3099.58935546875,3055.2396545410156,7.041187927825376e-05,Hemiptera
3182,2800,1600.0004470348358,2860.964584350586,1629.9878063201904,6.993196438997984e-05,Hemiptera
3183,4242.7667236328125,476.9146423339844,4326.400863647461,500.0,6.949512317078188e-05,Hemiptera
3184,3257.7186584472656,3071.553840637207,3299.848175048828,3116.4557495117188,6.916073471074924e-05,Hemiptera
3185,2219.0855560302734,3071.6815490722656,2252.0612182617188,3133.8316345214844,6.910871888976544e-05,Hemiptera
3186,3220.3765869140625,3432.9403381347656,3300.0,3456.0,6.832056533312425e-05,Hemiptera
3187,4470.541534423828,2400.0,4500.0,2562.467559814453,6.756234506610781e-05,Hemiptera
3188,4386.616302490234,1200.0,4453.9150390625,1329.0848236083984,6.708245200570673e-05,Hemiptera
3189,3666.112030029297,2608.781723022461,3695.8231811523438,2628.9437255859375,6.682495586574078e-05,Hemiptera
3190,4091.0633544921875,207.9755859375,4128.101226806641,226.63841247558594,6.667766137979925e-05,Hemiptera
3191,516.791389465332,2084.9259338378906,621.8530578613281,2100.0,6.657854828517884e-05,Hemiptera
3192,3564.106689453125,3220.6172485351562,3604.6887817382812,3245.817901611328,6.634335295530036e-05,Hemiptera
3193,881.9211120605469,1651.8390197753906,900.0,1740.5726470947266,6.611106073250994e-05,Hemiptera
3194,4108.0,3030.380630493164,4168.278606414795,3122.1167907714844,6.608591502299532e-05,Hemiptera
3195,501.7447967529297,400.0,562.0787658691406,420.3285484313965,6.560212204931304e-05,Hemiptera
3196,4352.961502075195,2879.9947814941406,4541.489501953125,2900.0,6.548930105054751e-05,Hemiptera
3197,917.6760711669922,2000,960.0018310546875,2017.5727272033691,6.495169509435073e-05,Hemiptera
3198,1544.9378356933594,2644.6200561523438,1573.69140625,2660.49658203125,6.466727063525468e-05,Hemiptera
3199,1049.1429290771484,2484.6043701171875,1123.2948303222656,2500.0,6.443066376959905e-05,Hemiptera
3200,4347.526336669922,882.1509399414062,4494.523040771484,900.0,6.441627920139581e-05,Hemiptera
3201,4140.290149688721,1666.2096862792969,4172.199028015137,1700.0,6.441118603106588e-05,Hemiptera
3202,3292.2443237304688,1453.7756958007812,3299.915802001953,1538.1021423339844,6.413384107872844e-05,Hemiptera
3203,2484.7315673828125,2652.566177368164,2500.0,2742.966583251953,6.40948346699588e-05,Hemiptera
3204,4486.032257080078,3056.8087463378906,4500.0,3208.1450805664062,6.407203909475356e-05,Hemiptera
3205,2734.3526611328125,879.1157684326172,2760.353729248047,942.9372253417969,6.38335186522454e-05,Hemiptera
3206,4437.993347167969,85.44464111328125,4476.453308105469,146.0994415283203,6.355375080602244e-05,Hemiptera
3207,0.12188851833343506,1588.6713562011719,20.5235538482666,1650.2202453613281,6.34674506727606e-05,Hemiptera
3208,882.4430541992188,2833.521125793457,900.0,2912.117362976074,6.320267129922286e-05,Hemiptera
3209,4533.808044433594,3232.612274169922,4608.0,3300.0,6.318640225799754e-05,Hemiptera
3210,3387.3294830322266,2698.9791259765625,3405.8790740966797,2711.6890563964844,6.315766950137913e-05,Hemiptera
3211,3955.0617065429688,2494.6666870117188,4009.0130310058594,2500.0,6.220975774340332e-05,Hemiptera
3212,1631.7998580932617,451.5735168457031,1650.428379058838,467.822509765625,6.182250945130363e-05,Hemiptera
3213,1802.8639831542969,2682.6034545898438,1840.1519775390625,2728.117645263672,6.138444587122649e-05,Hemiptera
3214,4179.404312133789,527.4346618652344,4227.798751831055,572.5327301025391,6.108586967457086e-05,Hemiptera
3215,4205.017562866211,1237.3395080566406,4230.583152770996,1250.8364562988281,6.1029859352856874e-05,Hemiptera
3216,515.4137268066406,3046.2453994750977,534.4957733154297,3065.540382385254,6.076910358387977e-05,Hemiptera
3217,2488.366973876953,2455.0889892578125,2499.98388671875,2564.7401275634766,6.072646283428185e-05,Hemiptera
3218,3140.2152404785156,1455.1209411621094,3164.8890991210938,1479.69140625,6.071731695556082e-05,Hemiptera
3219,3102.236358642578,2476.0657348632812,3210.6912536621094,2499.860107421875,6.066025161999278e-05,Hemiptera
3220,878.4342651367188,3031.6480865478516,900.0,3106.1070251464844,6.0374411987140775e-05,Hemiptera
3221,4089.095489501953,2156.6500244140625,4099.83349609375,2226.8812255859375,6.0291051340755075e-05,Hemiptera
3222,1831.6089935302734,2612.6630249023438,1854.7753601074219,2627.3577270507812,6.022450907039456e-05,Hemiptera
3223,2000.0418603420258,2031.2929077148438,2032.39013671875,2100.0,5.9838774177478626e-05,Hemiptera
3224,3253.2391204833984,2210.0712280273438,3286.568832397461,2260.623016357422,5.931495616096072e-05,Hemiptera
3225,800.0,3437.2289123535156,1077.5679016113281,3456.0,5.8826008171308786e-05,Hemiptera
3226,154.0018768310547,1200.0,206.94973754882812,1259.7339630126953,5.8689347497420385e-05,Hemiptera
3227,837.5114440917969,1533.3043823242188,857.5115356445312,1550.9909362792969,5.751349090132862e-05,Hemiptera
3228,2856.7059631347656,1982.8043823242188,2900.0,2079.54052734375,5.695921936421655e-05,Hemiptera
3229,2891.6344299316406,2194.856674194336,2899.9515075683594,2274.92822265625,5.580908327829093e-05,Hemiptera
3230,2840.4615783691406,1600.0154674053192,2900.0,1629.897668838501,5.5668020650045946e-05,Hemiptera
3231,3959.7313537597656,2000.0421196222305,4004.885528564453,2036.5214958190918,5.5534350394736975e-05,Hemiptera
3232,4045.1915016174316,3072.97647857666,4084.0501708984375,3211.497024536133,5.5224503739736974e-05,Hemiptera
3233,4404.164947509766,2800,4475.845977783203,2849.237403869629,5.490869079949334e-05,Hemiptera
3234,2057.3562622070312,3158.397186279297,2099.6473388671875,3231.2894287109375,5.4747608373872936e-05,Hemiptera
3235,4492.215545654297,1200.63134431839,4499.857147216797,1284.8492584228516,5.403158502303995e-05,Hemiptera
3236,3600.059501081705,2831.2852783203125,3605.914403438568,2900.0,5.323916775523685e-05,Hemiptera
3237,400,2249.4999389648438,439.6857604980469,2293.5651245117188,5.3174015192780644e-05,Hemiptera
3238,2493.9607543945312,350.3091735839844,2499.9046325683594,420.6495666503906,5.248088564258069e-05,Hemiptera
3239,4522.3477783203125,2800.0,4608.0,2913.196990966797,5.213977783569135e-05,Hemiptera
3240,2094.778778076172,340.1817321777344,2100.0,369.19146728515625,5.211889947531745e-05,Hemiptera
3241,1290.9391479492188,3293.797393798828,1299.9080810546875,3384.29931640625,5.1535160309867933e-05,Hemiptera
3242,4000.177851319313,699.4380493164062,4026.6185455322266,731.6622619628906,5.1099330448778346e-05,Hemiptera
3243,2000.0191822648048,3103.3927001953125,2012.6023263931274,3179.8009033203125,5.0903905503218994e-05,Hemiptera
3244,0.06440803408622742,3148.7438049316406,38.83921432495117,3220.3056640625,5.078365938970819e-05,Hemiptera
3245,1658.7959289550781,545.9776458740234,1700.0,613.8223571777344,5.066021913080476e-05,Hemiptera
3246,97.39909362792969,3405.3610229492188,176.94302368164062,3451.9329528808594,5.038012386648916e-05,Hemiptera
3247,4108.216060876846,3118.433883666992,4151.623683929443,3163.4688873291016,4.962676393915899e-05,Hemiptera
3248,4583.422088623047,1067.4174194335938,4608.0,1297.1830749511719,4.945960972690955e-05,Hemiptera
3249,2481.064697265625,1600,2499.920379638672,1817.4866180419922,4.889581759925932e-05,Hemiptera
3250,4080.0646896362305,1236.9578475952148,4100.26594543457,1249.1212921142578,4.8376958147855476e-05,Hemiptera
3251,3290.5821838378906,1810.4564666748047,3299.8921508789062,1903.4799499511719,4.804387208423577e-05,Hemiptera
3252,1287.7116088867188,1302.7302703857422,1299.9338989257812,1371.1818389892578,4.7691788495285437e-05,Hemiptera
3253,999.9457397460938,983.1063995361328,1027.008056640625,1010.714599609375,4.7062661906238645e-05,Hemiptera
3254,4041.8347778320312,2488.7346801757812,4088.3231506347656,2540.7208862304688,4.664471998694353e-05,Hemiptera
3255,4086.4115600585938,2434.3290100097656,4099.924957275391,2512.325653076172,4.6501620090566576e-05,Hemiptera
3256,4497.423889160156,1918.9880981445312,4538.291900634766,1959.4159545898438,4.644794898922555e-05,Hemiptera
3257,4150.330657958984,1794.919921875,4184.319381713867,1830.5208740234375,4.631392584997229e-05,Hemiptera
3258,4279.109619140625,3294.1228942871094,4350.075775146484,3300.0,4.551634265226312e-05,Hemiptera
3259,3676.5740356445312,2926.998207092285,3699.157989501953,2984.715866088867,4.511600491241552e-05,Hemiptera
3260,2325.4584350585938,2000,2406.1015014648438,2009.457085609436,4.489698403631337e-05,Hemiptera
3261,800.0118888914585,2456.0567626953125,807.1551561355591,2535.329818725586,4.484161763684824e-05,Hemiptera
3262,2000.000649690628,2925.0712890625,2015.5838708877563,3025.923324584961,4.466893005883321e-05,Hemiptera
3263,4184.739059448242,3288.305938720703,4241.917373657227,3300.0,4.413372516864911e-05,Hemiptera
3264,4486.052886962891,2796.510498046875,4499.977111816406,2852.298568725586,4.409393295645714e-05,Hemiptera
3265,4435.885345458984,509.6455307006836,4461.409271240234,603.2312316894531,4.394629650050774e-05,Hemiptera
3266,904.7973480224609,3436.290313720703,1132.6246337890625,3456.0,4.387351873447187e-05,Hemiptera
3267,1290.2059631347656,1151.2142639160156,1299.9315185546875,1231.2413330078125,4.3416312109911814e-05,Hemiptera
3268,2198.012969970703,2000,2313.3704528808594,2019.3566265106201,4.340103259892203e-05,Hemiptera
3269,3846.6307678222656,2488.2910232543945,3924.250213623047,2521.3063201904297,4.3109113903483376e-05,Hemiptera
3270,3082.0538940429688,2069.3248291015625,3196.3082275390625,2099.9760131835938,4.292811718187295e-05,Hemiptera
3271,824.4382019042969,3336.226348876953,900.0,3456.0,4.2768795537995175e-05,Hemiptera
3272,4108.054110586643,557.9680938720703,4127.433807373047,615.5025177001953,4.261392678017728e-05,Hemiptera
3273,2035.4059143066406,473.1737976074219,2100.0,499.9597473144531,4.252522558090277e-05,Hemiptera
3274,2670.7589721679688,1635.3029861450195,2739.9119567871094,1673.734748840332,4.199664181214757e-05,Hemiptera
3275,4004.7401962280273,2667.5126037597656,4033.311450958252,2694.163604736328,4.1905223042704165e-05,Hemiptera
3276,4548.733856201172,1600.0,4607.891998291016,1806.1593933105469,4.136560528422706e-05,Hemiptera
3277,2800,2966.572290420532,2821.741256713867,3045.4045028686523,4.015243030153215e-05,Hemiptera
3278,3188.5408325195312,1825.9017944335938,3210.5216369628906,1846.5822143554688,3.988361277151853e-05,Hemiptera
3279,244.6735382080078,3443.50634765625,359.542236328125,3456.0,3.981323243351653e-05,Hemiptera
3280,2890.3035278320312,1632.200740814209,2899.8997802734375,1704.4979248046875,3.979812754550949e-05,Hemiptera
3281,22.98102378845215,3433.9623107910156,240.07797241210938,3455.9744262695312,3.928151636500843e-05,Hemiptera
3282,0.0,2907.7762603759766,42.088584899902344,2996.9684295654297,3.9254100556718186e-05,Hemiptera
3283,0.0824660062789917,866.754638671875,46.7188835144043,900.0,3.913804539479315e-05,Hemiptera
3284,582.3409729003906,3145.5750732421875,605.5655975341797,3165.2156829833984,3.8669881178066134e-05,Hemiptera
3285,4000,2174.5291900634766,4013.4257020950317,2233.9135131835938,3.8579266401939094e-05,Hemiptera
3286,887.7669677734375,2737.8734741210938,899.8633728027344,2828.0455932617188,3.824858504231088e-05,Hemiptera
3287,1814.6998901367188,202.443359375,1834.3914489746094,227.0047607421875,3.8154448702698573e-05,Hemiptera
3288,4482.096496582031,1625.0701904296875,4499.994079589844,1758.1784973144531,3.812873546849005e-05,Hemiptera
3289,170.8701171875,2956,230.310302734375,2986.64821434021,3.794641816057265e-05,Hemiptera
3290,2982.792984008789,2651.199005126953,3029.3348846435547,2677.6158752441406,3.769043178181164e-05,Hemiptera
3291,4003.4244537353516,832.3208923339844,4025.689088821411,857.1991882324219,3.7604011595249176e-05,Hemiptera
3292,479.19512939453125,2974.843521118164,500.0,3109.242919921875,3.745677167898975e-05,Hemiptera
3293,4234.722564697266,466.7966995239258,4270.271728515625,507.86153411865234,3.732509139808826e-05,Hemiptera
3294,3288.8330993652344,3148.502487182617,3300.0,3236.046356201172,3.7206500564934686e-05,Hemiptera
3295,2522.205665588379,1600,2641.049072265625,1642.642677307129,3.5657034459291026e-05,Hemiptera
3296,4564.884185791016,3316.456024169922,4607.461944580078,3360.6072387695312,3.56260352418758e-05,Hemiptera
3297,4000.142303109169,3021.4588165283203,4028.3083267211914,3086.4991149902344,3.5616794775705785e-05,Hemiptera
3298,4022.8135089874268,779.9101257324219,4050.466682434082,834.0578002929688,3.544902574503794e-05,Hemiptera
3299,4074.231025695801,3451.0867614746094,4121.557167053223,3456.0,3.484349144855514e-05,Hemiptera
3300,3284.327117919922,1680.2208938598633,3299.9925537109375,1768.2398834228516,3.4533662983449176e-05,Hemiptera
3301,2400,1614.8372058868408,2410.0706520080566,1665.1039352416992,3.336008740006946e-05,Hemiptera
3302,4167.397624969482,523.6027984619141,4219.634490966797,544.7842864990234,3.310652027721517e-05,Hemiptera
3303,467.85479736328125,3206.8641662597656,500.0,3456.0,3.3073763916036114e-05,Hemiptera
3304,4401.4210205078125,2813.8816833496094,4439.758056640625,2900.0,3.287509025540203e-05,Hemiptera
3305,4049.136993408203,3231.98388671875,4102.100845336914,3257.9234619140625,3.254686089348979e-05,Hemiptera
3306,4494.466339111328,403.05490493774414,4499.885223388672,480.4088821411133,3.230048605473712e-05,Hemiptera
3307,2000,3020.6863403320312,2022.8510913848877,3092.7661743164062,3.223928069928661e-05,Hemiptera
3308,2028.6982421875,2000.905753672123,2068.3726196289062,2021.8765716552734,3.0881172278895974e-05,Hemiptera
3309,1760.013656616211,2197.1297454833984,1776.1201477050781,2208.8041076660156,3.061912502744235e-05,Hemiptera
3310,4401.213653564453,1706.7418823242188,4431.527587890625,1775.5792083740234,3.0564919143216684e-05,Hemiptera
3311,4010.052267074585,1733.0026550292969,4032.818733215332,1755.557388305664,3.042300886590965e-05,Hemiptera
3312,4486.985198974609,3014.133743286133,4500.0,3114.7752685546875,2.949039298982825e-05,Hemiptera
3313,491.83612060546875,2915.926483154297,499.8243713378906,3001.9405822753906,2.9363212888711132e-05,Hemiptera
3314,356.7430419921875,1298.8274688720703,411.6412048339844,1339.8030395507812,2.9202585210441612e-05,Hemiptera
3315,4087.6864166259766,512.0373229980469,4116.947006225586,544.8934631347656,2.8385720725054853e-05,Hemiptera
3316,4182.009552001953,1853.5088500976562,4211.151611328125,1893.5507202148438,2.8329417546046898e-05,Hemiptera
3317,4000,1093.3083190917969,4052.1337509155273,1141.1125183105469,2.804397990985308e-05,Hemiptera
3318,4000.068837404251,1630.904541015625,4050.754119873047,1672.4819641113281,2.782349292829167e-05,Hemiptera
3319,4485.014251708984,26.704418182373047,4500.0,94.53091430664062,2.7261812647338957e-05,Hemiptera
3320,4166.241485595703,2400.0,4233.364242553711,2414.8310747146606,2.6827396141015925e-05,Hemiptera
3321,4415.988525390625,2985.9225006103516,4440.188415527344,3075.9867553710938,2.6788229661178775e-05,Hemiptera
3322,0.1320868730545044,1308.3396453857422,44.857032775878906,1389.4222564697266,2.652717193996068e-05,Hemiptera
3323,4183.070617675781,1052.2978515625,4242.849945068359,1092.2042236328125,2.639197373355273e-05,Hemiptera
3324,0.0,404.40997314453125,27.140396118164062,500.0,2.632887481013313e-05,Hemiptera
3325,4388.548583984375,1600.0,4471.550628662109,1644.6785469055176,2.5964065571315587e-05,Hemiptera
3326,4561.495513916016,1256.2203178405762,4607.548614501953,1314.9112548828125,2.548039446992334e-05,Hemiptera
3327,488.1520690917969,581.4392547607422,500.0,671.0620727539062,2.535519888624549e-05,Hemiptera
3328,1269.8723754882812,3401.2658081054688,1299.712646484375,3455.4326171875,2.5220993848051876e-05,Hemiptera
3329,4416.275665283203,800,4456.127838134766,836.8217391967773,2.4976996428449638e-05,Hemiptera
3330,0.36716461181640625,3272.8783569335938,52.09113311767578,3328.12744140625,2.4705888790776953e-05,Hemiptera
3331,0.043892860412597656,3300.6261291503906,19.770891189575195,3376.8224182128906,2.463967575749848e-05,Hemiptera
3332,0.0,125.45590209960938,41.60738754272461,193.04830932617188,2.4297574782394804e-05,Hemiptera
3333,4021.8927268981934,1190.880126953125,4084.1371994018555,1223.5641040802002,2.4135963030857965e-05,Hemiptera
3334,4035.5842895507812,524.0604553222656,4065.959831237793,541.1772918701172,2.412063804513309e-05,Hemiptera
3335,4474.328521728516,3120.2484283447266,4499.797882080078,3198.7457275390625,2.4088936697808094e-05,Hemiptera
3336,4108.0,1578.5574645996094,4154.616363525391,1662.1828918457031,2.3937887817737646e-05,Hemiptera
3337,2092.3912048339844,408.547607421875,2099.9359130859375,472.63299560546875,2.377662531216629e-05,Hemiptera
3338,4000.385105609894,749.5048522949219,4046.345085144043,789.7832946777344,2.3559558030683547e-05,Hemiptera
3339,73.97093963623047,3270.0906677246094,142.06349182128906,3300.0,2.321400461369194e-05,Hemiptera
3340,4108.000435113907,2556.095413208008,4116.922407150269,2628.638702392578,2.262181260448415e-05,Hemiptera
3341,83.60016632080078,2270.9595336914062,115.54998016357422,2324.4715576171875,2.2446629373007454e-05,Hemiptera
3342,0.032908469438552856,3348.788330078125,15.937429428100586,3442.9141540527344,2.186854908359237e-05,Hemiptera
3343,921.7635650634766,3412.4873657226562,989.1719818115234,3456.0,2.172843596781604e-05,Hemiptera
3344,311.0904235839844,2559.605758666992,340.24310302734375,2596.981689453125,2.1502839445020072e-05,Hemiptera
3345,0.8225947618484497,762.2178649902344,20.710054397583008,832.0186767578125,2.0828150809393264e-05,Hemiptera
3346,4225.634475708008,104.494384765625,4257.30224609375,136.4615020751953,2.0526062144199386e-05,Hemiptera
3347,4108.411380827427,1423.6093444824219,4131.351387023926,1466.459228515625,2.046072950179223e-05,Hemiptera
3348,4437.522399902344,80.80452728271484,4476.897521972656,109.0845947265625,2.0411556761246175e-05,Hemiptera
3349,4493.817718505859,981.8005065917969,4499.889373779297,1043.7195281982422,1.981174136744812e-05,Hemiptera
3350,0.04156827926635742,2247.2730712890625,30.426618576049805,2338.2804260253906,1.9421828255872242e-05,Hemiptera
3351,4029.840612411499,2077.5579528808594,4074.3912200927734,2100.0,1.934192368935328e-05,Hemiptera
3352,433.7715148925781,2481.375213623047,500.0,2499.92724609375,1.8718086721492e-05,Hemiptera
3353,4111.145253658295,1859.56640625,4133.037223815918,1890.0380249023438,1.8412065401207656e-05,Hemiptera
3354,0.0,2455.7432250976562,44.802223205566406,2500.0,1.8151200492866337e-05,Hemiptera
3355,420.4083557128906,2930.4909057617188,441.4263610839844,2942.2525177001953,1.8105592971551232e-05,Hemiptera
3356,4486.2369384765625,70.29156494140625,4500.0,157.30340576171875,1.7803016817197204e-05,Hemiptera
3357,4493.385406494141,1612.4161357879639,4499.8814697265625,1683.0090026855469,1.741788764775265e-05,Hemiptera
3358,0.1086309552192688,3049.7348403930664,14.943653106689453,3125.9984130859375,1.5894258467596956e-05,Hemiptera
3359,4408.786590576172,2059.3541259765625,4460.163787841797,2099.925506591797,1.4668617950519547e-05,Hemiptera
3360,5.968630313873291,712.3518981933594,53.343265533447266,775.4801025390625,1.4613869097956922e-05,Hemiptera
3361,0.029134750366210938,1798.7485961914062,14.976568222045898,1878.0361633300781,1.3894549738324713e-05,Hemiptera
3362,4292.680267333984,2887.148712158203,4380.120941162109,2899.9207153320312,1.3881053746445104e-05,Hemiptera
3363,490.7919921875,845.2559509277344,499.9510803222656,946.6640472412109,1.3640539691550657e-05,Hemiptera
3364,0.11115074157714844,2047.5409545898438,151.0723876953125,2100.0,1.2923815120302606e-05,Hemiptera
3365,0.4101693630218506,3012.1753997802734,24.242828369140625,3070.423614501953,1.2759358469338622e-05,Hemiptera
3366,113.80644226074219,3094.701385498047,225.07948303222656,3252.8419189453125,1.2740257261611987e-05,Hemiptera
3367,457.7254638671875,2352.2535705566406,494.80328369140625,2388.2786254882812,1.2461344340408687e-05,Hemiptera
3368,488.966552734375,1851.9402465820312,499.8749694824219,1934.9240417480469,1.145959413406672e-05,Hemiptera
3369,382.3509216308594,846.5172729492188,411.7117004394531,860.7973022460938,1.145243822975317e-05,Hemiptera
3370,0,710.0667114257812,13.069332122802734,785.3010559082031,1.1323419130349066e-05,Hemiptera
3371,0.9652227163314819,267.6730041503906,46.00569152832031,335.43768310546875,1.0785759513964877e-05,Hemiptera
3372,126.92742156982422,629.6130218505859,159.86341857910156,699.7474670410156,1.057788267644355e-05,Hemiptera
3373,467.3617248535156,35.49713897705078,499.6218566894531,94.68374633789062,9.028579370351508e-06,Hemiptera
3374,747.1567077636719,2867.582794189453,965.4801635742188,2906.204833984375,0.9110039472579956,Hymenoptera
3375,1191.7447204589844,3092.255889892578,1269.4612121582031,3400.9498291015625,0.679724931716919,Hymenoptera
3376,565.684814453125,2662.7838439941406,593.7661437988281,2699.2771911621094,0.08465651422739029,Hymenoptera
3377,2751.4948120117188,2287.423126220703,2783.3915405273438,2309.0313110351562,0.07832758128643036,Hymenoptera
3378,336.6064453125,1678.6330261230469,492.8056335449219,1700.0,0.02373218908905983,Hymenoptera
3379,451.10626220703125,2273.731231689453,500.0,2500.0,0.008977415971457958,Hymenoptera
3380,4343.092712402344,3368.06005859375,4567.3155517578125,3456.0,0.00392204849049449,Hymenoptera
3381,2463.495880126953,2166.9965209960938,2500.0,2421.8363647460938,0.0032513367477804422,Hymenoptera
3382,3106.5973205566406,2402.114288330078,3300.0,2500.0,0.0027129396330565214,Hymenoptera
3383,2058.4296264648438,2054.6925048828125,2100.0,2452.9588317871094,0.0020532060880213976,Hymenoptera
3384,2653.4879760742188,3415.841827392578,3007.5464477539062,3456.0,0.0018840741831809282,Hymenoptera
3385,94.60786437988281,3438.7581481933594,438.4514465332031,3456.0,0.0016210922040045261,Hymenoptera
3386,2178.6376953125,1991.057861328125,2403.7546997070312,2099.9913330078125,0.001455186982639134,Hymenoptera
3387,2861.2103576660156,2693.6990356445312,2900.0,2900.0,0.001382616930641234,Hymenoptera
3388,3662.0943908691406,682.4690856933594,3700.0,868.2504577636719,0.0012971366522833705,Hymenoptera
3389,2170.8572387695312,3278.5947875976562,2380.844207763672,3300.0,0.0010324110044166446,Hymenoptera
3390,3895.562774658203,396.3310852050781,3918.3344116210938,408.3296813964844,0.0010059993946924806,Hymenoptera
3391,2000.0,2315.59765625,2162.0970764160156,2500.0,0.0008284689974971116,Hymenoptera
3392,2400.0027880072594,1649.3361587524414,2436.474853515625,1739.2251892089844,0.0006938265869393945,Hymenoptera
3393,296.99090576171875,2400.0,500.0,2528.2173614501953,0.0006763699348084629,Hymenoptera
3394,2450.08740234375,3419.6190490722656,2808.7733154296875,3456.0,0.0006615375750698149,Hymenoptera
3395,4100.963851928711,482.609375,4167.683670043945,499.9787292480469,0.0006443553138524294,Hymenoptera
3396,285.68096923828125,1287.3041076660156,498.957763671875,1300.0,0.0006312521873041987,Hymenoptera
3397,440.99755096435547,2485.09765625,626.8284301757812,2500.0,0.0006127802771516144,Hymenoptera
3398,1928.7877502441406,2889.3364868164062,2004.9410400390625,2899.9249572753906,0.0005632480606436729,Hymenoptera
3399,4556.507781982422,1214.2991781234741,4608.0,1491.12158203125,0.0005485644796863198,Hymenoptera
3400,2291.090118408203,2471.3010864257812,2500.0,2499.9864501953125,0.0005484167486429214,Hymenoptera
3401,305.7188415527344,3363.037353515625,549.8306427001953,3456.0,0.0005268026143312454,Hymenoptera
3402,3137.541259765625,3435.5662536621094,3359.9114379882812,3456.0,0.0004682383732870221,Hymenoptera
3403,2436.184326171875,1992.7069091796875,2500.0,2277.814727783203,0.0004531470185611397,Hymenoptera
3404,1770.4984130859375,2021.7958068847656,2004.3525695800781,2100.0,0.0004385885549709201,Hymenoptera
3405,4000.017148256302,2453.87398147583,4018.154993057251,2515.5887451171875,0.00041598043753765523,Hymenoptera
3406,4591.6478271484375,2995.760467529297,4608.0,3163.913299560547,0.00037832779344171286,Hymenoptera
3407,2000.0,2646.551803588867,2021.0658893585205,2723.5487060546875,0.00035318679874762893,Hymenoptera
3408,1200.0,3274.730010986328,1295.256950378418,3299.684326171875,0.0003439504362177104,Hymenoptera
3409,2054.8502502441406,2326.7872314453125,2100.0,2499.94873046875,0.0003365610900800675,Hymenoptera
3410,977.0389099121094,3436.3026123046875,1364.7993469238281,3456.0,0.0003101160691585392,Hymenoptera
3411,4592.154327392578,2299.76611328125,4608.0,2420.0787048339844,0.00028384895995259285,Hymenoptera
3412,4561.740203857422,3236.986541748047,4608.0,3314.2526245117188,0.0002832261670846492,Hymenoptera
3413,4448.304412841797,3370.1084594726562,4608.0,3456.0,0.0002747057005763054,Hymenoptera
3414,4590.118713378906,3088.0279083251953,4608.0,3244.544891357422,0.00027008872712031007,Hymenoptera
3415,2854.0312271118164,3440.2188720703125,3075.5430603027344,3456.0,0.00026917230570688844,Hymenoptera
3416,4596.685516357422,2187.0416870117188,4607.993957519531,2314.8727416992188,0.0002604328910820186,Hymenoptera
3417,4108.0,3437.681121826172,4350.760223388672,3456.0,0.0002537440450396389,Hymenoptera
3418,800.0,486.1585693359375,921.3521118164062,500.0,0.000244229770032689,Hymenoptera
3419,253.23876953125,479.74176025390625,450.9956970214844,500.0,0.00023506318393629044,Hymenoptera
3420,2400.0,2826.177490234375,2411.8457412719727,2924.1137771606445,0.0002264393406221643,Hymenoptera
3421,2392.0286254882812,730.0380554199219,2428.376495361328,773.2563171386719,0.0002183159376727417,Hymenoptera
3422,820.0097961425781,2480.862335205078,900.0,2500.0,0.00021784268028568476,Hymenoptera
3423,4594.3037109375,2611.9524536132812,4608.0,2792.807830810547,0.00021609874966088682,Hymenoptera
3424,4594.306182861328,3255.004638671875,4608.0,3388.1012573242188,0.00021599163301289082,Hymenoptera
3425,1546.2289428710938,3426.6380310058594,1873.4418029785156,3456.0,0.00019568570132832974,Hymenoptera
3426,2400.0078707933426,1870.0857543945312,2406.955470085144,1938.6176452636719,0.00017082765407394618,Hymenoptera
3427,2400.016203522682,1341.250991821289,2406.8279309272766,1414.7398681640625,0.00017028852016665041,Hymenoptera
3428,2194.2455291748047,625.4229583740234,2204.814437866211,638.8820190429688,0.0001700895809335634,Hymenoptera
3429,4600.501251220703,2383.7409057617188,4607.925598144531,2465.902130126953,0.0001485928805777803,Hymenoptera
3430,2400.0,3397.6026000976562,2621.900360107422,3456.0,0.00014692527474835515,Hymenoptera
3431,146.52598571777344,3448.2117309570312,258.2940979003906,3456.0,0.00014443729014601558,Hymenoptera
3432,1200.0,3427.36279296875,1510.6920166015625,3456.0,0.00013591989409178495,Hymenoptera
3433,0.0,3421.7733764648438,185.36598205566406,3456.0,0.00012820436677429825,Hymenoptera
3434,4596.2349853515625,2686.0599975585938,4608.0,2828.5806579589844,0.0001256577525055036,Hymenoptera
3435,4467.734283447266,915.9780502319336,4499.899993896484,1142.2164001464844,0.00011940633703488857,Hymenoptera
3436,2400.0,1957.3824462890625,2430.094659805298,2100.0,0.000109652362880297,Hymenoptera
3437,0.0,1662.6899719238281,223.26702880859375,1700.0,0.00010930389544228092,Hymenoptera
3438,3365.6007232666016,3428.3968505859375,3645.821563720703,3456.0,0.00010671198833733797,Hymenoptera
3439,0.0,3248.1942749023438,241.0847625732422,3300.0,0.00010391939576948062,Hymenoptera
3440,4596.777008056641,2967.120651245117,4607.950225830078,3084.0718383789062,9.855395910562947e-05,Hymenoptera
3441,2364.799346923828,3402.0008544921875,2500.0,3456.0,9.810220944928005e-05,Hymenoptera
3442,4479.323669433594,0.0,4608.0,139.19627380371094,9.592013520887122e-05,Hymenoptera
3443,272.3160705566406,3440.1592712402344,488.5226135253906,3456.0,9.503072942607105e-05,Hymenoptera
3444,4240.480941772461,1665.7301025390625,4460.915344238281,1699.9635620117188,8.948046888690442e-05,Hymenoptera
3445,2138.7256927490234,3444.2561645507812,2233.430191040039,3455.978057861328,8.886288560461253e-05,Hymenoptera
3446,4599.014587402344,592.3403930664062,4607.906311035156,738.3797607421875,8.37049083202146e-05,Hymenoptera
3447,3644.778778076172,3432.3885498046875,3861.5396118164062,3456.0,8.349460404133424e-05,Hymenoptera
3448,2373.0200805664062,2186.5554809570312,2454.2997436523438,2387.4368591308594,8.340794738614932e-05,Hymenoptera
3449,2423.022705078125,1276.7300109863281,2500.0,1547.3583374023438,8.154234092216939e-05,Hymenoptera
3450,4552.848052978516,0,4607.812896728516,99.15655517578125,7.862045458750799e-05,Hymenoptera
3451,2427.733850479126,2039.2453308105469,2656.2457885742188,2100.0,7.691956125199795e-05,Hymenoptera
3452,0.0,2868.6968688964844,241.9907989501953,2900.0,7.495722093153745e-05,Hymenoptera
3453,2845.4948196411133,1678.3896789550781,3047.663070678711,1700.0,7.42171541787684e-05,Hymenoptera
3454,4591.448272705078,2762.308563232422,4608.0,2900.0,7.369309605564922e-05,Hymenoptera
3455,4594.838806152344,1425.1663665771484,4608.0,1541.0566711425781,7.357435970334336e-05,Hymenoptera
3456,0.0,445.6650695800781,192.390869140625,500.0,7.070996798574924e-05,Hymenoptera
3457,4558.647155761719,2838.52197265625,4608.0,2900.0,7.069418643368408e-05,Hymenoptera
3458,400.0,3440.144317626953,651.9034423828125,3456.0,6.976789882173762e-05,Hymenoptera
3459,0.08882246911525726,1600.0,21.099424362182617,1672.0269165039062,6.973112613195553e-05,Hymenoptera
3460,4588.564697265625,3160.8507690429688,4608.0,3275.4031982421875,6.968465459067374e-05,Hymenoptera
3461,2857.218017578125,1600.0,2899.9964294433594,1649.0035781860352,6.873461097711697e-05,Hymenoptera
3462,4373.968994140625,2882.5234375,4577.584564208984,2900.0,6.83269536239095e-05,Hymenoptera
3463,0.0,0.0004857778549194336,73.80169677734375,9.103248596191406,6.499896699097008e-05,Hymenoptera
3464,748.1741333007812,3401.8245239257812,900.0,3456.0,6.476873386418447e-05,Hymenoptera
3465,572.9429321289062,3424.633026123047,810.5863647460938,3456.0,6.287313590291888e-05,Hymenoptera
3466,1330.6529998779297,3438.0443115234375,1593.8649291992188,3456.0,6.133675196906552e-05,Hymenoptera
3467,4601.3802490234375,2895.6403045654297,4607.945739746094,3019.0735626220703,6.11830546404235e-05,Hymenoptera
3468,156.7213134765625,2881.9378967285156,354.3129577636719,2900.0,5.704962313757278e-05,Hymenoptera
3469,4594.569152832031,545.2750244140625,4608.0,649.9796905517578,5.527086977963336e-05,Hymenoptera
3470,0.0,2050.664031982422,237.4674835205078,2100.0,5.5042910389602184e-05,Hymenoptera
3471,800,3436.9835510253906,1011.7619934082031,3456.0,5.4787189583294094e-05,Hymenoptera
3472,4600.226135253906,3367.4153747558594,4607.997039794922,3434.1687622070312,5.377201159717515e-05,Hymenoptera
3473,4601.484344482422,2827.62117767334,4607.9344482421875,2905.1231842041016,5.341344149201177e-05,Hymenoptera
3474,800,2677.9891052246094,812.8618125915527,2742.4636840820312,4.749300569528714e-05,Hymenoptera
3475,2014.8539905548096,3442.3696899414062,2117.717933654785,3455.973876953125,4.538544453680515e-05,Hymenoptera
3476,918.3768768310547,3437.991241455078,1142.1032104492188,3456.0,4.480703137232922e-05,Hymenoptera
3477,4587.265411376953,146.52049255371094,4608.0,258.93817138671875,4.4426487875171006e-05,Hymenoptera
3478,4108.0,3151.7501831054688,4118.883512496948,3206.790267944336,4.3642674427246675e-05,Hymenoptera
3479,4594.485870361328,2494.801399230957,4608.0,2628.2920837402344,4.2933686927426606e-05,Hymenoptera
3480,4490.438323974609,1581.0551452636719,4608.0,1736.5323028564453,4.255654494045302e-05,Hymenoptera
3481,3694.391632080078,2486.735908508301,3699.9849243164062,2551.72509765625,4.2223851778544486e-05,Hymenoptera
3482,4293.016571044922,3442.7355346679688,4420.044342041016,3456.0,4.1647148464107886e-05,Hymenoptera
3483,3664.741455078125,3418.954559326172,3700.0,3456.0,4.088077548658475e-05,Hymenoptera
3484,1600,2644.684127807617,1611.4331130981445,2726.4248046875,3.912255851901136e-05,Hymenoptera
3485,4537.023254394531,3288.8289489746094,4608.0,3300.0,3.8213838706724346e-05,Hymenoptera
3486,4000.06016343832,188.2363739013672,4013.1857318878174,231.89044189453125,3.8177524402271956e-05,Hymenoptera
3487,3265.5262908935547,3436.675994873047,3411.1275939941406,3455.935821533203,3.7630055885529146e-05,Hymenoptera
3488,0.0,3258.298583984375,44.6493034362793,3300.0,3.510574606480077e-05,Hymenoptera
3489,0.0,870.6809387207031,41.17235565185547,900.0,3.477318387012929e-05,Hymenoptera
3490,0,2453.6944885253906,38.49979782104492,2500.0,3.356371234986e-05,Hymenoptera
3491,2400,2077.5272216796875,2425.760534286499,2099.9742431640625,3.350675251567736e-05,Hymenoptera
3492,4588.534515380859,1926.9752502441406,4607.903045654297,2002.8554077148438,3.225573163945228e-05,Hymenoptera
3493,4601.388641357422,2885.5982055664062,4607.91455078125,2962.974365234375,3.220409416826442e-05,Hymenoptera
3494,0.07461607456207275,3377.2786254882812,7.907120704650879,3432.2272338867188,2.8814110919483937e-05,Hymenoptera
3495,0.0,1286.2048034667969,85.94682312011719,1300.0,2.8411721359589137e-05,Hymenoptera
3496,4579.190887451172,2052.622039794922,4608.0,2100.0,2.8083641154807992e-05,Hymenoptera
3497,4601.9866943359375,233.74429321289062,4607.912658691406,311.8447265625,2.782028059300501e-05,Hymenoptera
3498,3200,3419.1663208007812,3257.2444190979004,3455.9674682617188,2.7695125027094036e-05,Hymenoptera
3499,4596.460723876953,106.22794342041016,4607.933441162109,182.669921875,2.73716141236946e-05,Hymenoptera
3500,0.0171758234500885,3261.4767150878906,8.667752265930176,3327.67822265625,2.362721716053784e-05,Hymenoptera
3501,4465.262878417969,2894.982147216797,4500.0,3079.765899658203,2.3293418053071946e-05,Hymenoptera
3502,4591.49755859375,1882.7848815917969,4608.0,1958.4068908691406,2.3000453438726254e-05,Hymenoptera
3503,4541.882568359375,950.4539489746094,4605.218933105469,1205.9055786132812,2.1051702788099647e-05,Hymenoptera
3504,4601.558013916016,816.9124717712402,4607.917419433594,887.624267578125,2.068300273094792e-05,Hymenoptera
3505,38.85276412963867,3446.4216918945312,119.57850646972656,3456.0,1.9544104361557402e-05,Hymenoptera
3506,4601.731018066406,1611.8179082870483,4607.888702392578,1695.8983306884766,1.810887442843523e-05,Hymenoptera
3507,4490.6866455078125,1656.9622383117676,4499.938537597656,1732.095718383789,1.7630109141464345e-05,Hymenoptera
3508,4591.084777832031,1748.0146484375,4608.0,1846.7483215332031,1.7222026144736446e-05,Hymenoptera
3509,4590.477081298828,1980.0122375488281,4607.994384765625,2068.2864990234375,1.5728470316389576e-05,Hymenoptera
3510,195.1702117919922,2800.3490567207336,347.164306640625,2884.951919555664,1.567028994031716e-05,Hymenoptera
3511,429.1922607421875,892.7932739257812,500.0,900.0,1.5010498827905394e-05,Hymenoptera
3512,477.4414978027344,858.400634765625,499.9722595214844,900.0,1.3685075828107074e-05,Hymenoptera
3513,4433.311340332031,1600.0175684690475,4490.396942138672,1632.3046379089355,1.3429526916297618e-05,Hymenoptera
3514,8.005062103271484,1613.3431253433228,40.24672317504883,1665.8796768188477,1.156392136181239e-05,Hymenoptera
3515,0.0,135.42276000976562,16.921619415283203,204.66355895996094,9.929221050697379e-06,Hymenoptera
3516,1551.0589599609375,3129.1190643310547,1691.4813842773438,3255.423309326172,0.020593469962477684,Isoptera
3517,2871.4946899414062,176.19383239746094,2899.785430908203,211.07638549804688,0.009441906586289406,Isoptera
3518,1960.0137329101562,1568.1455993652344,2095.2085189819336,1690.027488708496,0.00412049749866128,Isoptera
3519,3182.5675354003906,1200.0,3232.710750579834,1396.4630889892578,0.0029663750901818275,Isoptera
3520,3600.0,56.10647201538086,3642.87198638916,235.2212371826172,0.002902905223891139,Isoptera
3521,2400.0693887472153,730.2325134277344,2427.934383392334,767.3148193359375,0.0022259100805968046,Isoptera
3522,3773.30078125,557.5930786132812,4249.51513671875,2549.28125,0.00208607641980052,Isoptera
3523,4015.7453594207764,2000.0,4209.589767456055,2232.0323028564453,0.0009232236770913005,Isoptera
3524,3973.5742797851562,2956.018125772476,4145.397445678711,3117.1534423828125,0.0008951766649261117,Isoptera
3525,4069.177963256836,168.56375122070312,4256.959503173828,445.3326110839844,0.0008579129935242236,Isoptera
3526,4030.1497497558594,37.55693435668945,4100.0,313.2879333496094,0.0008393446914851665,Isoptera
3527,3793.6458282470703,400.0,3989.583984375,438.3794937133789,0.0007837916491553187,Isoptera
3528,3600.0,160.76641845703125,3634.797466278076,390.6021728515625,0.0006747349398210645,Isoptera
3529,4000.0,47.854305267333984,4087.0491943359375,333.75048828125,0.0006314037600532174,Isoptera
3530,4000.006127357483,2823.286294937134,4025.034273147583,3004.480194091797,0.0006048217765055597,Isoptera
3531,2800.0,2996.6528244018555,2889.4526138305664,3278.5205688476562,0.0005044796853326261,Isoptera
3532,3594.8603515625,400.0,3768.16943359375,598.4261932373047,0.0005042280536144972,Isoptera
3533,3140.6075439453125,1600.0,3314.331962585449,1652.733242034912,0.000496752851177007,Isoptera
3534,2000,1314.5432739257812,2010.629358291626,1356.3467712402344,0.000492968363687396,Isoptera
3535,3788.9722900390625,2000.0,4059.189422607422,2078.775146484375,0.0004914072342216969,Isoptera
3536,3904.7750549316406,2400.0,4100.0,2681.949462890625,0.0004861789057031274,Isoptera
3537,3646.3421325683594,1600.0,3835.5225372314453,1680.3930282592773,0.00047631541383452713,Isoptera
3538,4012.664318084717,800.0,4314.007904052734,863.8909950256348,0.0004602644476108253,Isoptera
3539,3341.8360748291016,1200,3490.353485107422,1220.2070293426514,0.0004480411298573017,Isoptera
3540,4003.106689453125,2400.0,4309.949645996094,2521.82373046875,0.00042154593393206596,Isoptera
3541,852.5439987182617,2875.542266845703,907.5745544433594,2900.0,0.0004081843653693795,Isoptera
3542,3895.775848388672,400.0,4105.052375793457,469.735107421875,0.0003943704650737345,Isoptera
3543,4000.0,2219.194320678711,4029.6205310821533,2500.0,0.00039137768908403814,Isoptera
3544,4005.0692677497864,400.0,4216.063934326172,434.93424224853516,0.00037139462074264884,Isoptera
3545,3641.0960693359375,800.0,3842.1368408203125,866.3514251708984,0.00035815074807032943,Isoptera
3546,4000.0,425.20060539245605,4089.7760009765625,812.8571166992188,0.00035730734816752374,Isoptera
3547,4000.0,2933.662628173828,4057.8929290771484,3233.2860412597656,0.000345701293554157,Isoptera
3548,3930.7058715820312,1949.2435913085938,4099.947532653809,2186.443405151367,0.0003417246334720403,Isoptera
3549,2000.0,1552.8030395507812,2053.548858642578,1624.4385681152344,0.0003265851701144129,Isoptera
3550,3646.5064086914062,400.8785903453827,3700.0,492.45519256591797,0.0003246840205974877,Isoptera
3551,1200.0116005539894,1126.9584045410156,1210.7620267868042,1149.6631469726562,0.00031739132828079164,Isoptera
3552,4108.0,2400.0,4208.221702575684,2715.344940185547,0.0003037569113075733,Isoptera
3553,4042.6464309692383,2000.0,4340.524810791016,2112.251754760742,0.00029905844712629914,Isoptera
3554,4108.0,47.907161712646484,4178.60710144043,307.9518737792969,0.0002632122195791453,Isoptera
3555,4108.0,461.53123474121094,4150.794208526611,773.7366333007812,0.0002591723168734461,Isoptera
3556,3630.0113563537598,1600.0,3758.385955810547,1684.118179321289,0.0002580297878012061,Isoptera
3557,3641.317169189453,2800.0,3700.0,2996.243942260742,0.0002572729135863483,Isoptera
3558,2925.7278213500977,674.2471923828125,2983.8455505371094,728.011962890625,0.0002546579926274717,Isoptera
3559,2860.84130859375,2057.0578804016113,2899.8092041015625,2321.3554077148438,0.00021563503833021969,Isoptera
3560,3006.523468017578,1200.0,3220.5184020996094,1222.2051410675049,0.00021477077098097652,Isoptera
3561,3684.818260192871,1200.0,3868.3562622070312,1224.5454750061035,0.00021368471789173782,Isoptera
3562,4000.0,1583.6982421875,4100.0,1862.27783203125,0.00021364235726650804,Isoptera
3563,4010.3989305496216,2794.2454833984375,4080.77197265625,2835.9521484375,0.00021351099712774158,Isoptera
3564,4000,1518.234375,4044.4625244140625,1700.0,0.0002112559595843777,Isoptera
3565,4000.0,1100.0856323242188,4064.2643127441406,1469.4350891113281,0.00020697271975222975,Isoptera
3566,974.6067962646484,2400.0,1143.4847717285156,2429.3034858703613,0.00020269452943466604,Isoptera
3567,3665.1180419921875,1728.9382019042969,3700.0,2003.9354858398438,0.00019887284724973142,Isoptera
3568,4000.0,288.0738220214844,4068.8797454833984,500.0,0.00019656236690934747,Isoptera
3569,2400.0,1288.2397384643555,2427.1873416900635,1385.1233215332031,0.00019474071450531483,Isoptera
3570,393.94384765625,1821.713638305664,500.0,2084.1119689941406,0.00019335730758029968,Isoptera
3571,3801.6708374023438,800.0,3990.5655517578125,856.2555541992188,0.00018987937073688954,Isoptera
3572,4000.0452041625977,1200.0992327928543,4156.122451782227,1283.7831954956055,0.00018808145250659436,Isoptera
3573,1559.4290771484375,3158.488571166992,1639.0270690917969,3242.0731506347656,0.00018466636538505554,Isoptera
3574,4000.0,193.6090850830078,4042.5443420410156,364.0296936035156,0.00018342236580792814,Isoptera
3575,2000.0,2956.0,2100.0,3012.416332244873,0.0001727165945339948,Isoptera
3576,4108,1073.728759765625,4153.182697296143,1264.919189453125,0.00017004742403514683,Isoptera
3577,2400,1646.0795288085938,2448.4131813049316,1700.0,0.00016683927970007062,Isoptera
3578,4108.0,932.5069580078125,4144.584278106689,1152.9154663085938,0.000165736346389167,Isoptera
3579,4038.170135498047,3092.5596618652344,4100.0,3356.2709350585938,0.00016273499932140112,Isoptera
3580,3258.372833251953,186.52259826660156,3300.0,420.75128173828125,0.0001554619229864329,Isoptera
3581,3729.9467163085938,2956.0,3940.57666015625,2986.0122356414795,0.00014985869347583503,Isoptera
3582,4000.0,331.0850524902344,4035.4988975524902,625.2569885253906,0.00014648030628450215,Isoptera
3583,4108.0,1758.7879028320312,4174.274627685547,2138.3662872314453,0.00014630511577706784,Isoptera
3584,4081.1842041015625,400,4099.934387207031,538.0898284912109,0.00014463809202425182,Isoptera
3585,466.77748107910156,950.4169769287109,493.6475830078125,978.5615539550781,0.0001354578707832843,Isoptera
3586,4037.3054275512695,2897.444725036621,4204.497116088867,3247.5516662597656,0.000134834015625529,Isoptera
3587,4000.0,1300.887107849121,4024.200626373291,1488.65087890625,0.00013192456390243024,Isoptera
3588,2164.7154083251953,400,2357.2334899902344,428.9586715698242,0.0001315090776188299,Isoptera
3589,1200,3230.5921630859375,1224.1452655792236,3297.482666015625,0.00012860413698945194,Isoptera
3590,4000.0,619.9568328857422,4040.3018493652344,858.6328430175781,0.00012397838872857392,Isoptera
3591,3823.332077026367,1200,3991.5851135253906,1217.150650024414,0.00011499015818117186,Isoptera
3592,4060.3230590820312,1200,4099.982940673828,1319.5206985473633,0.00011327747051836923,Isoptera
3593,4000.0,2956.0,4178.4320068359375,3006.2725677490234,0.00010980324441334233,Isoptera
3594,4108.0,2644.950912475586,4192.5832443237305,2900.0,0.00010478550393600017,Isoptera
3595,3933.562530517578,1200.125715136528,4094.7106018066406,1241.9091911315918,0.00010362984903622419,Isoptera
3596,3119.1239318847656,2800,3267.6434020996094,2828.921398162842,0.00010342520545236766,Isoptera
3597,1200,2792.7509155273438,1211.8780250549316,2825.6897888183594,0.00010173134796787053,Isoptera
3598,3661.8939819335938,2631.720489501953,3700.0,2752.8865966796875,0.00010005197691498324,Isoptera
3599,3913.823699951172,2956,4054.1929321289062,2973.0960941314697,9.906890772981569e-05,Isoptera
3600,3801.5631256103516,2400,3944.6517944335938,2423.920551300049,9.787142334971577e-05,Isoptera
3601,2441.661163330078,1033.085205078125,2500.0,1272.70068359375,9.757461521076038e-05,Isoptera
3602,4000.0,919.8475494384766,4058.258014678955,1178.4215393066406,9.685912664281204e-05,Isoptera
3603,4000.005269050598,1739.4541625976562,4100.0,1985.4107055664062,9.43129271036014e-05,Isoptera
3604,3671.3804321289062,2070.3243713378906,3700.0,2360.7537841796875,9.219816274708137e-05,Isoptera
3605,2800,1325.0183944702148,2839.4932823181152,1529.2808532714844,9.176669846056029e-05,Isoptera
3606,4108.0,2000.0,4195.5039138793945,2125.2190704345703,9.08956935745664e-05,Isoptera
3607,3200.0,3081.5767364501953,3283.248016357422,3345.132598876953,8.769588021095842e-05,Isoptera
3608,4180.592964172363,935.5313568115234,4231.99845123291,985.2701873779297,8.485424041282386e-05,Isoptera
3609,4050.98197555542,1200.0133752822876,4244.8546142578125,1251.5143394470215,8.245012577390298e-05,Isoptera
3610,565.4864044189453,2662.920196533203,593.9889221191406,2698.5308532714844,8.1419333582744e-05,Isoptera
3611,2800,1600,3025.9847106933594,1631.3667469024658,7.650419865967706e-05,Isoptera
3612,4081.2811889648438,1305.2999114990234,4099.972808837891,1517.472900390625,7.556085620308295e-05,Isoptera
3613,4108,685.6997985839844,4126.203964233398,900.0,7.341197488131002e-05,Isoptera
3614,4178.341323852539,912.715217590332,4217.419540405273,934.2614898681641,7.260534766828641e-05,Isoptera
3615,3244.347137451172,2400,3299.734832763672,2449.409336090088,7.039643969619647e-05,Isoptera
3616,4000,2022.7831363677979,4021.6553478240967,2178.7515563964844,6.709800800308585e-05,Isoptera
3617,3600.0,1777.682357788086,3629.187656402588,1998.6198425292969,6.652751471847296e-05,Isoptera
3618,4108.0,1228.287338256836,4153.023048400879,1500.2832946777344,6.615495658479631e-05,Isoptera
3619,4108.0,400.0,4249.521026611328,474.1560974121094,6.55569092486985e-05,Isoptera
3620,3252.9048461914062,1274.8355865478516,3299.9671325683594,1466.3358459472656,6.389899499481544e-05,Isoptera
3621,2400,2813.7866134643555,2456.781494140625,2978.9395751953125,6.161962664918974e-05,Isoptera
3622,876.4425354003906,1354.4319152832031,900.0,1573.9289245605469,5.9666352171916515e-05,Isoptera
3623,3669.50830078125,3065.993453979492,3700.0,3286.0933837890625,5.6508979469072074e-05,Isoptera
3624,3605.937075614929,2000.0137269496918,3759.576950073242,2053.825355529785,5.641744064632803e-05,Isoptera
3625,4000,2400.054532289505,4140.892654418945,2440.864730834961,5.332966611604206e-05,Isoptera
3626,4000,1934.3494262695312,4028.2050914764404,2100.0,5.0529997679404914e-05,Isoptera
3627,400.51877349615097,2842.1302070617676,424.06896781921387,2876.843521118164,4.725942562799901e-05,Isoptera
3628,4000.0,802.2524833679199,4036.7874603271484,921.8823699951172,4.694271774496883e-05,Isoptera
3629,467.0132369995117,2400,611.5054168701172,2419.6017265319824,4.477786205825396e-05,Isoptera
3630,2400.559589266777,2188.6031799316406,2432.2496070861816,2218.555374145508,4.138840813538991e-05,Isoptera
3631,4031.4499855041504,630.5532989501953,4088.061965942383,839.1655578613281,4.0909792005550116e-05,Isoptera
3632,4015.9053325653076,1638.2565002441406,4243.295028686523,1699.9990539550781,4.0489878301741555e-05,Isoptera
3633,2978.3250885009766,2956.0332057476044,3147.606475830078,2974.8050899505615,4.0220682421932e-05,Isoptera
3634,4108,477.50089263916016,4152.839008331299,605.9312133789062,3.948319499613717e-05,Isoptera
3635,4092.2008056640625,2151.2794189453125,4248.591094970703,2379.2848205566406,3.927417128579691e-05,Isoptera
3636,4161.507648468018,2268.31640625,4237.347061157227,2500.0,3.819358244072646e-05,Isoptera
3637,3626.7751274108887,2956,3805.207733154297,2974.1487407684326,3.6860154068563133e-05,Isoptera
3638,4108,1428.886459350586,4145.114253997803,1584.1317749023438,3.4442786272848025e-05,Isoptera
3639,4000.0,1758.3663482666016,4020.84810256958,1994.2237854003906,3.366449527675286e-05,Isoptera
3640,4094.502861022949,1600.0,4195.063858032227,1794.2327575683594,1.884825724118855e-05,Isoptera
3641,461.77581787109375,2000.7850050926208,499.97564697265625,2114.309356689453,1.5079855074873194e-05,Isoptera
3642,1621.6944580078125,22.616958618164062,4500.0,1585.865478515625,0.8922945261001587,Lepidoptera
3643,815.4720458984375,431.4012451171875,4340.70556640625,3447.826904296875,0.8352310657501221,Lepidoptera
3644,2233.614013671875,349.3983459472656,4311.97607421875,1828.70458984375,0.8156026601791382,Lepidoptera
3645,673.565185546875,2371.176513671875,4608.0,3456.0,0.7692893743515015,Lepidoptera
3646,889.1982421875,41.00465774536133,3700.59521484375,1338.1453857421875,0.7635464072227478,Lepidoptera
3647,1446.024169921875,388.1248779296875,3688.336181640625,1204.11865234375,0.7606694102287292,Lepidoptera
3648,4000.0,2000.0,4349.753814697266,2569.791793823242,0.7512420415878296,Lepidoptera
3649,858.958984375,1266.063720703125,4171.22021484375,3456.0,0.7351255416870117,Lepidoptera
3650,2720.808837890625,738.80517578125,4160.063430786133,1752.963623046875,0.6994556784629822,Lepidoptera
3651,3905.2171325683594,1200.0,4470.1961669921875,1793.91455078125,0.6979879140853882,Lepidoptera
3652,898.3350830078125,736.4115600585938,3700.0,2500.0,0.6946144104003906,Lepidoptera
3653,238.0754852294922,277.0406494140625,3198.20361328125,1881.3370361328125,0.6899010539054871,Lepidoptera
3654,2650.201904296875,782.7347412109375,3870.620849609375,1700.0,0.686696469783783,Lepidoptera
3655,4000.0,1600.0,4470.899841308594,2137.1668090820312,0.6796855330467224,Lepidoptera
3656,3600.0,77.83403015136719,4100.0,500.0,0.6775820255279541,Lepidoptera
3657,2662.894775390625,1144.41259765625,3394.6530151367188,2099.8939514160156,0.6637393832206726,Lepidoptera
3658,1399.677978515625,1058.52587890625,3300.0,1733.2227783203125,0.6630846261978149,Lepidoptera
3659,3185.23828125,2400.0,4206.99560546875,3067.53662109375,0.6606954336166382,Lepidoptera
3660,3600.0,1600.0,4186.820541381836,2192.8933868408203,0.6570376753807068,Lepidoptera
3661,3600.0,2400.0,4100.0,2900.0,0.641258180141449,Lepidoptera
3662,2145.2041015625,405.96561431884766,3516.37939453125,1196.8948974609375,0.636566162109375,Lepidoptera
3663,3600.0,2800.0,4100.0,3456.0,0.6355377435684204,Lepidoptera
3664,2673.679443359375,718.6112060546875,3709.17236328125,1300.0,0.6331181526184082,Lepidoptera
3665,3200.0,64.97895812988281,3731.6991119384766,552.4002685546875,0.6326293349266052,Lepidoptera
3666,3200.0,1600.0,3771.8051147460938,2185.3174896240234,0.6255022287368774,Lepidoptera
3667,3600.0,800.0,4152.860763549805,1300.0,0.6221863031387329,Lepidoptera
3668,4000.0,800.0,4500.0,1300.0,0.6220743656158447,Lepidoptera
3669,707.7814331054688,914.44091796875,2634.278564453125,3340.75439453125,0.6215022802352905,Lepidoptera
3670,4000.0,400.0,4510.910339355469,973.2998199462891,0.6091812252998352,Lepidoptera
3671,1512.838623046875,54.290950775146484,3041.36767578125,692.7543334960938,0.5975570678710938,Lepidoptera
3672,3176.1184692382812,2800.0,3700.0,3456.0,0.5905184149742126,Lepidoptera
3673,3200.0,412.14189529418945,3700.0,900.3454437255859,0.5475978851318359,Lepidoptera
3674,2114.771484375,704.3734130859375,3311.583450317383,1395.0223999023438,0.5420825481414795,Lepidoptera
3675,784.656494140625,928.2060546875,2615.223388671875,2869.097412109375,0.5368053317070007,Lepidoptera
3676,2800.0,1963.6675109863281,3300.0,2500.0,0.5005509853363037,Lepidoptera
3677,3927.9297485351562,2400.0,4467.085174560547,2995.9618072509766,0.49409788846969604,Lepidoptera
3678,1223.648681640625,384.794921875,2500.0,987.4259643554688,0.4904073476791382,Lepidoptera
3679,1288.2198486328125,800.0,3022.86865234375,1593.532958984375,0.4781895577907562,Lepidoptera
3680,400.0,1226.186954498291,900.0,1700.0,0.45499736070632935,Lepidoptera
3681,922.6143188476562,2800.0,2963.35888671875,3456.0,0.450357049703598,Lepidoptera
3682,2400.0,37.07571029663086,2901.7554626464844,569.7195129394531,0.44968870282173157,Lepidoptera
3683,4000.0,2000.0,4480.770446777344,2454.3248291015625,0.44923335313796997,Lepidoptera
3684,3583.777557373047,736.5292358398438,4098.2740478515625,1105.2235107421875,0.4448992908000946,Lepidoptera
3685,2712.8924865722656,2400.0,3300.0,2991.128921508789,0.4354926645755768,Lepidoptera
3686,2400.0,2000.5005359649658,2946.6556243896484,2576.946014404297,0.4338596761226654,Lepidoptera
3687,2313.6322631835938,800.0,2900.0,1334.8463745117188,0.43085768818855286,Lepidoptera
3688,449.05908203125,400.0,1764.3175048828125,938.9983520507812,0.4181116223335266,Lepidoptera
3689,1600.0,51.00016784667969,2192.887908935547,552.2010345458984,0.38593828678131104,Lepidoptera
3690,1200.0,53.922367095947266,1700.0,500.0,0.3626154661178589,Lepidoptera
3691,1288.969482421875,1136.5098876953125,3076.282470703125,1787.1732177734375,0.3553048372268677,Lepidoptera
3692,2000.4169940948486,400.0,2503.2277603149414,692.1538391113281,0.339155375957489,Lepidoptera
3693,2395.356231689453,1200.0,2900.0,1700.0,0.30967143177986145,Lepidoptera
3694,875.8284912109375,1026.6910400390625,2218.744384765625,1556.3199462890625,0.3067953288555145,Lepidoptera
3695,4003.3610582351685,800.0,4513.276550292969,1203.2433471679688,0.2929045259952545,Lepidoptera
3696,1091.649658203125,1547.8885498046875,2170.327392578125,2390.036163330078,0.28506001830101013,Lepidoptera
3697,261.085693359375,736.0797729492188,1743.2021484375,1300.0,0.2732202410697937,Lepidoptera
3698,79.22549438476562,1705.746223449707,590.1061859130859,2147.479446411133,0.2653231620788574,Lepidoptera
3699,1200.0,428.09876251220703,1786.278091430664,936.8230590820312,0.24507610499858856,Lepidoptera
3700,907.0501098632812,2098.650146484375,2585.4403076171875,3253.337677001953,0.2153509110212326,Lepidoptera
3701,0.0,2350.456787109375,2334.2216796875,3408.325439453125,0.20637790858745575,Lepidoptera
3702,3200.0,1202.4059772491455,3651.1658325195312,1700.0,0.19304996728897095,Lepidoptera
3703,1600.0,400.0,2100.0,958.3174285888672,0.18972332775592804,Lepidoptera
3704,0.0,2909.014976501465,2395.403076171875,3428.205322265625,0.18860827386379242,Lepidoptera
3705,3284.770347595215,1236.5168075561523,3765.959930419922,1778.765853881836,0.1853867918252945,Lepidoptera
3706,727.200439453125,2856.3835487365723,2947.4853515625,3453.3984375,0.17457669973373413,Lepidoptera
3707,3296.6156616210938,2000.0,3791.9134674072266,2500.0,0.1715487688779831,Lepidoptera
3708,137.81008911132812,1201.831293106079,546.9521942138672,1700.0,0.17073599994182587,Lepidoptera
3709,1600.0,2777.0232543945312,2159.9217834472656,3380.89013671875,0.15821951627731323,Lepidoptera
3710,2800.0,739.9208679199219,3300.0,1119.5340576171875,0.15752184391021729,Lepidoptera
3711,474.9926071166992,400.0,900.0,900.0,0.13847805559635162,Lepidoptera
3712,455.288818359375,2003.30322265625,2211.937255859375,2836.340087890625,0.13267146050930023,Lepidoptera
3713,2378.602020263672,2792.0672912597656,2893.5159301757812,3253.3665771484375,0.12905727326869965,Lepidoptera
3714,2375.0224609375,400.0,2800.7589416503906,898.7525329589844,0.11484095454216003,Lepidoptera
3715,2800.0,2800.0,3300.0,3300.0,0.11192227154970169,Lepidoptera
3716,1274.6629638671875,1210.9282493591309,2165.73291015625,1908.4664306640625,0.11109820753335953,Lepidoptera
3717,1403.3746337890625,1514.664794921875,3098.848388671875,2106.6650390625,0.10735756903886795,Lepidoptera
3718,400.0,1712.7328720092773,897.2301635742188,2168.489303588867,0.10420224070549011,Lepidoptera
3719,1024.385986328125,729.0913696289062,1606.6270751953125,1380.046646118164,0.10412317514419556,Lepidoptera
3720,1295.6186294555664,863.7864608764648,1700.0,1300.0,0.10314006358385086,Lepidoptera
3721,2000.0219881534576,44.277809143066406,2183.658462524414,375.68621826171875,0.09126477688550949,Lepidoptera
3722,2491.552589416504,800.0,2900.0,1199.5486145019531,0.09017805010080338,Lepidoptera
3723,1200.0,800.0,1700.0,1094.9889526367188,0.08894339203834534,Lepidoptera
3724,961.4388427734375,1184.477783203125,1736.25439453125,1700.0,0.0863928496837616,Lepidoptera
3725,3109.121826171875,2707.7372436523438,3622.952362060547,3081.69140625,0.08512826263904572,Lepidoptera
3726,2400.0,2418.4302101135254,2900.0,2900.0,0.07964425534009933,Lepidoptera
3727,630.204833984375,2377.219207763672,2194.137451171875,2890.2322692871094,0.07015585899353027,Lepidoptera
3728,2801.0151863098145,1157.4472045898438,3377.5045471191406,1460.9148864746094,0.06841002404689789,Lepidoptera
3729,1398.2454833984375,2401.793622970581,2178.31640625,2900.0,0.05922209471464157,Lepidoptera
3730,1506.3632507324219,2267.1753845214844,2099.5237426757812,2645.769073486328,0.05838512256741524,Lepidoptera
3731,400.0,113.22259521484375,898.0013427734375,500.0,0.05558525770902634,Lepidoptera
3732,2000.0,1318.3440704345703,2495.6490478515625,1700.0,0.0538867823779583,Lepidoptera
3733,400.0,2859.849739074707,944.4373321533203,3393.7471923828125,0.05215056613087654,Lepidoptera
3734,897.734130859375,2019.0078964233398,1698.144287109375,2500.0,0.05024068430066109,Lepidoptera
3735,800.0,594.5654449462891,1089.9686584472656,899.9013977050781,0.04963301122188568,Lepidoptera
3736,1200.0,371.1712646484375,1697.7644348144531,700.6255187988281,0.047819893807172775,Lepidoptera
3737,2536.405075073242,2400,2897.5452270507812,2656.3705444335938,0.04387985169887543,Lepidoptera
3738,725.7452697753906,1200.0,1298.2828063964844,1519.8317565917969,0.041175294667482376,Lepidoptera
3739,3600.0,2762.9097290039062,4098.03125,3108.4010009765625,0.04030383750796318,Lepidoptera
3740,430.6842803955078,1744.3486328125,930.6574096679688,2471.2238159179688,0.038911037147045135,Lepidoptera
3741,2800.0,1200.0,3047.8662719726562,1700.0,0.03735918924212456,Lepidoptera
3742,2000.0,1205.4092407226562,2297.5845336914062,1626.7572326660156,0.034447185695171356,Lepidoptera
3743,787.1116638183594,2400.0,1299.1165161132812,2853.3109741210938,0.03401612862944603,Lepidoptera
3744,2400.0,1505.2041625976562,2905.9799041748047,1915.9480590820312,0.033808253705501556,Lepidoptera
3745,2800.0,272.68548583984375,3052.7613372802734,500.0,0.03297928720712662,Lepidoptera
3746,1558.7745361328125,1753.669677734375,2947.1354217529297,2251.83154296875,0.03285112604498863,Lepidoptera
3747,400.0,836.7674331665039,799.5138549804688,1341.1282348632812,0.028359968215227127,Lepidoptera
3748,1600.0,859.6682548522949,2100.0,1300.0,0.026276178658008575,Lepidoptera
3749,3200,800,3587.6769409179688,1079.0774230957031,0.025574948638677597,Lepidoptera
3750,1268.950942993164,1177.6909484863281,1698.0855102539062,1347.006103515625,0.025048281997442245,Lepidoptera
3751,400.0,1600.0,899.5709838867188,2002.9060363769531,0.02237667515873909,Lepidoptera
3752,1686.8201293945312,2524.3782958984375,2142.134002685547,2900.0,0.019351134076714516,Lepidoptera
3753,869.7942733764648,2000.0,1299.9186401367188,2500.0,0.01861734129488468,Lepidoptera
3754,4051.3683471679688,826.8071174621582,4100.0,1002.9222717285156,0.018456105142831802,Lepidoptera
3755,3600.0,1570.9543151855469,4095.4855041503906,1700.0,0.0180928073823452,Lepidoptera
3756,874.6455230712891,71.40679168701172,1351.7536010742188,500.0,0.017620708793401718,Lepidoptera
3757,92.11044311523438,78.1595230102539,495.275390625,445.029052734375,0.017580093815922737,Lepidoptera
3758,1339.8936767578125,1677.7318115234375,2329.614013671875,2500.0,0.017576653510332108,Lepidoptera
3759,68.45326232910156,2000.0,499.7734069824219,2304.5122985839844,0.01738719642162323,Lepidoptera
3760,2803.3262729644775,35.86301803588867,3153.618377685547,495.2398376464844,0.017185097560286522,Lepidoptera
3761,1600.0,400.0,2051.5926818847656,701.5319213867188,0.016292555257678032,Lepidoptera
3762,198.94992065429688,926.06591796875,897.7044982910156,1311.2388381958008,0.014990479685366154,Lepidoptera
3763,2800.0,526.9427337646484,3047.9404907226562,900.0,0.014624050818383694,Lepidoptera
3764,299.6591796875,2818.3996200561523,593.1798400878906,3261.292449951172,0.01384668331593275,Lepidoptera
3765,3200.0,401.3777256011963,3699.078643798828,799.0631408691406,0.013162779621779919,Lepidoptera
3766,1289.2536163330078,1270.0578689575195,2155.759765625,2165.888916015625,0.013152390718460083,Lepidoptera
3767,3200.385546684265,82.2488784790039,3435.669876098633,500.0,0.011434469372034073,Lepidoptera
3768,1578.1087646484375,1600.116455078125,2635.91943359375,2238.885986328125,0.010908093303442001,Lepidoptera
3769,2074.7509002685547,790.0680236816406,2582.739013671875,1061.1761474609375,0.009546477347612381,Lepidoptera
3770,2873.1368560791016,2371.502655029297,3363.573272705078,2900.0,0.009174766950309277,Lepidoptera
3771,2800.0,2147.579818725586,3253.5625610351562,2500.0,0.008770652115345001,Lepidoptera
3772,91.50786590576172,248.32810974121094,498.1859130859375,584.4445343017578,0.008240749128162861,Lepidoptera
3773,496.41817474365234,2584.7227172851562,900.0,2980.672149658203,0.007419704459607601,Lepidoptera
3774,3669.5572357177734,2000.0,4149.741394042969,2254.090835571289,0.006717354990541935,Lepidoptera
3775,1783.6181945800781,496.7861022949219,2100.0,857.0108337402344,0.006143327336758375,Lepidoptera
3776,723.6195068359375,2773.09521484375,1429.3963623046875,3039.9501953125,0.005841413978487253,Lepidoptera
3777,1200.0,2662.104278564453,1553.9676818847656,2942.5989685058594,0.005669319536536932,Lepidoptera
3778,848.2130737304688,3143.954345703125,3153.55322265625,3365.593505859375,0.005521202459931374,Lepidoptera
3779,1200.0,1286.8097763061523,1678.7337341308594,1709.448829650879,0.005421993788331747,Lepidoptera
3780,400.0,2323.9708557128906,894.4107055664062,2824.0516662597656,0.004532054997980595,Lepidoptera
3781,493.1835632324219,3308.7890625,3196.50390625,3451.53759765625,0.004324614070355892,Lepidoptera
3782,1300.010009765625,1681.9066543579102,1700.0,2208.300064086914,0.003925913944840431,Lepidoptera
3783,1095.5289001464844,2444.584930419922,1300.0,2500.0,0.00391053082421422,Lepidoptera
3784,972.16650390625,1200.0,1458.33349609375,1700.0,0.0038873779121786356,Lepidoptera
3785,784.8066711425781,2589.1680297851562,900.0,2941.887969970703,0.0038510882295668125,Lepidoptera
3786,3539.7471313476562,400.0,4024.5264587402344,710.805419921875,0.003829444758594036,Lepidoptera
3787,3259.6262817382812,1082.7162780761719,3300.0,1271.0133056640625,0.0038056238554418087,Lepidoptera
3788,1841.0045166015625,2447.1140747070312,2100.0,2500.0,0.0037837568670511246,Lepidoptera
3789,3982.3892822265625,2800.0,4358.433807373047,3055.005889892578,0.0034655567724257708,Lepidoptera
3790,602.8495788574219,2084.294418334961,900.0,2500.0,0.0033919941633939743,Lepidoptera
3791,3041.5367126464844,2800.0210285186768,3300.0,2948.8811950683594,0.003348289057612419,Lepidoptera
3792,2016.0814170837402,2039.5721435546875,2420.3997497558594,2100.0,0.0030548658687621355,Lepidoptera
3793,2259.390838623047,1714.8005981445312,2552.344467163086,2100.0,0.0029607925098389387,Lepidoptera
3794,2800.0,1731.1202239990234,3171.600372314453,2100.0,0.0028998786583542824,Lepidoptera
3795,1600.0,2950.215606689453,2098.5130310058594,3381.027557373047,0.002767401048913598,Lepidoptera
3796,1747.3173828125,1550.031982421875,2126.314208984375,1934.322265625,0.002690567634999752,Lepidoptera
3797,3749.0690307617188,1639.0124206542969,4100.0,1700.0,0.0025980251375585794,Lepidoptera
3798,3331.5765075683594,2800.0,3746.681884765625,3257.3673706054688,0.0024781005922704935,Lepidoptera
3799,3600.0,3063.8758239746094,3754.501968383789,3408.6092529296875,0.00220835511572659,Lepidoptera
3800,1600.0293612480164,1600.2863883972168,1747.366943359375,2080.095672607422,0.0021371047478169203,Lepidoptera
3801,3600.0,2000.0,3990.5703125,2440.5013122558594,0.002093489747494459,Lepidoptera
3802,4000.0,1600.0,4358.108734130859,1869.53466796875,0.001884833094663918,Lepidoptera
3803,489.5445861816406,102.29534912109375,900.0,405.0727233886719,0.0018715683836489916,Lepidoptera
3804,2070.311065673828,2318.8821716308594,2502.2796020507812,2734.769012451172,0.0018182772910222411,Lepidoptera
3805,1004.1443786621094,1259.5472412109375,1274.299560546875,1300.0,0.0017829345306381583,Lepidoptera
3806,4108.0,400.0,4548.6297607421875,666.3109436035156,0.0016695997910574079,Lepidoptera
3807,4000.0,1040.9369506835938,4496.550933837891,1428.8421630859375,0.0016510502900928259,Lepidoptera
3808,4107.405487060547,1200.1582086086273,4489.455902099609,1254.003532409668,0.0016219350509345531,Lepidoptera
3809,1200.0,1600.0,1584.3931579589844,1841.4976654052734,0.001602860284037888,Lepidoptera
3810,3194.8246459960938,2408.069944381714,3300.0,2900.0,0.0014971080236136913,Lepidoptera
3811,2400.0,3016.6071586608887,2825.4894409179688,3432.4605407714844,0.0014740832848474383,Lepidoptera
3812,121.27176666259766,1274.131591796875,495.2960510253906,1300.0,0.0013376780552789569,Lepidoptera
3813,400.0,400.0,898.6868896484375,829.6638488769531,0.0013081957586109638,Lepidoptera
3814,244.7251739501953,472.6009826660156,490.2886962890625,703.9425964355469,0.0011020320234820247,Lepidoptera
3815,2094.9759979248047,2152.623291015625,2500.0,2500.0,0.0010969850700348616,Lepidoptera
3816,400.0,1200.0,476.27061462402344,1451.7484436035156,0.0010805431520566344,Lepidoptera
3817,1200.0426530838013,521.2876205444336,1389.5263366699219,900.0,0.0010788475628942251,Lepidoptera
3818,3600.0,47.788475036621094,3651.3645515441895,276.59490966796875,0.0010729607893154025,Lepidoptera
3819,1382.687744140625,3308.023681640625,4608.0,3450.20166015625,0.0010635402286425233,Lepidoptera
3820,2000.0,2608.138412475586,2500.0,2900.0,0.0009888088097795844,Lepidoptera
3821,2417.241668701172,824.2925109863281,2500.0,900.0,0.0008138713310472667,Lepidoptera
3822,400.0,2532.305450439453,832.3638305664062,2900.0,0.000788688485044986,Lepidoptera
3823,1600.050449371338,1347.8828430175781,1664.4634017944336,1697.93359375,0.0007403419003821909,Lepidoptera
3824,2400,1600.3094673156738,2755.3272094726562,1636.2461433410645,0.0007249977206811309,Lepidoptera
3825,2762.0958862304688,867.9248352050781,2900.0,1300.0,0.0006704482948407531,Lepidoptera
3826,401.69999599456787,1614.872932434082,895.0334701538086,2097.671356201172,0.0006700739031657577,Lepidoptera
3827,4268.348327636719,1600.3692150115967,4499.668701171875,1665.127586364746,0.0006572548300027847,Lepidoptera
3828,400.19917488098145,545.7248840332031,472.9254455566406,900.0,0.0005842162645421922,Lepidoptera
3829,1083.1310424804688,2851.159942626953,1300.0,2900.0,0.0005731616402044892,Lepidoptera
3830,2400.007951259613,2514.857437133789,2512.106300354004,2900.0,0.0005582611775025725,Lepidoptera
3831,268.68609619140625,2400.9546518325806,583.6890563964844,2849.4298400878906,0.0005464805872179568,Lepidoptera
3832,2806.220513343811,400.2669960260391,2996.134490966797,442.8825874328613,0.0005460989195853472,Lepidoptera
3833,1853.0415496826172,3094.844970703125,2100.0,3456.0,0.0005229072412475944,Lepidoptera
3834,2400.050574541092,2097.9149322509766,2439.212860107422,2308.9525756835938,0.00048490107292309403,Lepidoptera
3835,1600,2044.2213134765625,1758.0301513671875,2099.9734802246094,0.0004424718499649316,Lepidoptera
3836,1280.9840698242188,2058.3534240722656,1691.8892517089844,2100.0,0.00043352050124667585,Lepidoptera
3837,4029.552734375,2022.5068969726562,4182.6807861328125,2099.8135681152344,0.0003875400288961828,Lepidoptera
3838,1600,2073.62451171875,1916.9699096679688,2100.0,0.00038640419370494783,Lepidoptera
3839,129.63442993164062,875.2062377929688,736.256591796875,1147.48046875,0.00037547454121522605,Lepidoptera
3840,3682.3744506835938,1600.071620941162,3835.62548828125,1658.6112976074219,0.0003629178972914815,Lepidoptera
3841,2000.16587972641,2412.5192260742188,2127.1067276000977,2499.7518920898438,0.0003540651814546436,Lepidoptera
3842,4108.0,2400.0,4500.0,2639.6192016601562,0.00033172834082506597,Lepidoptera
3843,1528.8725280761719,800.0,1858.253173828125,1160.4730224609375,0.0003138614119961858,Lepidoptera
3844,4000.0,0.0,4499.358062744141,338.3103332519531,0.00031265130382962525,Lepidoptera
3845,4328.936965942383,1217.9354248046875,4535.2415771484375,1299.9673767089844,0.00031148918787948787,Lepidoptera
3846,122.41316223144531,1200.3077507019043,497.16998291015625,1248.1912117004395,0.0002963035076390952,Lepidoptera
3847,4247.545333862305,2054.4193115234375,4507.5145263671875,2100.0,0.00027959904400631785,Lepidoptera
3848,2168.31787109375,2000.0,2400.4195556640625,2094.095489501953,0.00026297190925106406,Lepidoptera
3849,3200.0,2400.064691901207,3565.6433715820312,2433.8292198181152,0.00024917168775573373,Lepidoptera
3850,800.1473784446716,1230.643081665039,857.7920684814453,1389.390609741211,0.0002420786040602252,Lepidoptera
3851,2735.597381591797,1600.0,2926.0845642089844,1735.2593078613281,0.00022235381766222417,Lepidoptera
3852,3913.961456298828,2856.7788124084473,4032.498992919922,2971.6295166015625,0.00020665051124524325,Lepidoptera
3853,1607.0916652679443,2400.0073969364166,2007.927001953125,2476.1737213134766,0.0001901682117022574,Lepidoptera
3854,4108,2400.214284658432,4466.868347167969,2443.4997901916504,0.00017926711007021368,Lepidoptera
3855,2520.2083740234375,1642.6343383789062,2577.681869506836,1792.6820983886719,0.00015990383690223098,Lepidoptera
3856,1600.1763820648193,2279.889404296875,1703.2409210205078,2499.8056030273438,0.0001550068991491571,Lepidoptera
3857,3200,1600,3462.2781982421875,1813.0422668457031,0.0001516776974312961,Lepidoptera
3858,4014.8605346679688,5.799579620361328,4100.0,170.3321533203125,0.00015004070883151144,Lepidoptera
3859,3200.1618027687073,2815.063524246216,3293.9962463378906,3155.711700439453,0.00014291793922893703,Lepidoptera
3860,1600.4590272903442,147.56536865234375,1822.866439819336,497.8299560546875,0.00012914853869006038,Lepidoptera
3861,3212.308319091797,2528.513229370117,3299.962890625,2722.0448608398438,0.0001195591248688288,Lepidoptera
3862,689.7798461914062,2000.0,900.0,2052.331573486328,0.00010689306509448215,Lepidoptera
3863,3647.1278686523438,3048.793701171875,3700.0,3300.0,0.00010601559915812686,Lepidoptera
3864,3647.114849090576,1919.3402404785156,3749.2295532226562,1976.0067443847656,9.310375025961548e-05,Lepidoptera
3865,2400.4132449626923,2256.8644409179688,2484.8918380737305,2500.0,9.136722655966878e-05,Lepidoptera
3866,0.0,2587.0652770996094,434.5534362792969,2745.34326171875,8.465574501315132e-05,Lepidoptera
3867,4268.347640991211,2956.0050842761993,4457.962127685547,3023.4810104370117,8.42748413560912e-05,Lepidoptera
3868,4000.190508365631,2079.6090393066406,4177.784896850586,2127.1583557128906,8.016134961508214e-05,Lepidoptera
3869,4351.814712524414,851.7382507324219,4531.183013916016,900.0,7.980660302564502e-05,Lepidoptera
3870,260.4689636230469,139.7183380126953,435.84588623046875,320.40399169921875,7.07409271853976e-05,Lepidoptera
3871,2800.2048015594482,2094.2399978637695,3014.3098754882812,2500.0,7.051073043840006e-05,Lepidoptera
3872,4338.613372802734,2879.949462890625,4527.827880859375,2900.0,7.017907773843035e-05,Lepidoptera
3873,3238.422332763672,2400,3299.9551391601562,2511.2565994262695,6.553809362230822e-05,Lepidoptera
3874,363.0784912109375,1600.0,500.0,2048.8776245117188,6.081988613004796e-05,Lepidoptera
3875,426.92699432373047,2400,551.9363555908203,2452.164016723633,5.651506580761634e-05,Lepidoptera
3876,3886.5570678710938,2711.4730834960938,4097.837005615234,2900.0,4.804748823517002e-05,Lepidoptera
3877,2800,3070.446533203125,2956.2618865966797,3417.791229248047,4.311252632760443e-05,Lepidoptera
3878,4086.5520935058594,2000.2685457468033,4495.862243652344,2034.6278381347656,2.7562253308133222e-05,Lepidoptera
3879,4000,2111.457229614258,4198.8558349609375,2148.2506561279297,2.2448470190283842e-05,Lepidoptera
3880,306.9532775878906,1651.772071838379,451.59272384643555,1771.8181610107422,0.9638442397117615,Nematocera
3881,966.4318084716797,2732.431854248047,1015.7509307861328,2776.218475341797,0.8963599801063538,Nematocera
3882,1549.3975830078125,3066.5286560058594,1820.618896484375,3273.9578857421875,0.8850471377372742,Nematocera
3883,2890.663230895996,2096.4116287231445,2958.873779296875,2156.2816314697266,0.862035870552063,Nematocera
3884,401.900252699852,2761.0661010742188,432.15538787841797,2814.142120361328,0.8463754057884216,Nematocera
3885,400.26934295892715,2842.4242362976074,424.2880039215088,2876.9297637939453,0.8446885347366333,Nematocera
3886,2259.362548828125,2609.778350830078,2317.9301147460938,2662.317901611328,0.6747746467590332,Nematocera
3887,453.3983840942383,629.9970703125,485.5975036621094,651.8795013427734,0.601597249507904,Nematocera
3888,708.7146911621094,402.8736572265625,734.12939453125,424.6746520996094,0.5775092840194702,Nematocera
3889,3184.902587890625,1262.8309326171875,3228.944984436035,1317.8813934326172,0.46265894174575806,Nematocera
3890,702.7794799804688,2925.5043029785156,724.0577697753906,2944.9043579101562,0.4502789080142975,Nematocera
3891,1899.9935302734375,3033.6831665039062,1924.867919921875,3052.707962036133,0.28483837842941284,Nematocera
3892,2657.6846313476562,2938.154739379883,2704.8329467773438,2965.837356567383,0.28408756852149963,Nematocera
3893,1439.6204223632812,356.7213439941406,1483.39501953125,378.5943908691406,0.2760992646217346,Nematocera
3894,1900.1495361328125,1559.54345703125,2108.893310546875,1828.1917724609375,0.26315221190452576,Nematocera
3895,2749.065216064453,2287.526092529297,2783.8193969726562,2309.009979248047,0.25541383028030396,Nematocera
3896,2343.0697021484375,2995.004280090332,2367.5496520996094,3014.3602905273438,0.21097688376903534,Nematocera
3897,4046.3852005004883,943.2440795898438,4081.4588623046875,969.2053527832031,0.16599474847316742,Nematocera
3898,532.2943878173828,2914.665008544922,561.1606597900391,2951.378219604492,0.1449853926897049,Nematocera
3899,1644.8291015625,3193.71875,1756.201416015625,3380.189208984375,0.131455197930336,Nematocera
3900,495.89176177978516,2563.2268981933594,538.9933166503906,2584.489944458008,0.11475610733032227,Nematocera
3901,4070.7495727539062,508.1543197631836,4101.3792724609375,586.896484375,0.114166259765625,Nematocera
3902,1200.0,2701.685089111328,1223.212013244629,2785.5975952148438,0.10951315611600876,Nematocera
3903,990.8964691162109,450.1156005859375,1033.4175109863281,478.74603271484375,0.1011405810713768,Nematocera
3904,2477.264892578125,2413.6897563934326,2500.0,2524.8575439453125,0.09822346270084381,Nematocera
3905,463.1322021484375,950.2653656005859,499.8659973144531,1023.7255859375,0.09821898490190506,Nematocera
3906,3994.1515502929688,297.4009094238281,4035.5353393554688,321.9943542480469,0.0955929085612297,Nematocera
3907,1200.0,1815.3618774414062,1245.4382209777832,1864.4469299316406,0.09318795055150986,Nematocera
3908,1286.72265625,486.37840270996094,1307.7837371826172,568.3121490478516,0.08948726952075958,Nematocera
3909,2653.459976196289,2885.2737426757812,2783.0682373046875,2900.0,0.08262123167514801,Nematocera
3910,1792.7003784179688,1244.6894569396973,1812.849136352539,1275.9164199829102,0.0782802551984787,Nematocera
3911,1600.0,1458.8737487792969,1632.6089172363281,1567.7050170898438,0.07663152366876602,Nematocera
3912,367.62908935546875,1254.8059997558594,447.6929626464844,1300.0,0.0754212960600853,Nematocera
3913,269.5051574707031,543.268798828125,303.83624267578125,560.42578125,0.07506538927555084,Nematocera
3914,3689.279541015625,589.0504608154297,3700.0,620.8596038818359,0.0739763155579567,Nematocera
3915,2801.0453186035156,346.59130859375,2831.0067138671875,378.519287109375,0.07257644087076187,Nematocera
3916,1600.0,1622.8442344665527,1637.7878112792969,1719.475845336914,0.07114047557115555,Nematocera
3917,1990.2867736816406,630.5476226806641,2015.9984130859375,711.9033203125,0.07048105448484421,Nematocera
3918,2862.1193885803223,2093.4473571777344,2957.1762084960938,2100.0,0.06727596372365952,Nematocera
3919,746.3052978515625,2132.070831298828,768.0391540527344,2159.542755126953,0.0629841759800911,Nematocera
3920,481.8173370361328,1868.5074768066406,517.4231567382812,1987.8843688964844,0.06114897504448891,Nematocera
3921,1589.9536437988281,868.267578125,1640.0283203125,910.6868743896484,0.059164900332689285,Nematocera
3922,1455.050277709961,2949.7123260498047,1541.7012329101562,2970.758327484131,0.058803729712963104,Nematocera
3923,2390.299774169922,1268.5794143676758,2441.63037109375,1379.300552368164,0.050722215324640274,Nematocera
3924,1110.0140075683594,1600.0,1198.4326782226562,1628.4446773529053,0.04730742424726486,Nematocera
3925,429.66251373291016,2486.0673828125,575.1906585693359,2500.0,0.04648057371377945,Nematocera
3926,4108.0116392970085,244.25888061523438,4126.434255599976,290.2779541015625,0.045041244477033615,Nematocera
3927,3184.2293701171875,1034.0645599365234,3215.8238525390625,1050.5465698242188,0.04474374279379845,Nematocera
3928,2650.7041015625,1117.4583435058594,2694.586456298828,1144.1022033691406,0.0440504215657711,Nematocera
3929,1161.5873718261719,2762.223388671875,1245.8294982910156,2843.2020263671875,0.04275142028927803,Nematocera
3930,674.0382690429688,1351.3350524902344,709.9802856445312,1388.6953430175781,0.040321461856365204,Nematocera
3931,400.0,1241.4184112548828,425.82758712768555,1340.5021209716797,0.03982516750693321,Nematocera
3932,1200.0,1124.9371643066406,1224.8114490509033,1182.5935363769531,0.03975941613316536,Nematocera
3933,2752.3605346679688,704.49560546875,2804.290496826172,725.1738891601562,0.03904349356889725,Nematocera
3934,3600.0128149986267,1644.0255317687988,3627.465742111206,1686.1945877075195,0.03857671096920967,Nematocera
3935,2021.1081275939941,1200.0,2132.507034301758,1222.997730255127,0.038516752421855927,Nematocera
3936,1164.2767333984375,1034.3738098144531,1193.8319396972656,1056.2434692382812,0.038276925683021545,Nematocera
3937,3681.0564575195312,186.75828552246094,3700.0,262.87164306640625,0.03802071884274483,Nematocera
3938,2553.615951538086,2462.2002563476562,2649.101516723633,2500.0,0.037801824510097504,Nematocera
3939,4108.0,2191.012420654297,4142.92151260376,2249.1527557373047,0.03684203699231148,Nematocera
3940,1119.2608947753906,2814.9857149124146,1161.76708984375,2837.6353034973145,0.036699410527944565,Nematocera
3941,389.3762512207031,1458.2788391113281,424.1259460449219,1503.6353759765625,0.03630424290895462,Nematocera
3942,116.3553237915039,2664.5760192871094,166.78860473632812,2729.9742126464844,0.03620331361889839,Nematocera
3943,1188.26953125,68.0442123413086,1222.906982421875,137.5964813232422,0.03598453104496002,Nematocera
3944,3200.0,1807.4288330078125,3210.8925037384033,1844.8020477294922,0.03558330610394478,Nematocera
3945,390.5004577636719,3015.8879165649414,433.4792175292969,3141.8040161132812,0.035453543066978455,Nematocera
3946,2400.0,299.1055908203125,2434.0170974731445,351.87506103515625,0.03494516760110855,Nematocera
3947,3076.069091796875,97.19900512695312,3244.57080078125,327.6658630371094,0.03470766544342041,Nematocera
3948,3209.86279296875,2866.326629638672,3300.0,2900.0,0.0346231572329998,Nematocera
3949,388.8556823730469,2800.0,523.7592468261719,2859.990837097168,0.03403942659497261,Nematocera
3950,3849.1396484375,2400.0,3881.251007080078,2407.273943901062,0.033964406698942184,Nematocera
3951,2571.941619873047,1520.073974609375,2604.490280151367,1560.3468933105469,0.03384453430771828,Nematocera
3952,995.0641021728516,1286.976936340332,1074.1463317871094,1302.9635772705078,0.031961824744939804,Nematocera
3953,2462.4008178710938,2323.9685974121094,2507.806442260742,2409.9549865722656,0.030707864090800285,Nematocera
3954,395.0541076660156,1679.1394348144531,506.49857330322266,1699.9838256835938,0.030390625819563866,Nematocera
3955,1431.641098022461,1502.9117431640625,1460.2088928222656,1524.7096862792969,0.02940775826573372,Nematocera
3956,4149.879318237305,2971.4316244125366,4190.335510253906,3020.6535034179688,0.02939140424132347,Nematocera
3957,3019.473175048828,1200,3055.8541259765625,1209.6114282608032,0.029381163418293,Nematocera
3958,1219.232421875,188.55697631835938,1269.4653701782227,223.621337890625,0.029305828735232353,Nematocera
3959,2242.2825775146484,2608.5914611816406,2298.172607421875,2659.2032775878906,0.02926475554704666,Nematocera
3960,2878.6922607421875,1067.7669067382812,2900.0,1156.2982482910156,0.028380559757351875,Nematocera
3961,2859.607177734375,184.42515563964844,3064.65625,340.3510437011719,0.027685867622494698,Nematocera
3962,1696.6432418823242,83.50730895996094,1717.1284561157227,107.74766540527344,0.027471860870718956,Nematocera
3963,4108.0,2211.1326751708984,4139.433429718018,2293.7871704101562,0.027317294850945473,Nematocera
3964,3712.1835708618164,1682.1347351074219,3802.439208984375,1704.7644653320312,0.02684381976723671,Nematocera
3965,774.5332641601562,72.15626525878906,845.2963752746582,134.79776000976562,0.02670937031507492,Nematocera
3966,3686.473175048828,811.3997001647949,3700.0,878.3971328735352,0.026208186522126198,Nematocera
3967,542.3581085205078,2091.4246520996094,652.6387176513672,2100.0,0.026205971837043762,Nematocera
3968,880.3328552246094,3033.0557861328125,910.1354141235352,3105.3314208984375,0.02612106129527092,Nematocera
3969,3835.038330078125,104.8849868774414,4289.541015625,210.680419921875,0.025904038920998573,Nematocera
3970,3600.058773159981,636.4548645019531,3617.6452865600586,687.0774230957031,0.02557888999581337,Nematocera
3971,880.2882690429688,787.0013122558594,914.5199432373047,892.1476058959961,0.025442225858569145,Nematocera
3972,3967.1522827148438,2792.9381713867188,4079.896827697754,2854.085304260254,0.02446923777461052,Nematocera
3973,3412.3196563720703,2920.192741394043,3440.9779052734375,2943.237991333008,0.024320537224411964,Nematocera
3974,3599.626983642578,332.55523681640625,3628.925769805908,374.94818115234375,0.024196382611989975,Nematocera
3975,1230.056064605713,3008.2394065856934,1299.7887573242188,3088.303436279297,0.02346637286245823,Nematocera
3976,3331.02001953125,500.5632858276367,3382.7760162353516,538.3997192382812,0.023441702127456665,Nematocera
3977,881.6903991699219,54.229854583740234,900.0,181.3507080078125,0.0232219398021698,Nematocera
3978,2766.9181213378906,122.86396026611328,2818.8673095703125,192.63232421875,0.022640476003289223,Nematocera
3979,1260.9375,2331.0939331054688,1298.7884521484375,2361.661376953125,0.022494956851005554,Nematocera
3980,3956.639862060547,2888.651092529297,4062.5025634765625,2900.0,0.022223444655537605,Nematocera
3981,2300.538818359375,394.02972412109375,2354.3772583007812,443.1203918457031,0.021969545632600784,Nematocera
3982,3213.0340576171875,2446.2737159729004,3300.0,2500.0,0.021729040890932083,Nematocera
3983,3276.1759643554688,1236.0335693359375,3299.1080322265625,1250.7743225097656,0.021658696234226227,Nematocera
3984,486.9651794433594,800.7657165527344,499.97100830078125,896.7215576171875,0.02085898630321026,Nematocera
3985,2257.378875732422,524.9246826171875,2276.9187927246094,547.8255004882812,0.02071824111044407,Nematocera
3986,2895.8731689453125,2886.6870727539062,3046.4797973632812,2900.0,0.02042030170559883,Nematocera
3987,3895.1063232421875,400.00802874565125,3920.7567749023438,408.6224822998047,0.020085260272026062,Nematocera
3988,3679.5309143066406,2623.503372192383,3700.0,2716.7532348632812,0.019737618044018745,Nematocera
3989,2000.0,1307.9167098999023,2031.164810180664,1353.9337921142578,0.019073572009801865,Nematocera
3990,844.5136184692383,1338.168685913086,924.7988433837891,1362.0179290771484,0.018853046000003815,Nematocera
3991,1782.6471862792969,1200.0,1843.8683319091797,1213.9215831756592,0.018693190068006516,Nematocera
3992,1136.7347106933594,1684.3104248046875,1223.16064453125,1700.0,0.018261730670928955,Nematocera
3993,532.5437927246094,1798.3152465820312,549.9766693115234,1817.4903869628906,0.018117211759090424,Nematocera
3994,3816.290771484375,104.77494049072266,4118.537699699402,199.7565155029297,0.017905963584780693,Nematocera
3995,1150.2318725585938,400.0,1203.7602844238281,418.7627410888672,0.01754216104745865,Nematocera
3996,2080.8387756347656,787.5955505371094,2100.0,826.0491333007812,0.017438692972064018,Nematocera
3997,428.7793159484863,1598.8766479492188,508.67872619628906,1626.58345413208,0.016958530992269516,Nematocera
3998,1188.6874084472656,2295.5260314941406,1210.4077758789062,2331.5089721679688,0.016686636954545975,Nematocera
3999,1600.0,1598.8816528320312,1637.4523315429688,1668.8421173095703,0.01641874946653843,Nematocera
4000,1586.1822204589844,546.1447906494141,1619.555103302002,581.9088745117188,0.016109630465507507,Nematocera
4001,2387.6668395996094,3285.6160583496094,2440.728759765625,3333.000701904297,0.015965301543474197,Nematocera
4002,1009.2193145751953,447.41815185546875,1025.0690460205078,475.28314208984375,0.01593603566288948,Nematocera
4003,2882.524627685547,2675.740234375,2900.0,2771.987091064453,0.015599536709487438,Nematocera
4004,3243.4751777648926,3242.210968017578,3284.72647857666,3288.854217529297,0.015393337234854698,Nematocera
4005,2082.050048828125,1765.1891632080078,2100.0,1892.9227294921875,0.015222029760479927,Nematocera
4006,4190.493637084961,467.9976119995117,4260.848724365234,499.7627258300781,0.015013190917670727,Nematocera
4007,3222.2454223632812,2139.83251953125,3263.991729736328,2191.5874786376953,0.014939716085791588,Nematocera
4008,1593.1459045410156,3071.3085021972656,1610.8468627929688,3138.7613372802734,0.014850994572043419,Nematocera
4009,3282.2000427246094,1171.3930969238281,3300.0,1205.8966674804688,0.014819481410086155,Nematocera
4010,825.7479553222656,1576.2357788085938,864.150634765625,1604.3453369140625,0.014782054349780083,Nematocera
4011,2000.0,2696.075927734375,2026.9940795898438,2784.6683959960938,0.014436876401305199,Nematocera
4012,2340.8255920410156,1273.7820739746094,2453.4828186035156,1300.0,0.014329660683870316,Nematocera
4013,400.0,912.4238967895508,411.20642375946045,991.6865386962891,0.01427439134567976,Nematocera
4014,444.03228759765625,264.2778015136719,490.7174987792969,294.3188781738281,0.014065644703805447,Nematocera
4015,2090.1578979492188,1472.9623413085938,2100.0,1551.3050537109375,0.014045325107872486,Nematocera
4016,2024.5955505371094,886.2876892089844,2080.179298400879,900.0,0.013668118976056576,Nematocera
4017,1546.997314453125,2463.4212646484375,1615.5113220214844,2499.284942626953,0.013434605672955513,Nematocera
4018,718.868408203125,806.7301354408264,745.9697265625,828.5296230316162,0.013433163985610008,Nematocera
4019,4079.8809967041016,2957.0641992092133,4109.051216125488,2977.1161937713623,0.013357743620872498,Nematocera
4020,361.21392822265625,3199.5018920898438,383.6861267089844,3222.8555297851562,0.013218280859291553,Nematocera
4021,2099.3419342041016,2105.191825866699,2144.5367584228516,2151.1703491210938,0.013190005905926228,Nematocera
4022,2230.581787109375,90.02556610107422,2296.536102294922,235.90328979492188,0.012675710953772068,Nematocera
4023,809.1781978607178,513.6941299438477,841.8426094055176,534.1504211425781,0.012579184956848621,Nematocera
4024,2400.0,2161.105209350586,2450.0707397460938,2250.835418701172,0.012559566646814346,Nematocera
4025,933.385498046875,2531.6371154785156,970.0155029296875,2565.257598876953,0.012279721908271313,Nematocera
4026,3600.0,73.01103973388672,3618.159284591675,159.1862030029297,0.012253867462277412,Nematocera
4027,400.00425428152084,1858.9298706054688,412.8162670135498,1935.664794921875,0.01219168584793806,Nematocera
4028,2794.2613525390625,3149.8927001953125,2818.010040283203,3243.2362060546875,0.012121197767555714,Nematocera
4029,4485.4661865234375,938.6697692871094,4500.0,1015.6160278320312,0.01203703973442316,Nematocera
4030,1200.0,352.4608154296875,1220.2998390197754,430.0113525390625,0.011762312613427639,Nematocera
4031,4098.597961425781,2170.623275756836,4135.139186859131,2200.8536071777344,0.011369885876774788,Nematocera
4032,3854.991729736328,734.8204040527344,3907.2510681152344,766.5901184082031,0.011022684164345264,Nematocera
4033,1284.3175659179688,386.3086242675781,1310.0153198242188,440.4124755859375,0.010643981397151947,Nematocera
4034,2000.0,79.46817016601562,2040.9580574035645,175.428466796875,0.010570289567112923,Nematocera
4035,2130.739944458008,777.62109375,2201.2852172851562,845.9347343444824,0.01056336984038353,Nematocera
4036,3280.2566528320312,648.7699279785156,3300.0,700.5986938476562,0.01049778051674366,Nematocera
4037,3291.450439453125,1755.2866668701172,3299.978057861328,1856.2226257324219,0.01041333470493555,Nematocera
4038,3288.389434814453,1411.2750549316406,3300.0,1501.8882141113281,0.010186894796788692,Nematocera
4039,880.7890930175781,2545.4922637939453,900.0,2678.9926147460938,0.01009270641952753,Nematocera
4040,1610.9136657714844,1200.0237494707108,1693.7211685180664,1220.3099765777588,0.010082968510687351,Nematocera
4041,4096.7888107299805,285.1243896484375,4127.990577697754,353.4556884765625,0.010029745288193226,Nematocera
4042,1689.4387817382812,399.78143310546875,1700.0,472.09930419921875,0.009910249151289463,Nematocera
4043,1078.2950744628906,2366.7298889160156,1108.8338012695312,2387.251708984375,0.009834855794906616,Nematocera
4044,2921.9553833007812,2325.102081298828,2958.146438598633,2345.9396057128906,0.009702221490442753,Nematocera
4045,3600.0,179.1766357421875,3630.014389038086,245.8082733154297,0.009615675546228886,Nematocera
4046,4000.0,1289.9354095458984,4014.0571908950806,1338.3826446533203,0.009595517069101334,Nematocera
4047,4165.490097045898,426.31851387023926,4184.279113769531,461.3022766113281,0.009496956132352352,Nematocera
4048,3498.1339416503906,995.0571746826172,3548.0946044921875,1024.6905517578125,0.009378837421536446,Nematocera
4049,940.0662231445312,609.7691955566406,967.3639526367188,626.2777404785156,0.009311147965490818,Nematocera
4050,2080.7040100097656,3114.731216430664,2129.206085205078,3152.990478515625,0.008984328247606754,Nematocera
4051,3282.2112426757812,171.83078002929688,3299.8062744140625,209.24119567871094,0.008830811828374863,Nematocera
4052,2003.675533771515,1306.7071685791016,2034.756851196289,1334.5357360839844,0.008587084710597992,Nematocera
4053,4000.0997066497803,1268.1253356933594,4104.8018798828125,1299.9746398925781,0.008374613709747791,Nematocera
4054,1269.7779235839844,466.6097717285156,1299.9824523925781,519.70458984375,0.008228607475757599,Nematocera
4055,2432.9050903320312,2954.7666778564453,2505.207275390625,2981.8151359558105,0.008200314827263355,Nematocera
4056,3376.4631958007812,1297.3059616088867,3406.465789794922,1315.638687133789,0.00813145563006401,Nematocera
4057,4108.015449523926,3151.2386322021484,4115.935106754303,3212.082244873047,0.0079960310831666,Nematocera
4058,1656.2863464355469,1178.6875305175781,1686.6282958984375,1219.5193786621094,0.007940772920846939,Nematocera
4059,630.7812194824219,890.416015625,702.3407592773438,900.0,0.007878867909312248,Nematocera
4060,3600.0,1247.5014152526855,3618.0755348205566,1289.2449951171875,0.007860666140913963,Nematocera
4061,3977.981201171875,2956.0,4032.2829513549805,2966.5322580337524,0.007735983934253454,Nematocera
4062,1400.3738403320312,135.51063537597656,1428.5471954345703,148.69651794433594,0.007652070838958025,Nematocera
4063,3918.0033264160156,892.4133911132812,3975.8860473632812,900.0,0.007461550645530224,Nematocera
4064,3600.0653341412544,353.8975830078125,3609.5897903442383,406.3464050292969,0.007413838058710098,Nematocera
4065,400.0,93.29418182373047,412.345778465271,187.04977416992188,0.007281493861228228,Nematocera
4066,1761.2445068359375,400.0317871570587,1808.891128540039,421.3551197052002,0.007254276890307665,Nematocera
4067,2400.0,390.3331298828125,2501.838264465332,411.35486125946045,0.007201522588729858,Nematocera
4068,1357.1902770996094,316.3630065917969,1402.09765625,349.92633056640625,0.006847224198281765,Nematocera
4069,263.9327392578125,489.230712890625,413.23388671875,500.0,0.0068292212672531605,Nematocera
4070,4082.3920364379883,1822.6248779296875,4118.794044494629,1842.3852844238281,0.0067804171703755856,Nematocera
4071,775.569580078125,907.0610046386719,791.6076049804688,922.3326187133789,0.006726896855980158,Nematocera
4072,3380.519577026367,1600.0,3459.8312377929688,1630.29732131958,0.006648808252066374,Nematocera
4073,2800.0,489.8675842285156,2848.2080078125,523.9120941162109,0.0065291645005345345,Nematocera
4074,1642.0523681640625,3324.75537109375,1754.9195556640625,3385.58984375,0.006491221487522125,Nematocera
4075,4153.113487243652,1615.9531030654907,4185.963043212891,1636.289794921875,0.006448606960475445,Nematocera
4076,3108.0775146484375,2889.0408630371094,3204.324676513672,2900.0,0.006437678821384907,Nematocera
4077,1143.3919067382812,2931.3897552490234,1160.4940795898438,2951.3045959472656,0.0063033015467226505,Nematocera
4078,2376.1736450195312,1286.4345092773438,2445.0855140686035,1300.0,0.006270838435739279,Nematocera
4079,3189.120849609375,701.5334167480469,3225.7465209960938,734.1377258300781,0.006253209430724382,Nematocera
4080,488.59600830078125,1428.4592590332031,500.0,1507.9109191894531,0.006234904285520315,Nematocera
4081,2800.0,2993.9031944274902,2825.7919731140137,3063.951171875,0.006214276887476444,Nematocera
4082,3757.4771118164062,1016.6363983154297,3787.5315551757812,1031.5510559082031,0.006190073676407337,Nematocera
4083,3678.5241088867188,871.1458129882812,3699.933135986328,964.2125091552734,0.006072157993912697,Nematocera
4084,2079.226028442383,3239.3333740234375,2135.167282104492,3321.8328552246094,0.006057970225811005,Nematocera
4085,1566.3693542480469,1014.6987457275391,1592.8012390136719,1035.271499633789,0.0060460749082267284,Nematocera
4086,1518.5434265136719,3177.755126953125,1546.6656188964844,3194.4779052734375,0.006026385817676783,Nematocera
4087,2054.6817169189453,886.62939453125,2127.1679077148438,900.0,0.005974657833576202,Nematocera
4088,1688.9288024902344,283.7801818847656,1700.0,358.9800720214844,0.005795909557491541,Nematocera
4089,400.0,2234.800796508789,434.0181007385254,2281.4424438476562,0.00578173715621233,Nematocera
4090,4108.0,2383.8299255371094,4118.839568138123,2427.4706420898438,0.005695520434528589,Nematocera
4091,1160.5966186523438,2800.0,1225.734619140625,2811.1680755615234,0.005585413426160812,Nematocera
4092,4201.485198974609,2288.349578857422,4235.1693115234375,2312.6188049316406,0.005551846697926521,Nematocera
4093,2561.179168701172,800.4633471369743,2617.8843994140625,821.2644958496094,0.005507905501872301,Nematocera
4094,2222.1890258789062,254.7044677734375,2242.447967529297,285.63641357421875,0.0054762898944318295,Nematocera
4095,2393.992401123047,2395.063446044922,2482.1095581054688,2452.337760925293,0.005475092213600874,Nematocera
4096,3200.034909695387,1033.3524169921875,3209.3493423461914,1086.4311828613281,0.005419996101409197,Nematocera
4097,2857.22216796875,106.5601806640625,3061.447509765625,298.3122253417969,0.005289107095450163,Nematocera
4098,2073.415351867676,2876.126907348633,2147.0113830566406,2900.0,0.005265275947749615,Nematocera
4099,3994.937286376953,2989.3836975097656,4024.426477432251,3063.499168395996,0.005159175489097834,Nematocera
4100,4015.1365575790405,2197.8004760742188,4049.9984741210938,2223.584701538086,0.005136269610375166,Nematocera
4101,3276.7706985473633,199.97885131835938,3317.0328369140625,217.6029510498047,0.005082408897578716,Nematocera
4102,2445.9232177734375,1757.0987701416016,2484.6918029785156,1778.626937866211,0.005019732750952244,Nematocera
4103,4108.17369389534,2797.985870361328,4162.852592468262,2831.7281494140625,0.004984709899872541,Nematocera
4104,3289.3895568847656,609.5985870361328,3300.0,632.5677337646484,0.004978181794285774,Nematocera
4105,1653.645278930664,1245.0221099853516,1731.9747009277344,1307.2569580078125,0.004950416274368763,Nematocera
4106,400.1284994184971,1354.542251586914,435.41961669921875,1403.9120483398438,0.004929875954985619,Nematocera
4107,4000.0,1877.1153869628906,4024.2256145477295,1958.0366516113281,0.004900636617094278,Nematocera
4108,1997.2415771484375,374.5916748046875,2031.5061473846436,413.8017272949219,0.004880618769675493,Nematocera
4109,1397.8507080078125,3227.7032775878906,1439.2685852050781,3259.5901489257812,0.00484813004732132,Nematocera
4110,1200.0,2963.935404777527,1234.4786987304688,3069.5218505859375,0.0046985638327896595,Nematocera
4111,1073.4729614257812,2561.2797088623047,1109.1506042480469,2593.0193481445312,0.004659347236156464,Nematocera
4112,1690.044448852539,1276.2731628417969,1754.1329193115234,1299.9930725097656,0.004657804034650326,Nematocera
4113,2485.810577392578,1125.4845581054688,2500.0,1203.3870849609375,0.0046477122232317924,Nematocera
4114,3230.909490585327,473.35687255859375,3315.4375534057617,500.0,0.00464054848998785,Nematocera
4115,3600.0,2695.8217163085938,3616.913305282593,2756.176544189453,0.00454296637326479,Nematocera
4116,3881.278778076172,2956,3941.449249267578,2963.5187735557556,0.004541703034192324,Nematocera
4117,2800.0,2335.8619689941406,2821.9685916900635,2455.873779296875,0.004455402493476868,Nematocera
4118,4108.0,2442.6891860961914,4151.3105545043945,2500.1124267578125,0.004339743871241808,Nematocera
4119,1473.9403381347656,825.1512222290039,1503.4674987792969,855.7958374023438,0.004266967996954918,Nematocera
4120,836.7730102539062,162.76376342773438,868.2528839111328,180.2569122314453,0.0042264326475560665,Nematocera
4121,1350.2843933105469,1545.8687744140625,1384.4694213867188,1563.8479309082031,0.0042073652148246765,Nematocera
4122,447.76812744140625,2348.8875732421875,521.0966339111328,2500.0,0.004168733488768339,Nematocera
4123,355.8773193359375,1300.742301940918,386.3569641113281,1341.4309692382812,0.004096099641174078,Nematocera
4124,2470.9927673339844,3145.7285919189453,2500.0,3276.8853149414062,0.004036495927721262,Nematocera
4125,1033.452896118164,2400.0,1101.6517639160156,2411.1716327667236,0.00391834881156683,Nematocera
4126,963.2212219238281,1293.68896484375,1027.1121520996094,1300.0,0.0039019219111651182,Nematocera
4127,2225.6383666992188,1036.8432922363281,2253.7438201904297,1065.4955749511719,0.0038557846564799547,Nematocera
4128,1600.0,369.2514953613281,1607.5500040054321,443.65283203125,0.0037881091702729464,Nematocera
4129,4108.0,1382.0439758300781,4124.016756057739,1446.325439453125,0.003772907191887498,Nematocera
4130,3600.034521892667,1624.9632110595703,3604.859359264374,1656.1272010803223,0.0037506103981286287,Nematocera
4131,4079.3484802246094,1515.9306945800781,4099.996276855469,1574.1789855957031,0.0036900348495692015,Nematocera
4132,1483.1965942382812,489.65765380859375,1577.893310546875,500.0,0.0036351406015455723,Nematocera
4133,2824.664031982422,471.9343566894531,2928.143020629883,499.9639587402344,0.0035311246756464243,Nematocera
4134,2000.0,673.9031677246094,2019.2846298217773,752.7519836425781,0.0035254883114248514,Nematocera
4135,4000.176839530468,1520.6556396484375,4016.1427326202393,1555.2123107910156,0.0034609788563102484,Nematocera
4136,1600.0,2597.9060668945312,1640.8028106689453,2645.1070861816406,0.0034373849630355835,Nematocera
4137,1288.1138305664062,1246.4492073059082,1300.0,1338.0380096435547,0.00343099283054471,Nematocera
4138,890.6203308105469,1890.5612487792969,900.0,1971.854736328125,0.0034100457560271025,Nematocera
4139,1654.73828125,2081.230926513672,1751.9284973144531,2100.0,0.0033708580303937197,Nematocera
4140,2342.0682373046875,2000.0,2477.4608764648438,2022.1923656463623,0.0033703665249049664,Nematocera
4141,4108.0,2190.347610473633,4131.812484741211,2237.649398803711,0.003359605558216572,Nematocera
4142,3669.019355773926,2839.631748199463,3700.0,2946.024124145508,0.0033398184459656477,Nematocera
4143,2894.045440673828,52.71263122558594,2900.0,79.69091033935547,0.003210704540833831,Nematocera
4144,2016.765588760376,3267.7307739257812,2073.787078857422,3296.989959716797,0.0031611283775418997,Nematocera
4145,2684.2420959472656,474.86553955078125,2723.7639770507812,500.0,0.003118782304227352,Nematocera
4146,1911.4970092773438,1689.8306884765625,1983.3643798828125,1700.0,0.002942669903859496,Nematocera
4147,2486.4251098632812,599.4322967529297,2500.0,666.5182495117188,0.002934968564659357,Nematocera
4148,3846.6397247314453,1685.1476135253906,3927.2479553222656,1700.0,0.0029344968497753143,Nematocera
4149,2000.9980804920197,1724.822364807129,2034.9344520568848,1748.5662994384766,0.0028849435038864613,Nematocera
4150,3049.2664794921875,2956.0,3106.5924682617188,2964.9111166000366,0.0028636723291128874,Nematocera
4151,2676.2648010253906,1301.783920288086,2717.826385498047,1322.6501693725586,0.0028434167616069317,Nematocera
4152,1525.1739501953125,3275.305908203125,1563.2432861328125,3299.8052368164062,0.0028275048825889826,Nematocera
4153,2800.0,1332.6014251708984,2813.3330669403076,1383.3994445800781,0.0028181953821331263,Nematocera
4154,325.2425231933594,787.0409545898438,352.36004638671875,807.8900451660156,0.0027963174507021904,Nematocera
4155,1967.0601806640625,2889.405059814453,2060.540008544922,2900.0,0.002790183527395129,Nematocera
4156,400.0,1554.8729248046875,414.53697395324707,1613.9035339355469,0.0027883267030119896,Nematocera
4157,4000.0,1269.28564453125,4070.9734802246094,1300.0,0.0027695929165929556,Nematocera
4158,2087.8904418945312,1371.5558776855469,2100.0,1449.0283508300781,0.002766809891909361,Nematocera
4159,3075.161590576172,894.1048583984375,3133.5464477539062,900.0,0.002710465108975768,Nematocera
4160,3066.3401794433594,695.9463806152344,3094.398651123047,721.5109558105469,0.0027099570725113153,Nematocera
4161,3047.303466796875,581.7352600097656,3066.5906677246094,595.2907257080078,0.0027082618325948715,Nematocera
4162,1981.9951477050781,2496.582145690918,1997.6431274414062,2513.3434524536133,0.0026820183265954256,Nematocera
4163,3226.054962158203,1654.196060180664,3245.7906799316406,1675.6315078735352,0.002649765694513917,Nematocera
4164,1639.3330688476562,1268.3265533447266,1692.1077728271484,1300.0,0.002641137922182679,Nematocera
4165,1957.2693786621094,89.67992401123047,1991.3016357421875,113.42936706542969,0.002627077279612422,Nematocera
4166,2800.0,994.8592071533203,2813.561294555664,1075.0433044433594,0.0026025315746665,Nematocera
4167,1867.4639587402344,2956.040566921234,1919.290771484375,2973.926950454712,0.002590110758319497,Nematocera
4168,1201.531457901001,2452.5775756835938,1296.7733459472656,2500.0,0.00257480819709599,Nematocera
4169,3689.1261596679688,2638.329559326172,3711.7369689941406,2650.7088165283203,0.0025557882618159056,Nematocera
4170,2532.5369873046875,260.6148376464844,2553.3626861572266,281.14556884765625,0.0025546567048877478,Nematocera
4171,1645.9920616149902,1664.9459838867188,1740.896469116211,1701.3425369262695,0.0025178829673677683,Nematocera
4172,2634.516143798828,800.1700527966022,2693.9984741210938,808.6219568252563,0.0025117371696978807,Nematocera
4173,1245.4008178710938,1200.0,1345.8058624267578,1215.4940795898438,0.002440170617774129,Nematocera
4174,1004.0198364257812,2956.0,1093.9609985351562,2967.8747987747192,0.0024333354085683823,Nematocera
4175,3833.2142791748047,3076.3335723876953,3894.3937072753906,3106.2957763671875,0.0024310562293976545,Nematocera
4176,3372.414993286133,76.12995910644531,3410.927291870117,114.18987274169922,0.0024310285225510597,Nematocera
4177,2149.367477416992,1452.436019897461,2184.513427734375,1491.1305847167969,0.0023983330465853214,Nematocera
4178,537.3182830810547,2956.0,647.9772033691406,2974.331926345825,0.002397160744294524,Nematocera
4179,4108.0,2587.737762451172,4120.450258255005,2644.8443450927734,0.0023916149511933327,Nematocera
4180,2400.018599629402,822.5157737731934,2427.670234680176,896.6908950805664,0.0023546661250293255,Nematocera
4181,391.6767272949219,3397.574676513672,532.9359588623047,3456.0,0.002337099751457572,Nematocera
4182,4059.5629081726074,3284.009552001953,4102.240325927734,3312.7393798828125,0.0023218155838549137,Nematocera
4183,1062.0195922851562,2487.7521362304688,1175.3977661132812,2500.0,0.002313593402504921,Nematocera
4184,503.86822509765625,2400.0,594.8820190429688,2416.838279724121,0.002304526511579752,Nematocera
4185,3837.9725494384766,2353.642120361328,3860.54931640625,2366.263153076172,0.0022945539094507694,Nematocera
4186,2483.0698852539062,2040.4084701538086,2500.0,2118.925796508789,0.0022699330002069473,Nematocera
4187,1414.5940246582031,1228.8915710449219,1444.8148803710938,1251.565128326416,0.0022670901380479336,Nematocera
4188,2264.9309997558594,1982.9623107910156,2300.2479553222656,2002.0339965820312,0.0022658221423625946,Nematocera
4189,1200.0,2869.9875564575195,1211.4872789382935,2960.4159393310547,0.0022509219124913216,Nematocera
4190,3681.6268005371094,180.0255126953125,3700.0,223.67050170898438,0.002249821089208126,Nematocera
4191,2879.424560546875,2108.861114501953,2900.0,2206.7872009277344,0.00223144399933517,Nematocera
4192,4000,1392.821044921875,4014.0220613479614,1421.8136138916016,0.0021848464384675026,Nematocera
4193,4000.0,2294.406982421875,4018.739227294922,2343.97998046875,0.0021426628809422255,Nematocera
4194,1620.3048038482666,275.45556640625,1655.7883186340332,296.6700439453125,0.002130667446181178,Nematocera
4195,3253.0372619628906,1200.0,3307.962074279785,1207.809753894806,0.002126130275428295,Nematocera
4196,1200.0,1384.2647705078125,1216.0968742370605,1460.5816955566406,0.002124744700267911,Nematocera
4197,4211.150680541992,470.4159851074219,4291.300201416016,500.0,0.002101586200296879,Nematocera
4198,1684.6927490234375,880.9570159912109,1700.0,910.4469451904297,0.002073798794299364,Nematocera
4199,843.742359161377,2476.2379150390625,954.1691131591797,2500.0,0.002056304831057787,Nematocera
4200,441.6700553894043,338.6452331542969,477.3356246948242,368.72821044921875,0.002055732300505042,Nematocera
4201,4075.987060546875,100.448486328125,4112.060676574707,123.0447769165039,0.0020497513469308615,Nematocera
4202,4000.0,2075.0780715942383,4015.5272064208984,2099.8631591796875,0.0020478980150073767,Nematocera
4203,4108,483.22943115234375,4157.311561584473,500.0,0.00202774815261364,Nematocera
4204,3280.740447998047,2384.706298828125,3300.0,2446.7664794921875,0.0019922819919884205,Nematocera
4205,3139.9264221191406,2247.844223022461,3168.0601501464844,2267.8619079589844,0.001990487100556493,Nematocera
4206,2334.1288452148438,3281.568115234375,2410.2232055664062,3311.610107421875,0.001962370239198208,Nematocera
4207,1374.0701904296875,2677.5760192871094,1409.1249237060547,2695.8003845214844,0.0019351855153217912,Nematocera
4208,435.77777099609375,2007.8004302978516,500.0,2107.702590942383,0.0019218551460653543,Nematocera
4209,2293.15625,89.84970092773438,2437.35595703125,213.91810607910156,0.0018897608388215303,Nematocera
4210,2448.0596656799316,2884.4960327148438,2549.724609375,2900.0,0.0018859215779229999,Nematocera
4211,2800.1076981425285,2170.6551818847656,2834.693260192871,2218.0816650390625,0.0018689780263230205,Nematocera
4212,3200.0,3239.974884033203,3235.6015625,3306.9759826660156,0.0018556046998128295,Nematocera
4213,3142.8675537109375,882.8737182617188,3197.4112548828125,900.0,0.0018476098775863647,Nematocera
4214,4108.020781159401,1200.0,4139.458408355713,1243.6411323547363,0.0018336819484829903,Nematocera
4215,1758.9277801513672,1200.0,1814.3797454833984,1215.7853555679321,0.0018005789024755359,Nematocera
4216,2630.9623413085938,598.9101104736328,2652.3130645751953,631.2170562744141,0.0017936689546331763,Nematocera
4217,1254.0298461914062,800.0,1327.979850769043,825.5205783843994,0.0017843097448349,Nematocera
4218,1194.67626953125,893.3822021484375,1275.2454833984375,900.0,0.0017779911868274212,Nematocera
4219,1600.0,157.47128295898438,1612.502519607544,241.95404052734375,0.0017659526783972979,Nematocera
4220,2093.5929260253906,708.8609619140625,2111.399124145508,729.9915161132812,0.0017623234307393432,Nematocera
4221,2127.947151184082,884.9378662109375,2214.235565185547,900.0,0.0017610404174774885,Nematocera
4222,3584.401641845703,847.863597869873,3605.4117736816406,858.2649230957031,0.0017577008111402392,Nematocera
4223,1600.0,75.39596557617188,1641.922206878662,126.06892395019531,0.0017417579656466842,Nematocera
4224,800.0,2654.588180541992,812.1935348510742,2738.4186401367188,0.0017337655881419778,Nematocera
4225,2800.0,821.65673828125,2813.6721324920654,896.2967834472656,0.0017282003536820412,Nematocera
4226,2085.730728149414,165.71815490722656,2120.458709716797,272.246826171875,0.001714802347123623,Nematocera
4227,2759.625,2868.4862060546875,2863.6916999816895,2900.0,0.001687773154117167,Nematocera
4228,901.957633972168,1689.73779296875,934.7703247070312,1700.0,0.0016850163228809834,Nematocera
4229,4063.4815216064453,1770.622299194336,4098.80020904541,1800.7364807128906,0.001684721908532083,Nematocera
4230,1153.6470642089844,224.93539428710938,1176.8757019042969,255.16873168945312,0.0016846626531332731,Nematocera
4231,4000.016909837723,457.3194046020508,4035.528736114502,506.0833435058594,0.0016831100219860673,Nematocera
4232,3200.0,1204.3663024902344,3210.544373512268,1250.4104804992676,0.0016708432231098413,Nematocera
4233,400.0,807.7018737792969,407.7641725540161,876.262077331543,0.0016597653739154339,Nematocera
4234,4000.0,2428.0961990356445,4020.412618637085,2518.6333084106445,0.0016510299174115062,Nematocera
4235,342.0498046875,2710.7171630859375,365.4029846191406,2737.0542907714844,0.0016505151288583875,Nematocera
4236,3793.5319213867188,3033.426254272461,3826.9310302734375,3067.1828079223633,0.001647456781938672,Nematocera
4237,1888.2756652832031,3292.8298950195312,1928.7337646484375,3300.0,0.0016373955877497792,Nematocera
4238,3373.3347930908203,878.0493774414062,3407.066375732422,899.2964782714844,0.0016155175399035215,Nematocera
4239,2343.5047607421875,3292.4107666015625,2456.3915405273438,3300.0,0.0016116320621222258,Nematocera
4240,545.9786376953125,193.35552978515625,582.4143829345703,218.8690643310547,0.0015940283192321658,Nematocera
4241,1293.5428161621094,1865.0048217773438,1299.8808898925781,1934.9458312988281,0.0015825259033590555,Nematocera
4242,1492.5820922851562,1304.367919921875,1510.1745910644531,1320.627685546875,0.0015785078285261989,Nematocera
4243,2556.89013671875,160.91146850585938,2572.8651275634766,177.418701171875,0.0015427573816850781,Nematocera
4244,3520.7869873046875,1501.7079467773438,3557.9462280273438,1534.3100891113281,0.001532331807538867,Nematocera
4245,1600.0,786.9678039550781,1614.9401721954346,879.6272277832031,0.00151633785571903,Nematocera
4246,4000.283008813858,813.04931640625,4018.9356842041016,847.2912445068359,0.0015088444342836738,Nematocera
4247,1457.6516723632812,2199.408935546875,1479.2845764160156,2223.25927734375,0.0015044844476506114,Nematocera
4248,1188.4608154296875,2131.1393432617188,1215.34423828125,2165.355499267578,0.0015026897890493274,Nematocera
4249,2166.7213745117188,1200.0,2258.1743774414062,1223.2575912475586,0.0014896210050210357,Nematocera
4250,3315.0085220336914,2085.6724166870117,3360.550018310547,2103.9008712768555,0.0014862415846437216,Nematocera
4251,1200,2800.0288359820843,1231.2012252807617,2811.793336868286,0.001462956191971898,Nematocera
4252,2489.7276916503906,956.6090850830078,2500.0,1024.2537536621094,0.0014367375988513231,Nematocera
4253,1579.9486694335938,199.77333068847656,1595.1051635742188,213.3592529296875,0.0014344300143420696,Nematocera
4254,1387.6671905517578,2050.7774543762207,1423.4188079833984,2075.361152648926,0.0014238179428502917,Nematocera
4255,4075.2698974609375,2775.206756591797,4114.5092849731445,2896.6418380737305,0.0014201541198417544,Nematocera
4256,2881.920097351074,400.0058904290199,2918.0065307617188,410.26629638671875,0.0014143559383228421,Nematocera
4257,438.04054260253906,1600.0,549.9001007080078,1637.3054504394531,0.0014129369519650936,Nematocera
4258,3282.694580078125,1627.6309814453125,3320.4100646972656,1694.17724609375,0.0013974207686260343,Nematocera
4259,349.9288024902344,3044.93212890625,383.9545593261719,3069.946563720703,0.00139632448554039,Nematocera
4260,561.5113677978516,400.0,665.8114624023438,429.94201278686523,0.0013958592899143696,Nematocera
4261,527.7090072631836,1219.9566040039062,561.5834655761719,1240.8373336791992,0.0013839673483744264,Nematocera
4262,2475.798080444336,869.0739135742188,2548.5972442626953,906.9970092773438,0.0013753086095675826,Nematocera
4263,2800.0,2051.8143615722656,2834.631633758545,2099.8241577148438,0.0013694532681256533,Nematocera
4264,1273.838134765625,251.26390075683594,1300.0,379.6061096191406,0.0013650027103722095,Nematocera
4265,126.80670928955078,2638.876510620117,171.11972045898438,2659.8629150390625,0.0013581824023276567,Nematocera
4266,2423.2720336914062,1431.1390380859375,2455.453582763672,1452.4109802246094,0.001354021718725562,Nematocera
4267,1538.3270263671875,1675.1410522460938,1650.5635375976562,1700.0,0.0013295442331582308,Nematocera
4268,674.7294921875,3249.2673950195312,743.2317199707031,3284.2772827148438,0.0013196837389841676,Nematocera
4269,596.4320373535156,2770.7947998046875,630.1291198730469,2792.114013671875,0.001299075549468398,Nematocera
4270,4091.224250793457,2458.2566986083984,4154.358749389648,2503.043556213379,0.001297089271247387,Nematocera
4271,3983.964813232422,3275.1749877929688,4067.021942138672,3300.0,0.0012903294991701841,Nematocera
4272,2776.8278198242188,1344.583999633789,2803.888885498047,1365.1932067871094,0.001261272351257503,Nematocera
4273,1687.9968566894531,50.113380432128906,1700.0,116.10403442382812,0.0012599054025486112,Nematocera
4274,1797.4876708984375,2870.2142639160156,1879.1169738769531,2899.777313232422,0.0012552901171147823,Nematocera
4275,531.6407928466797,3224.144561767578,601.4328308105469,3245.4125366210938,0.0012496801791712642,Nematocera
4276,1200.0,1712.3246459960938,1224.5789623260498,1813.2878112792969,0.0012384492438286543,Nematocera
4277,1812.7234954833984,202.08798217773438,1834.5631103515625,234.86375427246094,0.0012334248749539256,Nematocera
4278,2424.028533935547,473.2163391113281,2569.863815307617,500.0,0.00122299965005368,Nematocera
4279,800.0,1588.412841796875,820.3817806243896,1674.4716796875,0.0012224033707752824,Nematocera
4280,3600.0,1154.4061889648438,3612.60769367218,1197.0574035644531,0.001219928148202598,Nematocera
4281,2770.934295654297,3194.163131713867,2792.6295776367188,3216.6722412109375,0.0012175784213468432,Nematocera
4282,3547.1015014648438,2100.3261337280273,3581.2633666992188,2159.4844512939453,0.001216864213347435,Nematocera
4283,1958.3527221679688,3225.0131225585938,1988.0847778320312,3247.568603515625,0.0012080190936103463,Nematocera
4284,2859.3671875,465.26983642578125,2897.746383666992,491.62445068359375,0.001175380777567625,Nematocera
4285,2000.0088527798653,2630.7798461914062,2021.6734924316406,2704.5965270996094,0.0011738680768758059,Nematocera
4286,3287.726318359375,274.99798583984375,3299.660675048828,295.1940002441406,0.0011505607981234789,Nematocera
4287,4108.0,2946.2555236816406,4134.868846893311,3010.311943054199,0.0011335749877616763,Nematocera
4288,1941.7749938964844,1200.0,1988.1818237304688,1207.0163888931274,0.001100280205719173,Nematocera
4289,878.1123046875,153.63461303710938,900.0,255.3352813720703,0.0010988315334543586,Nematocera
4290,1808.671157836914,3241.8209533691406,1842.5257873535156,3258.7045288085938,0.0010924100643023849,Nematocera
4291,2417.8726196289062,960.0937347412109,2482.196090698242,1007.6590576171875,0.001080728485248983,Nematocera
4292,2762.0547790527344,2400.0,2848.226776123047,2418.15904045105,0.0010752282105386257,Nematocera
4293,2401.7491455078125,2922.7980346679688,2447.8722534179688,2951.6019134521484,0.001069428981281817,Nematocera
4294,674.6165161132812,311.4892883300781,720.6397094726562,357.4686584472656,0.0010572164319455624,Nematocera
4295,3287.9088439941406,942.1567993164062,3299.9682006835938,978.4703674316406,0.0010532827582210302,Nematocera
4296,1678.6711120605469,2107.7426223754883,1699.9635314941406,2168.670364379883,0.0010463896906003356,Nematocera
4297,1913.7034912109375,2467.7041015625,1960.0674743652344,2500.0,0.0010435148142278194,Nematocera
4298,1778.0620574951172,3156.721221923828,1805.1178283691406,3189.242935180664,0.0010241614654660225,Nematocera
4299,4218.762069702148,141.1433563232422,4261.495574951172,173.2275848388672,0.001014512381516397,Nematocera
4300,1660.5101928710938,1020.0529174804688,1696.1897735595703,1045.2770690917969,0.0010118758073076606,Nematocera
4301,2852.818389892578,1664.8513793945312,2899.89453125,1700.0,0.0010011285776272416,Nematocera
4302,2818.097942352295,400,2852.9566764831543,412.92521381378174,0.0009986835066229105,Nematocera
4303,1062.3932495117188,2106.320640563965,1097.3953247070312,2129.317092895508,0.000995619804598391,Nematocera
4304,2868.0288696289062,1247.9263763427734,2900.0,1315.4270782470703,0.0009872645605355501,Nematocera
4305,2171.8042907714844,889.0765075683594,2232.5040283203125,900.0,0.0009864766616374254,Nematocera
4306,3915.284942626953,486.0453186035156,3979.3126831054688,499.971435546875,0.000973511254414916,Nematocera
4307,2000.0,717.6414489746094,2030.4460220336914,793.6509094238281,0.0009734983323141932,Nematocera
4308,3044.9963989257812,2192.562225341797,3071.3414611816406,2208.124237060547,0.0009725008276291192,Nematocera
4309,4000.0,1728.1809387207031,4035.6720657348633,1852.3877563476562,0.000957334996201098,Nematocera
4310,625.3418273925781,2091.9989624023438,680.17333984375,2100.0,0.0009521636529825628,Nematocera
4311,3943.7846069335938,1144.9862060546875,3978.490936279297,1170.5247497558594,0.0009488057112321258,Nematocera
4312,1278.1836853027344,2641.205810546875,1300.0,2761.115753173828,0.0009349171305075288,Nematocera
4313,400.0,1233.6792907714844,432.27918243408203,1300.0,0.0009332213667221367,Nematocera
4314,1319.972900390625,559.4797973632812,1329.5855255126953,571.7962799072266,0.0009146197116933763,Nematocera
4315,1054.4566650390625,3193.8716888427734,1257.336669921875,3297.1923828125,0.0009143061470240355,Nematocera
4316,711.3833312988281,1946.6769104003906,738.7202758789062,1969.0965576171875,0.0009111015242524445,Nematocera
4317,1669.9023132324219,2548.8365478515625,1700.0,2657.766143798828,0.0009104272467084229,Nematocera
4318,1503.6937866210938,148.83163452148438,1530.7024841308594,162.77011108398438,0.0008998145931400359,Nematocera
4319,1200.0,1017.5947265625,1211.4761381149292,1096.2636108398438,0.0008981922292150557,Nematocera
4320,550.1071929931641,800.0,624.3673858642578,813.6976718902588,0.000891950330697,Nematocera
4321,1630.406904220581,452.85931396484375,1659.0375061035156,470.2691955566406,0.0008879597880877554,Nematocera
4322,1860.788330078125,1270.9277038574219,1954.7339782714844,1300.0,0.000887386326212436,Nematocera
4323,2800.0,1928.6510925292969,2813.518102645874,1982.1151733398438,0.0008843744872137904,Nematocera
4324,1630.1796073913574,2838.6973304748535,1666.8130493164062,2874.2940368652344,0.0008780189091339707,Nematocera
4325,1851.081802368164,1693.7615356445312,1912.3245239257812,1700.0,0.000873558281455189,Nematocera
4326,2578.6053009033203,3056.753746032715,2605.9141693115234,3087.849853515625,0.0008718291064724326,Nematocera
4327,1814.5869750976562,1474.1480712890625,1829.2990264892578,1486.5527954101562,0.0008687264635227621,Nematocera
4328,4089.557647705078,189.6050262451172,4099.932922363281,231.69662475585938,0.0008643166511319578,Nematocera
4329,3631.854248046875,1177.40087890625,3648.2520141601562,1195.4986267089844,0.0008532965439371765,Nematocera
4330,4071.8871154785156,800.0307023525238,4100.0,839.3280220031738,0.00085021200357005,Nematocera
4331,3039.042953491211,3215.6637268066406,3061.3230895996094,3259.2840881347656,0.0008446697611361742,Nematocera
4332,1200.0,461.0361022949219,1233.1091690063477,500.0,0.0008402133826166391,Nematocera
4333,4108.127813220024,2000.0007942318916,4168.702396392822,2023.4265632629395,0.0008397743222303689,Nematocera
4334,1757.7848205566406,2729.0413513183594,1779.7906646728516,2746.0358276367188,0.0008368845446966588,Nematocera
4335,2747.2229614257812,2400.0,2802.871337890625,2409.574068069458,0.0008315677987411618,Nematocera
4336,1669.0530700683594,2000.0,1710.1031875610352,2097.7979736328125,0.0008291169651784003,Nematocera
4337,4108,2205.498245239258,4120.713757514954,2247.0135955810547,0.000827453623060137,Nematocera
4338,2400.0,588.012939453125,2410.0737466812134,628.2073059082031,0.0008245100034400821,Nematocera
4339,910.5006256103516,883.3669738769531,992.3019866943359,900.0,0.0008211068343371153,Nematocera
4340,1665.1232299804688,1268.3291320800781,1694.6350708007812,1290.8479766845703,0.0008166233310475945,Nematocera
4341,1013.0505981445312,872.9583435058594,1105.676025390625,900.0,0.0008113643852993846,Nematocera
4342,4000.0236347317696,87.32679748535156,4018.917112350464,146.95323181152344,0.0008038737578317523,Nematocera
4343,2000,1299.7685546875,2008.6572074890137,1332.333480834961,0.0008030644385144114,Nematocera
4344,1525.7593994140625,433.2311706542969,1556.4246520996094,468.79833984375,0.0007958277128636837,Nematocera
4345,1523.544921875,2380.6348876953125,1563.8086242675781,2405.7553057670593,0.0007944885292090476,Nematocera
4346,2000.0,1232.6822204589844,2052.9533615112305,1302.6611328125,0.0007924273377284408,Nematocera
4347,3288.6736450195312,3179.063186645508,3300.0,3253.1414184570312,0.0007915436290204525,Nematocera
4348,2000.5383148789406,1000.3489990234375,2022.7111721038818,1023.6229400634766,0.0007900101481936872,Nematocera
4349,1660.5310363769531,2547.896438598633,1700.0,2620.5294647216797,0.0007836407166905701,Nematocera
4350,2889.9252319335938,1288.8833923339844,2942.589141845703,1300.0,0.0007657452952116728,Nematocera
4351,1018.5164642333984,265.4010314941406,1047.8084259033203,285.9349670410156,0.0007656008820049465,Nematocera
4352,3372.0385131835938,91.1656265258789,3393.368453979492,119.76863098144531,0.0007629228639416397,Nematocera
4353,1600.0,2036.7827453613281,1638.1098861694336,2084.475616455078,0.0007481056964024901,Nematocera
4354,2400.0,2790.078582763672,2441.119514465332,2909.6419830322266,0.0007430334226228297,Nematocera
4355,848.344051361084,2875.1883544921875,930.8130035400391,2900.0,0.0007403581403195858,Nematocera
4356,1646.90380859375,2470.2327880859375,1709.4093551635742,2500.0,0.0007223095162771642,Nematocera
4357,2091.2152709960938,3143.034713745117,2099.991180419922,3238.346160888672,0.0007178822997957468,Nematocera
4358,3600,596.8147277832031,3605.4966678619385,635.3731079101562,0.0007158099906519055,Nematocera
4359,3490.0239868164062,2089.2005920410156,3540.534881591797,2099.9881591796875,0.0007141052628867328,Nematocera
4360,3143.6859741210938,2676.4512939453125,3172.5120849609375,2711.7474670410156,0.0007118453504517674,Nematocera
4361,2293.6798095703125,807.6258001327515,2321.4588012695312,835.3785820007324,0.0007037983159534633,Nematocera
4362,1200.0,263.584716796875,1217.6268882751465,335.5742492675781,0.0007007862441241741,Nematocera
4363,1599.3528747558594,1200.0,1665.098388671875,1217.4874992370605,0.0006867242627777159,Nematocera
4364,3136.7398376464844,354.0104064941406,3149.1195373535156,367.9698791503906,0.0006695154006592929,Nematocera
4365,400.0,212.6328887939453,413.6642093658447,285.6540222167969,0.0006691568996757269,Nematocera
4366,1204.1515407562256,2431.8461894989014,1233.447265625,2449.551544189453,0.0006661141524091363,Nematocera
4367,4169.229034423828,2316.4002380371094,4226.669418334961,2423.2743225097656,0.0006619002087973058,Nematocera
4368,4180.425979614258,912.9147033691406,4208.6211013793945,933.9235534667969,0.0006615025922656059,Nematocera
4369,4108.0053487718105,1944.9641723632812,4115.542902946472,1973.3005065917969,0.0006592453573830426,Nematocera
4370,2093.6329956054688,611.8727722167969,2100.0,646.9637908935547,0.0006499183364212513,Nematocera
4371,3267.6773071289062,2481.9779357910156,3299.7759399414062,2526.156768798828,0.0006461549201048911,Nematocera
4372,3855.7293243408203,482.64990234375,3920.1610717773438,499.94830322265625,0.0006384048610925674,Nematocera
4373,400.0,1625.1133079528809,408.28297901153564,1706.0532531738281,0.0006291226600296795,Nematocera
4374,2840.8133850097656,2038.7777404785156,2869.9468994140625,2063.445098876953,0.0006283604307100177,Nematocera
4375,2501.03564453125,3283.329345703125,2593.6842193603516,3300.0,0.0006249555735848844,Nematocera
4376,3556.1736450195312,2388.2333374023438,3587.226104736328,2411.8884887695312,0.000618091260548681,Nematocera
4377,4108.031879544258,374.8567199707031,4143.352081298828,414.5236511230469,0.0006150660337880254,Nematocera
4378,919.0674743652344,1375.1048278808594,954.8990325927734,1417.7859954833984,0.0006051325472071767,Nematocera
4379,2969.339584350586,2894.18888092041,3000.4055938720703,2921.1216201782227,0.0006009652279317379,Nematocera
4380,3600.0,235.21163940429688,3613.708936691284,295.4418640136719,0.0005988962366245687,Nematocera
4381,2062.3406982421875,296.6891174316406,2100.0,370.9354248046875,0.0005949756596237421,Nematocera
4382,2487.159912109375,1364.7400360107422,2499.9205932617188,1437.8462829589844,0.0005884904530830681,Nematocera
4383,1389.9473876953125,1605.1216559410095,1442.0542907714844,1647.411231994629,0.0005866471328772604,Nematocera
4384,800.827831029892,1291.2989501953125,902.8646697998047,1300.0,0.000584031455218792,Nematocera
4385,2008.4826469421387,3276.2015686035156,2089.2370376586914,3298.7488708496094,0.0005808707210235298,Nematocera
4386,3301.0472869873047,1327.8064575195312,3317.9583892822266,1344.5380401611328,0.0005785699468106031,Nematocera
4387,1689.0410461425781,684.5165710449219,1700.0,735.2378845214844,0.0005739942425861955,Nematocera
4388,597.2914123535156,170.41244506835938,635.0676727294922,189.16464233398438,0.0005734657170251012,Nematocera
4389,4267.5113525390625,810.1437244415283,4299.663192749023,834.0162353515625,0.0005634709377773106,Nematocera
4390,2579.1839599609375,497.80493927001953,2609.0938262939453,516.0587310791016,0.0005551213980652392,Nematocera
4391,3563.837188720703,3215.0791931152344,3604.845184326172,3248.3369140625,0.0005523451836779714,Nematocera
4392,3978.0383911132812,2956.0,4009.2142639160156,2969.543444633484,0.0005448646261356771,Nematocera
4393,444.28167724609375,1238.5978240966797,510.8043212890625,1336.363037109375,0.0005412313039414585,Nematocera
4394,400.0997245311737,744.9310913085938,436.03515625,809.3163452148438,0.0005399552173912525,Nematocera
4395,836.7345886230469,1533.6885375976562,864.2387008666992,1551.9147033691406,0.0005398343200795352,Nematocera
4396,4000.0,581.3959655761719,4008.8573083877563,617.7272491455078,0.0005384930409491062,Nematocera
4397,472.7601013183594,2780.9868774414062,500.0,2893.8295288085938,0.0005364305106922984,Nematocera
4398,1749.5839538574219,985.43017578125,1781.5872955322266,1004.6692199707031,0.0005330276326276362,Nematocera
4399,4183.7049560546875,936.6719207763672,4231.740661621094,984.0266265869141,0.0005320624331943691,Nematocera
4400,1600.0,1073.9912109375,1616.7683296203613,1147.6668701171875,0.000530861085280776,Nematocera
4401,4021.8460998535156,803.5296440124512,4071.1954956054688,839.2395095825195,0.0005302024655975401,Nematocera
4402,3845.676284790039,1849.4796295166016,3863.9238891601562,1864.9972839355469,0.0005247176741249859,Nematocera
4403,3200,524.7468490600586,3211.8347387313843,566.7644958496094,0.0005232719704508781,Nematocera
4404,1412.7182922363281,404.3920545578003,1442.9851989746094,434.8297119140625,0.0005099895060993731,Nematocera
4405,2425.46142578125,1178.156005859375,2471.5527267456055,1207.3593797683716,0.0004963325336575508,Nematocera
4406,1722.6714172363281,607.8895874023438,1752.88720703125,623.5894927978516,0.0004960170481353998,Nematocera
4407,2906.6519470214844,555.5881500244141,2938.5174560546875,584.3454895019531,0.0004955676267854869,Nematocera
4408,4155.384761810303,1317.858741760254,4182.584281921387,1341.4967498779297,0.000491447513923049,Nematocera
4409,3088.0198974609375,2014.7977905273438,3111.345703125,2038.4591979980469,0.00048667413648217916,Nematocera
4410,3548.0271911621094,2400.0,3614.350128173828,2434.3750343322754,0.00048550093197263777,Nematocera
4411,2744.9725952148438,1820.3116912841797,2794.6014099121094,1857.0082702636719,0.000484378106193617,Nematocera
4412,3731.212142944336,1944.0329895019531,3748.9178161621094,1974.4515991210938,0.00048403104301542044,Nematocera
4413,1543.7951049804688,2400,1587.3952026367188,2406.052400112152,0.00048318301560357213,Nematocera
4414,3082.3007202148438,3126.7498321533203,3117.9608459472656,3146.6544799804688,0.00048168282955884933,Nematocera
4415,3680.7450256347656,2217.147201538086,3699.9826049804688,2284.739288330078,0.0004770644591189921,Nematocera
4416,2085.583740234375,3193.1827087402344,2100.0,3286.3136291503906,0.0004739609139505774,Nematocera
4417,3332.9122009277344,2287.8692932128906,3365.565200805664,2317.0723266601562,0.00047342266771011055,Nematocera
4418,3275.291015625,2400.0261276960373,3356.229537963867,2423.7572231292725,0.00047209084732457995,Nematocera
4419,2526.0775833129883,2249.4724731445312,2564.939208984375,2294.7588500976562,0.00046731915790587664,Nematocera
4420,3327.071952819824,1681.8221130371094,3389.9951934814453,1699.9753112792969,0.00046621792716905475,Nematocera
4421,3026.9756774902344,2800,3127.6507263183594,2811.674473762512,0.0004576643696054816,Nematocera
4422,475.919189453125,2956.0,500.0,3057.8944702148438,0.0004546603304333985,Nematocera
4423,1887.8390197753906,1754.1023254394531,1921.2805786132812,1778.7755279541016,0.0004492175648920238,Nematocera
4424,3682.7227478027344,2923.3756561279297,3699.9391479492188,2998.2380447387695,0.00044890036224387586,Nematocera
4425,3220.4336853027344,2800.0,3311.2804412841797,2817.2515563964844,0.0004478592309169471,Nematocera
4426,1165.0248107910156,400,1222.4105224609375,408.807110786438,0.0004430600383784622,Nematocera
4427,292.52777099609375,529.5421600341797,332.0869445800781,575.9635925292969,0.0004376342403702438,Nematocera
4428,4158.551071166992,3286.7896118164062,4253.427597045898,3300.0,0.0004372087132651359,Nematocera
4429,2884.7659912109375,3210.8580169677734,2900.0,3310.9266967773438,0.0004328975628595799,Nematocera
4430,1941.3236999511719,3314.3572387695312,1962.3843688964844,3329.6905212402344,0.0004319614381529391,Nematocera
4431,868.8837890625,1375.1279907226562,905.6915435791016,1461.9673767089844,0.00043126093805767596,Nematocera
4432,1200.0,3038.6338500976562,1223.632791519165,3172.8125915527344,0.0004290096403565258,Nematocera
4433,1318.4161758422852,2444.5345001220703,1366.1117401123047,2467.232955932617,0.0004282747395336628,Nematocera
4434,4000.0,2014.229642868042,4007.6266231536865,2055.8378143310547,0.0004265852621756494,Nematocera
4435,2400.0,2505.8401107788086,2439.3048400878906,2577.1273345947266,0.00042510803905315697,Nematocera
4436,3272.7295837402344,804.9890069961548,3300.0,861.8070678710938,0.00042509828926995397,Nematocera
4437,800.0,3268.1098022460938,844.5296249389648,3369.3180541992188,0.0004215226508677006,Nematocera
4438,1001.5728454589844,1850.3130950927734,1015.9275512695312,1862.4140625,0.00042006830335594714,Nematocera
4439,1162.6140747070312,2974.457534790039,1198.1466369628906,2997.810592651367,0.0004174190107733011,Nematocera
4440,2965.726318359375,123.5555648803711,3078.243896484375,324.5637512207031,0.00041331196553073823,Nematocera
4441,1538.0621032714844,1884.6912231445312,1561.2647094726562,1906.90380859375,0.0004132034373469651,Nematocera
4442,2740.6866455078125,1290.1396789550781,2796.026824951172,1300.0,0.0004109950386919081,Nematocera
4443,2495.6312103271484,475.3730773925781,2571.212188720703,499.9593811035156,0.0004096268385183066,Nematocera
4444,4150.385528564453,2492.2799072265625,4208.178077697754,2500.0,0.00040668455767445266,Nematocera
4445,1859.9043884277344,991.910888671875,1886.6580505371094,1014.3032531738281,0.0004036791215185076,Nematocera
4446,2079.0320434570312,886.5119934082031,2123.9823837280273,900.0,0.0004025562375318259,Nematocera
4447,2295.4227294921875,1609.9256992340088,2324.3611450195312,1628.2678337097168,0.0003997211460955441,Nematocera
4448,1001.7259063720703,3082.4522552490234,1024.4607391357422,3094.518768310547,0.00039832887705415487,Nematocera
4449,1460.6172180175781,355.7774658203125,1479.6170654296875,371.6070556640625,0.0003971002879552543,Nematocera
4450,3778.376266479492,206.67385864257812,3813.3207092285156,272.84149169921875,0.00038652244256809354,Nematocera
4451,3386.928436279297,2836.7594604492188,3413.063720703125,2866.7383880615234,0.0003815466188825667,Nematocera
4452,2487.7378540039062,1460.9019775390625,2499.990936279297,1533.3258666992188,0.0003739160601980984,Nematocera
4453,3562.3480834960938,2262.864013671875,3583.251190185547,2285.3103637695312,0.00037075646105222404,Nematocera
4454,1586.5180053710938,2357.9122619628906,1635.486717224121,2410.4064331054688,0.00036931721842847764,Nematocera
4455,4458.61767578125,3402.735107421875,4499.995574951172,3456.0,0.00036795332562178373,Nematocera
4456,3675.9569091796875,3127.4066772460938,3699.880401611328,3184.326873779297,0.0003674376639537513,Nematocera
4457,4112.412472248077,2226.1993103027344,4148.719234466553,2245.84228515625,0.0003646978293545544,Nematocera
4458,1550.19384765625,491.5018005371094,1596.7716674804688,500.0,0.00036441267002373934,Nematocera
4459,3328.1907501220703,476.5736083984375,3341.705047607422,496.4499816894531,0.00036368382279761136,Nematocera
4460,327.81878662109375,1143.2398681640625,356.0266418457031,1170.3075866699219,0.00036271725548431277,Nematocera
4461,947.3876190185547,2965.047926902771,981.4625091552734,3003.7074584960938,0.0003596579481381923,Nematocera
4462,2800.030231848359,976.0650939941406,2805.334949016571,1037.0147399902344,0.0003590731357689947,Nematocera
4463,4076.2628173828125,3203.407012939453,4100.0,3265.9917907714844,0.00035678723361343145,Nematocera
4464,1125.3807678222656,1055.0144653320312,1142.447998046875,1072.3471069335938,0.0003544845094438642,Nematocera
4465,1276.422119140625,250.19505310058594,1292.2273559570312,272.0674133300781,0.0003522411279845983,Nematocera
4466,457.1288146972656,2448.5113220214844,500.0,2523.0318298339844,0.00034732642234303057,Nematocera
4467,1674.080322265625,2644.6153564453125,1699.7942504882812,2741.5003967285156,0.00034587798290885985,Nematocera
4468,1240.0951766967773,3055.16024017334,1266.0302734375,3080.3778076171875,0.00034147975384257734,Nematocera
4469,400.0,2458.726318359375,430.6931324005127,2500.0,0.00033740943763405085,Nematocera
4470,3691.392791748047,2618.4006958007812,3699.957000732422,2647.292251586914,0.0003335219225846231,Nematocera
4471,1659.152587890625,1200.0814691185951,1697.4290771484375,1221.5940761566162,0.0003328437451273203,Nematocera
4472,3200.016513466835,275.9010314941406,3232.025360107422,338.55322265625,0.0003322182747069746,Nematocera
4473,3797.6703186035156,1977.6456298828125,3830.5504760742188,1995.8099975585938,0.000327331421431154,Nematocera
4474,485.9288330078125,957.9760589599609,499.9068298339844,1029.462890625,0.00032698523136787117,Nematocera
4475,1488.2669982910156,2858.997760772705,1505.5247802734375,2872.5464935302734,0.0003269512380938977,Nematocera
4476,1770.6432189941406,888.9686584472656,1878.6652526855469,900.0,0.00032551278127357364,Nematocera
4477,555.7855987548828,1067.3277282714844,592.0171356201172,1086.5298156738281,0.0003254789626225829,Nematocera
4478,4589.540954589844,181.2364044189453,4608.0,288.222900390625,0.00032485180418007076,Nematocera
4479,996.5777587890625,89.58621978759766,1034.5853576660156,119.94047546386719,0.0003185711975675076,Nematocera
4480,3765.665557861328,1468.1283569335938,3784.7008514404297,1512.4726867675781,0.0003185317327734083,Nematocera
4481,2451.760009765625,2000.0,2500.0,2071.1656036376953,0.00031678492086939514,Nematocera
4482,1169.8671875,1269.0405883789062,1304.6468505859375,1300.0,0.0003157937608193606,Nematocera
4483,3200.1298636198044,3090.581024169922,3252.133689880371,3139.577896118164,0.0003143543435726315,Nematocera
4484,3603.080728530884,101.05097198486328,3641.02254486084,142.481201171875,0.00031369031057693064,Nematocera
4485,1131.3216552734375,141.76402282714844,1159.6464233398438,161.23033142089844,0.0003111267869826406,Nematocera
4486,1630.2954559326172,109.66539001464844,1664.1341552734375,151.23577880859375,0.0003095881547778845,Nematocera
4487,2059.284210205078,1996.274169921875,2107.7723846435547,2078.733169555664,0.0003095781139563769,Nematocera
4488,1977.7727966308594,2956,2013.3916015625,2960.638276576996,0.00030862863059155643,Nematocera
4489,4397.184326171875,2956.0,4482.940490722656,3000.420192718506,0.0003072576073464006,Nematocera
4490,492.1034851074219,2542.020462036133,499.9721984863281,2656.389892578125,0.0003043816250283271,Nematocera
4491,1864.0193786621094,454.0764465332031,1885.9744567871094,479.45230865478516,0.0003021881857421249,Nematocera
4492,1685.8505859375,1488.8572692871094,1699.9589538574219,1570.2477416992188,0.00030162400798872113,Nematocera
4493,3693.359893798828,1945.23779296875,3700.0,2015.4101867675781,0.00030030697234906256,Nematocera
4494,4108.014095753431,1267.1403198242188,4124.1048412323,1301.8995742797852,0.0002998803975060582,Nematocera
4495,2893.918426513672,1658.3212242126465,2899.93896484375,1715.9817581176758,0.0002998040581587702,Nematocera
4496,887.3345031738281,1468.3948974609375,899.9754333496094,1557.6062622070312,0.0002997166302520782,Nematocera
4497,4000.0,1600.0,4042.5141067504883,1632.5645370483398,0.0002986845502164215,Nematocera
4498,2749.813232421875,3263.224639892578,2800.24560546875,3289.5316467285156,0.00029731402173638344,Nematocera
4499,3600.0,2080.9808502197266,3613.9434814453125,2106.8243255615234,0.00029728340450674295,Nematocera
4500,2518.092658996582,3172.769332885742,2568.0844116210938,3214.434356689453,0.0002961648569907993,Nematocera
4501,2444.689868927002,3254.7630310058594,2469.673027038574,3271.9869689941406,0.00029452351736836135,Nematocera
4502,488.7364501953125,2290.8096923828125,528.1991882324219,2304.8551025390625,0.0002925996668636799,Nematocera
4503,1563.0298461914062,1994.8639526367188,1592.2143859863281,2012.9353942871094,0.0002905871660914272,Nematocera
4504,2179.0637969970703,1649.4742317199707,2214.5360260009766,1671.2681198120117,0.0002904835855588317,Nematocera
4505,673.6923217773438,2511.747833251953,696.4513854980469,2525.258613586426,0.0002891633484978229,Nematocera
4506,2393.06396484375,884.5131530761719,2451.4224853515625,900.0,0.0002878507657442242,Nematocera
4507,2893.8024291992188,2884.773048400879,2936.9853515625,2945.5108337402344,0.00028647747240029275,Nematocera
4508,1127.814208984375,483.59307861328125,1205.19677734375,499.94097900390625,0.00028557784389704466,Nematocera
4509,1891.9497680664062,2400.0,1978.8892822265625,2422.7197589874268,0.0002855021448340267,Nematocera
4510,3048.445556640625,104.92506408691406,3135.25732421875,255.0474853515625,0.00028070618282072246,Nematocera
4511,2644.0909118652344,852.6280746459961,2664.652587890625,873.8724670410156,0.0002783616946544498,Nematocera
4512,3407.8463134765625,2338.3474731445312,3435.2129516601562,2352.6907348632812,0.00027812906773760915,Nematocera
4513,2848.3566284179688,3274.2150268554688,2915.7130966186523,3300.0,0.0002744575322140008,Nematocera
4514,2888.978240966797,213.98439025878906,2899.963897705078,271.835693359375,0.0002730468404479325,Nematocera
4515,3467.1127319335938,1231.3680725097656,3516.1107177734375,1274.2024688720703,0.00027031160425394773,Nematocera
4516,1133.8514404296875,1290.2026062011719,1172.2174987792969,1299.9361877441406,0.00026986506418325007,Nematocera
4517,4549.565032958984,832.3898315429688,4608.0,900.0,0.00026748969685286283,Nematocera
4518,1677.7164306640625,144.83990478515625,1699.9983215332031,232.21788024902344,0.00026728014927357435,Nematocera
4519,1286.7174072265625,2184.7210693359375,1300.0,2265.3881225585938,0.0002656780125107616,Nematocera
4520,2825.1412868499756,2870.5581665039062,2935.6810150146484,2900.0,0.00026542405248619616,Nematocera
4521,2609.5347595214844,2519.85050201416,2629.8509368896484,2533.7483825683594,0.0002627541252877563,Nematocera
4522,1153.1510925292969,3431.4329833984375,1267.6035461425781,3455.943878173828,0.000262187299085781,Nematocera
4523,1200.0,1471.6512756347656,1211.0829887390137,1541.7937622070312,0.00026180114946328104,Nematocera
4524,4000.0956624746323,748.150634765625,4032.0020179748535,815.4839477539062,0.0002616159908939153,Nematocera
4525,2075.5331115722656,2172.2298889160156,2100.0,2263.0484008789062,0.00026041202363558114,Nematocera
4526,1775.8472747802734,309.0960388183594,1816.8026885986328,363.1570739746094,0.00026029188302345574,Nematocera
4527,821.9464664459229,486.65667724609375,927.4280548095703,500.0,0.0002602911554276943,Nematocera
4528,283.7554931640625,1666.3309936523438,393.18975830078125,1700.0,0.0002590393996797502,Nematocera
4529,478.6823959350586,2800.0,580.3297576904297,2813.343437194824,0.00025855802232399583,Nematocera
4530,3669.9891052246094,467.0948486328125,3699.7942810058594,500.0,0.0002577902632765472,Nematocera
4531,800.0,533.6619415283203,843.7389717102051,603.5561828613281,0.00025360958534292877,Nematocera
4532,377.8768615722656,2800.0,449.60174560546875,2827.656219482422,0.00025310326600447297,Nematocera
4533,1787.411849975586,996.3935546875,1798.4280548095703,1006.6809234619141,0.00025137269403785467,Nematocera
4534,4000,2469.56746673584,4008.1996507644653,2523.2069702148438,0.0002511510974727571,Nematocera
4535,3644.7963333129883,3034.8558044433594,3666.8637619018555,3055.243438720703,0.00024896557442843914,Nematocera
4536,1200.0359237194061,2866.040802001953,1239.4907493591309,2899.9996337890625,0.00024700857466086745,Nematocera
4537,2515.006637573242,2891.909698486328,2590.790557861328,2900.0,0.00024621194461360574,Nematocera
4538,1660.1733093261719,542.3918914794922,1699.9621276855469,612.1680908203125,0.0002450096944812685,Nematocera
4539,1151.6455078125,1595.1916198730469,1183.8205871582031,1607.8514709472656,0.0002444002602715045,Nematocera
4540,1172.24072265625,2927.174087524414,1206.378173828125,2944.179656982422,0.00024384142307098955,Nematocera
4541,316.321044921875,2483.063995361328,440.9668884277344,2500.0,0.00024274842871818691,Nematocera
4542,1162.0776977539062,508.2688293457031,1194.2528686523438,530.5931091308594,0.00024247777764685452,Nematocera
4543,4000.0,2874.886917114258,4015.509268760681,2921.6658325195312,0.0002403188991593197,Nematocera
4544,1200.0,1909.436767578125,1240.7012672424316,1987.8114624023438,0.00023906856949906796,Nematocera
4545,830.5036926269531,1654.0363311767578,900.0,1734.2086029052734,0.00023869937285780907,Nematocera
4546,3647.430908203125,2891.8010864257812,3731.984878540039,2900.0,0.00023557836539112031,Nematocera
4547,3599.935760498047,2400.0,3664.3915100097656,2412.167453765869,0.00023457086354028434,Nematocera
4548,844.1953239440918,3135.631591796875,894.7976837158203,3173.436004638672,0.00023182651784736663,Nematocera
4549,492.85951232910156,2400.001485645771,526.9924621582031,2411.9035139083862,0.0002316208410775289,Nematocera
4550,2256.080780029297,3280.837158203125,2296.451629638672,3299.420196533203,0.0002311449497938156,Nematocera
4551,1175.0873413085938,1274.447998046875,1196.636474609375,1296.3087158203125,0.00023056255304254591,Nematocera
4552,453.91948318481445,1974.8564758300781,472.5641174316406,1998.659912109375,0.0002298917097505182,Nematocera
4553,3574.9850158691406,376.0945739746094,3607.061279296875,392.7542724609375,0.0002292932476848364,Nematocera
4554,711.0859985351562,44.22727584838867,729.1626586914062,58.884727478027344,0.00022855245333630592,Nematocera
4555,3670.1027069091797,2923.8826065063477,3700.501968383789,2945.4976348876953,0.0002274428989039734,Nematocera
4556,3957.4901733398438,1246.7129821777344,3995.773895263672,1275.1578369140625,0.00022583927784580737,Nematocera
4557,880.461051940918,2000.0,959.0438079833984,2024.3009185791016,0.00022139083012007177,Nematocera
4558,1011.5020294189453,1771.3419189453125,1067.4680786132812,1800.8500518798828,0.00022074375010561198,Nematocera
4559,3094.4178466796875,3278.9161071777344,3156.511688232422,3300.0,0.00021868344629183412,Nematocera
4560,2400.054979324341,2834.851318359375,2440.7243270874023,2899.4790649414062,0.00021843213471584022,Nematocera
4561,3817.041488647461,2956.0,3902.6356811523438,2986.8637733459473,0.00021812159684486687,Nematocera
4562,1953.2987976074219,520.5649032592773,1980.6551818847656,543.3909301757812,0.00021761037351097912,Nematocera
4563,2053.959930419922,2465.293975830078,2100.0,2500.0,0.0002169048530049622,Nematocera
4564,1277.7969284057617,2084.5128173828125,1343.3236541748047,2100.0,0.00021643692161887884,Nematocera
4565,3358.9579315185547,1490.8681030273438,3393.5430755615234,1503.3692016601562,0.00021617622405756265,Nematocera
4566,1291.2998046875,688.3318786621094,1299.9417724609375,764.66015625,0.00021510524675250053,Nematocera
4567,3600.0095039606094,2198.294448852539,3632.1683349609375,2247.7456970214844,0.00021456323156598955,Nematocera
4568,4138.214786529541,676.0424194335938,4163.993682861328,698.1012878417969,0.00021300754451658577,Nematocera
4569,805.138671875,2468.5469970703125,900.0,2500.0,0.00021169916726648808,Nematocera
4570,1094.9250793457031,479.1716003417969,1155.1346435546875,499.9800109863281,0.00021143449703231454,Nematocera
4571,3049.670700073242,910.0301513671875,3091.888153076172,939.6763610839844,0.0002107684558723122,Nematocera
4572,1600.0237375497818,2643.606948852539,1606.6615552902222,2701.5025024414062,0.0002102867147186771,Nematocera
4573,601.7346801757812,2980.7716941833496,647.6951141357422,2997.301280975342,0.000210223559406586,Nematocera
4574,4108.197613239288,2109.244583129883,4136.995635986328,2133.934066772461,0.0002097246324410662,Nematocera
4575,3200.0,2617.208953857422,3207.4765391349792,2673.196746826172,0.00020872282038908452,Nematocera
4576,3225.0433044433594,2126.1168823242188,3263.7395935058594,2143.1927032470703,0.0002084283041767776,Nematocera
4577,800.3798067569733,1427.1552124023438,826.7825603485107,1475.2751770019531,0.00020751119882334024,Nematocera
4578,2965.643264770508,2089.5000610351562,3054.6161193847656,2099.998291015625,0.00020404472888913006,Nematocera
4579,405.97543716430664,862.2745361328125,505.71668243408203,900.0,0.00020360939379315823,Nematocera
4580,2878.1278076171875,1283.4405822753906,2899.6729431152344,1299.9359130859375,0.00020255870185792446,Nematocera
4581,2085.0623931884766,2588.9634399414062,2113.595375061035,2603.494857788086,0.00020198033598717302,Nematocera
4582,4161.722518920898,2893.1405029296875,4218.026779174805,2900.0,0.00020099170797038823,Nematocera
4583,2139.3844146728516,1084.55810546875,2162.593505859375,1104.2077026367188,0.00020060937094967812,Nematocera
4584,4056.59903717041,100.99341583251953,4081.751510620117,126.8299331665039,0.0001999924861593172,Nematocera
4585,643.5806274414062,1147.4180603027344,668.7552490234375,1164.4277954101562,0.00019932162831537426,Nematocera
4586,864.7532348632812,2961.3021578788757,894.1782836914062,2977.035858154297,0.00019912693824153394,Nematocera
4587,472.1737365722656,1600.0007696449757,569.5707397460938,1610.793231010437,0.0001989965239772573,Nematocera
4588,768.9170227050781,211.82203674316406,787.1408996582031,231.6611328125,0.0001978826621780172,Nematocera
4589,0.0,0.0,80.92658233642578,14.823490142822266,0.00019783945754170418,Nematocera
4590,455.2756652832031,903.6076049804688,481.4585266113281,929.0057067871094,0.00019622474792413414,Nematocera
4591,2894.59228515625,711.6851806640625,2900.0,745.8583984375,0.00019462784985080361,Nematocera
4592,2107.8185119628906,453.10461044311523,2168.5148315429688,499.1141052246094,0.00019394631090108305,Nematocera
4593,2462.309700012207,105.33549499511719,2487.6926498413086,127.23021697998047,0.00019318185513839126,Nematocera
4594,1833.3113708496094,613.9515838623047,1854.4612884521484,631.1085205078125,0.0001913975429488346,Nematocera
4595,3801.5257873535156,1028.9246063232422,3838.8705291748047,1050.1536407470703,0.00019035724108107388,Nematocera
4596,800.0000432133675,2445.600799560547,821.4968585968018,2500.0,0.00019014373538084328,Nematocera
4597,2087.3761291503906,2566.987258911133,2100.0,2667.6611938476562,0.0001899826165754348,Nematocera
4598,1778.0901794433594,2884.8368530273438,1886.3741455078125,2899.9051208496094,0.00018975359853357077,Nematocera
4599,1400.7352294921875,1290.9772033691406,1505.8221435546875,1300.0,0.00018957907741423696,Nematocera
4600,3137.99169921875,143.1457977294922,3159.7157592773438,161.78343200683594,0.00018928034114651382,Nematocera
4601,919.4182662963867,227.10580444335938,943.9039459228516,250.3815155029297,0.0001887733378680423,Nematocera
4602,1688.5353088378906,1353.2421875,1699.9708251953125,1425.9263000488281,0.00018744768749456853,Nematocera
4603,2059.5686950683594,2744.9698791503906,2091.746612548828,2762.0265197753906,0.00018708645075093955,Nematocera
4604,2125.3002166748047,89.72771453857422,2157.770965576172,134.02626037597656,0.0001869650004664436,Nematocera
4605,400.0034138560295,2093.7273712158203,412.78545665740967,2145.0633544921875,0.00018590092076919973,Nematocera
4606,4084.715850830078,1654.5705871582031,4100.0,1699.8725891113281,0.0001851355191320181,Nematocera
4607,1633.3473205566406,400.04782266914845,1682.9339752197266,406.1032066345215,0.00018481488223187625,Nematocera
4608,267.70220947265625,502.8520812988281,303.3459777832031,524.4308242797852,0.00018453576194588095,Nematocera
4609,2485.967315673828,2314.7847595214844,2500.0,2386.6089782714844,0.00018425550661049783,Nematocera
4610,2361.2833557128906,2956.120835006237,2398.3794555664062,2973.9508514404297,0.00018396918312646449,Nematocera
4611,988.7992553710938,753.9533081054688,1019.9927978515625,797.7452392578125,0.00018272237502969801,Nematocera
4612,472.633544921875,3202.3226623535156,500.0,3354.5201721191406,0.00018232678121421486,Nematocera
4613,497.46419525146484,1019.56591796875,537.5894470214844,1033.4393463134766,0.0001820884208427742,Nematocera
4614,3690.1671752929688,1200.3162562847137,3699.908203125,1250.5113372802734,0.00017798307817429304,Nematocera
4615,2800.065591186285,1710.6775283813477,2814.9282875061035,1767.9478607177734,0.00017610908253118396,Nematocera
4616,152.65631103515625,2602.126937866211,163.63473510742188,2613.219497680664,0.0001742196036502719,Nematocera
4617,2400.3271654248238,2895.5496368408203,2414.2470989227295,2945.0038452148438,0.00017039086378645152,Nematocera
4618,420.1098327636719,2930.804916381836,442.40355682373047,2943.085174560547,0.00017029956507030874,Nematocera
4619,2400.0,3085.3162841796875,2421.323459625244,3204.207275390625,0.00017007709539029747,Nematocera
4620,154.61997985839844,1038.225601196289,180.89222717285156,1129.4748840332031,0.00016961035726126283,Nematocera
4621,2071.0201416015625,2858.838409423828,2100.0,2900.0,0.00016909572877921164,Nematocera
4622,2101.3513107299805,2110.342529296875,2127.431198120117,2140.2802734375,0.0001689138007350266,Nematocera
4623,3897.1690063476562,1566.6101989746094,3924.5077209472656,1607.5624084472656,0.00016852977569215,Nematocera
4624,3094.56982421875,1279.8789367675781,3130.251739501953,1299.6593933105469,0.00016770327056292444,Nematocera
4625,2400.0,1908.1053161621094,2420.8880195617676,1954.6636657714844,0.00016679840337019414,Nematocera
4626,2895.300338745117,2891.153045654297,2981.0123901367188,2899.9754028320312,0.00016659620450809598,Nematocera
4627,2885.86083984375,2434.1714782714844,2899.9835815429688,2500.0,0.00016650615725666285,Nematocera
4628,4128.205484390259,400,4176.931983947754,438.68847274780273,0.00016472017159685493,Nematocera
4629,3347.2122497558594,655.7835083007812,3396.5482177734375,687.5951843261719,0.00016408013470936567,Nematocera
4630,1045.0735626220703,1236.9267883300781,1061.2330322265625,1259.9105224609375,0.00016398003208450973,Nematocera
4631,948.8954010009766,2400.383273512125,967.7875213623047,2425.9305744171143,0.00016387499636039138,Nematocera
4632,419.5154457092285,568.3440399169922,447.23406982421875,582.3284454345703,0.00016384077025577426,Nematocera
4633,3285.3888549804688,2090.54296875,3323.951103210449,2099.9775390625,0.00016370444791391492,Nematocera
4634,1862.2107849121094,1289.3936157226562,1945.7540588378906,1300.0,0.00016366604540962726,Nematocera
4635,3200.1213759183884,2067.8798828125,3231.6248836517334,2099.9061584472656,0.00016363452596124262,Nematocera
4636,3600.1627683639526,3011.505298614502,3627.052297592163,3037.329490661621,0.00016322826559189707,Nematocera
4637,1076.5664367675781,703.9194030761719,1099.7342224121094,732.5337524414062,0.00016264349687844515,Nematocera
4638,2886.7948608398438,2874.6640243530273,2900.0,2985.092025756836,0.00016240018885582685,Nematocera
4639,3155.7813720703125,2485.9774475097656,3248.4273986816406,2499.9671020507812,0.0001622407726245001,Nematocera
4640,1015.3298187255859,1045.8883819580078,1052.2740173339844,1138.6951904296875,0.00016209835303016007,Nematocera
4641,2330.9950256347656,3123.7771606445312,2351.8756408691406,3136.0935668945312,0.0001605002034921199,Nematocera
4642,1280.994140625,1200,1299.879638671875,1221.6138610839844,0.00015865587920416147,Nematocera
4643,944.4222869873047,129.08447265625,968.9862670898438,145.70362854003906,0.00015706215344835073,Nematocera
4644,1291.6584167480469,702.5440979003906,1311.3058242797852,713.0451049804688,0.0001568678708281368,Nematocera
4645,1265.7687683105469,400.0143274664879,1300.0,410.4855194091797,0.00015658304619137198,Nematocera
4646,2027.823751449585,2944.184524536133,2062.2051429748535,2987.076156616211,0.0001564988779136911,Nematocera
4647,2144.143280029297,613.3961029052734,2169.52880859375,640.4859771728516,0.0001563883270137012,Nematocera
4648,2097.6817169189453,2872.7142944335938,2121.893814086914,2885.296562194824,0.0001545269915368408,Nematocera
4649,4403.863708496094,2000.0,4487.6346435546875,2044.1950798034668,0.00015286261623259634,Nematocera
4650,3602.810089111328,1258.3909034729004,3624.867919921875,1284.373161315918,0.0001520151854492724,Nematocera
4651,2465.717803955078,3414.5240478515625,2499.9932250976562,3456.0,0.00015175464795902371,Nematocera
4652,3600,1284.4673156738281,3613.076597213745,1300.0,0.0001515592884970829,Nematocera
4653,2887.9856567382812,96.54719543457031,2899.927764892578,150.6035614013672,0.00015151362458709627,Nematocera
4654,1967.5738525390625,442.6018486022949,1996.727294921875,474.8261413574219,0.00015145237557590008,Nematocera
4655,2956.5399017333984,800.0084698200226,2994.2726287841797,808.5543613433838,0.0001514190371381119,Nematocera
4656,4079.7778930664062,1534.3603210449219,4099.585906982422,1556.2135620117188,0.00015074826660566032,Nematocera
4657,4592.804870605469,3104.9981079101562,4607.965423583984,3200.4597778320312,0.0001500940852565691,Nematocera
4658,2863.136474609375,3417.75927734375,2900.0,3456.0,0.0001493659510742873,Nematocera
4659,3469.081268310547,2956.0830836594105,3529.845001220703,2967.1238317489624,0.0001486667024437338,Nematocera
4660,1858.6808776855469,2091.886199951172,1928.9595947265625,2100.0,0.00014796355389989913,Nematocera
4661,4108.0,2696.9541931152344,4133.506258010864,2774.5982666015625,0.00014737440505996346,Nematocera
4662,2634.5413513183594,2144.250732421875,2658.2122192382812,2171.7120666503906,0.00014709742390550673,Nematocera
4663,1796.1170501708984,800.0,1863.8491516113281,805.1728549003601,0.00014626802294515073,Nematocera
4664,450.9969787597656,2328.3802490234375,492.226806640625,2351.664031982422,0.0001459185004932806,Nematocera
4665,4000.002208352089,3095.4971618652344,4010.1748752593994,3130.2266845703125,0.0001434006408089772,Nematocera
4666,990.467041015625,2480.663055419922,1066.6315612792969,2499.932373046875,0.00014334075967781246,Nematocera
4667,4081.999382019043,2800.0684812664986,4131.428237915039,2808.1869688034058,0.00014222285244613886,Nematocera
4668,1273.70166015625,1058.3605346679688,1300.0,1093.3226928710938,0.0001420398912159726,Nematocera
4669,3200.3743171691895,2212.6461334228516,3220.2649421691895,2248.787857055664,0.0001416760205756873,Nematocera
4670,2746.889678955078,3289.995849609375,2833.2877502441406,3300.0,0.00014105165610089898,Nematocera
4671,1008.1385192871094,1626.3451042175293,1031.3720245361328,1643.3345947265625,0.00014075229410082102,Nematocera
4672,2641.340591430664,1210.6681213378906,2665.223602294922,1236.9618835449219,0.00014061453111935407,Nematocera
4673,884.1398391723633,196.67340087890625,914.4698181152344,219.2812957763672,0.00013910025882069021,Nematocera
4674,3261.803924560547,2002.6730835437775,3299.903778076172,2062.733123779297,0.00013908831169828773,Nematocera
4675,494.1248321533203,613.5816040039062,519.8305740356445,633.0901641845703,0.0001377075386699289,Nematocera
4676,2734.3582763671875,883.8614349365234,2759.963897705078,942.6718597412109,0.00013538490748032928,Nematocera
4677,2126.6901473999023,137.9304656982422,2162.216781616211,161.84446716308594,0.0001350941020064056,Nematocera
4678,2679.758544921875,1600.219763815403,2713.878692626953,1613.275694847107,0.0001341323077213019,Nematocera
4679,3273.6754455566406,2079.4339294433594,3299.6966247558594,2100.0,0.00013176552602089942,Nematocera
4680,2367.737518310547,477.3963317871094,2405.067108154297,499.9862060546875,0.00013165437849238515,Nematocera
4681,2400,1662.9210510253906,2425.1562156677246,1700.0,0.00013143097748979926,Nematocera
4682,2085.5364685058594,298.5291442871094,2100.0,379.52093505859375,0.00013105741527397186,Nematocera
4683,2400.0502794981003,223.6318359375,2433.249126434326,286.8289794921875,0.000130959102534689,Nematocera
4684,2916.6593170166016,2945.235565185547,2948.8988647460938,2958.9989471435547,0.00013093712914269418,Nematocera
4685,3080.7723999023438,541.9109039306641,3107.4166259765625,559.7201538085938,0.00013075346942059696,Nematocera
4686,712.5657653808594,3065.589599609375,746.4598999023438,3083.453971862793,0.00013009071699343622,Nematocera
4687,877.2526702880859,2489.093505859375,969.8926239013672,2500.0,0.00012955532292835414,Nematocera
4688,1361.7474975585938,105.73434448242188,1382.7249450683594,127.797607421875,0.00012904709728900343,Nematocera
4689,2489.814178466797,710.1240539550781,2500.0,762.6885375976562,0.00012757509830407798,Nematocera
4690,2211.4329833984375,1289.3320007324219,2267.9342651367188,1299.9719543457031,0.00012742896797135472,Nematocera
4691,4552.660583496094,1600.0,4608.0,1650.6233291625977,0.0001249425404239446,Nematocera
4692,3893.4136962890625,2206.117919921875,3925.15185546875,2240.44970703125,0.00012412659998517483,Nematocera
4693,722.0053100585938,866.6702651977539,754.5751647949219,882.52001953125,0.0001237304968526587,Nematocera
4694,4575.619476318359,634.2107238769531,4608.0,732.0529479980469,0.00012351405166555196,Nematocera
4695,2800.0,2080.2418823242188,2856.858455657959,2099.929901123047,0.00012277568748686463,Nematocera
4696,1170.8848876953125,2549.2063598632812,1194.7587890625,2572.2540435791016,0.00012259191134944558,Nematocera
4697,2404.1982889175415,1281.1317443847656,2494.3824768066406,1299.9832153320312,0.00012253873865120113,Nematocera
4698,2400.346727669239,2566.2845153808594,2424.746925354004,2615.0213775634766,0.0001212052084156312,Nematocera
4699,1641.8619079589844,1800.7288970947266,1667.7179260253906,1824.8970031738281,0.00012117099686292931,Nematocera
4700,1354.2657775878906,2080.5562133789062,1425.2387084960938,2099.9732055664062,0.00012116569268982857,Nematocera
4701,1600.0912219285965,1672.8825988769531,1646.4041633605957,1699.9335632324219,0.00012097923900000751,Nematocera
4702,3285.407440185547,2479.449417114258,3299.763671875,2525.2717514038086,0.00012083753972547129,Nematocera
4703,1902.4781188964844,2488.5599975585938,1983.4932861328125,2500.0,0.00012042160960845649,Nematocera
4704,888.6478881835938,2000.0,900.0,2045.7485313415527,0.00011955307854805142,Nematocera
4705,2375.4755859375,1683.3779296875,2423.0137329101562,1699.9749145507812,0.00011832796008093283,Nematocera
4706,662.7337036132812,2421.5703125,699.4795227050781,2442.3535232543945,0.00011789952986873686,Nematocera
4707,4091.7479553222656,2882.13516998291,4099.964050292969,2968.1939086914062,0.00011730785627150908,Nematocera
4708,3285.086639404297,2828.29931640625,3299.9874572753906,2917.7376708984375,0.00011656867718556896,Nematocera
4709,2889.134796142578,1105.8815002441406,2899.815948486328,1156.9551391601562,0.00011604255269048735,Nematocera
4710,3010.5167846679688,2660.3958740234375,3037.769271850586,2678.5963439941406,0.00011580731370486319,Nematocera
4711,646.1476287841797,2065.394950866699,678.6533203125,2086.415496826172,0.00011571591312531382,Nematocera
4712,2064.6139526367188,2201.9649047851562,2107.0139541625977,2224.138687133789,0.00011534202349139377,Nematocera
4713,400.03279969096184,475.8865661621094,406.37137746810913,532.9623870849609,0.00011518836254253983,Nematocera
4714,436.57640075683594,845.0116271972656,480.25936126708984,881.5892333984375,0.0001150928292190656,Nematocera
4715,918.240478515625,507.0903091430664,940.7430877685547,523.3132629394531,0.00011503402492962778,Nematocera
4716,2686.9971313476562,2800.000849366188,2736.3867797851562,2809.5418815612793,0.0001145118658314459,Nematocera
4717,1872.1015014648438,889.4310913085938,1932.8270568847656,900.0,0.00011426067794673145,Nematocera
4718,1079.5529479980469,1600,1135.4219360351562,1610.7166604995728,0.00011288582754787058,Nematocera
4719,327.73944091796875,131.04307556152344,364.9306335449219,157.4566192626953,0.00011238231672905385,Nematocera
4720,1633.9471740722656,1600.0154428184032,1690.5862731933594,1605.8966031074524,0.0001117670617531985,Nematocera
4721,1600.06661452353,1286.9221420288086,1604.8190288543701,1318.6617126464844,0.00011165841715410352,Nematocera
4722,3365.1353607177734,435.6187744140625,3386.894577026367,461.93017578125,0.00011141218419652432,Nematocera
4723,3895.7706298828125,2416.4857788085938,3919.2158813476562,2436.8410034179688,0.00011092764179920778,Nematocera
4724,4108.0,1024.6929473876953,4127.583574295044,1060.9931335449219,0.00011059503594879061,Nematocera
4725,4000.0,1259.6023330688477,4039.8590698242188,1308.1278228759766,0.00011045244900742546,Nematocera
4726,3509.9115295410156,2000.5658566951752,3557.5885620117188,2029.4752178192139,0.00011013240873580799,Nematocera
4727,2355.2108154296875,1200.0,2416.1668701171875,1206.1669311523438,0.00011003762483596802,Nematocera
4728,479.1518249511719,1600.0,499.9201354980469,1689.1930313110352,0.00010986189590767026,Nematocera
4729,3623.623565673828,2956.0,3675.9805603027344,2963.101854801178,0.00010969670984195545,Nematocera
4730,2484.45166015625,400.0,2545.6559295654297,437.7109832763672,0.00010969619324896485,Nematocera
4731,404.37384033203125,2012.6008930206299,444.6272888183594,2039.9156188964844,0.00010962057422148064,Nematocera
4732,1600.0,1274.2134094238281,1635.3262214660645,1300.0,0.00010902959911618382,Nematocera
4733,3237.2342529296875,2447.1961975097656,3272.286376953125,2490.2748107910156,0.00010863958596019074,Nematocera
4734,377.53466796875,2605.4364624023438,406.9814147949219,2618.5135345458984,0.00010843548807315528,Nematocera
4735,103.8564682006836,2490.1902770996094,185.0751953125,2500.0,0.0001082359958672896,Nematocera
4736,1895.8892211914062,1303.2323379516602,1914.54736328125,1317.6430206298828,0.00010810625099111348,Nematocera
4737,1123.7850646972656,1911.0608520507812,1154.3904724121094,1935.1067199707031,0.00010734627721831203,Nematocera
4738,4108.002579391003,3033.6990814208984,4126.0859375,3093.7630310058594,0.00010614528582664207,Nematocera
4739,530.7293701171875,332.92376708984375,556.8623352050781,347.77447509765625,0.00010578091314528137,Nematocera
4740,4592.379821777344,419.2318115234375,4608.0,512.5897903442383,0.00010535972251091152,Nematocera
4741,2558.867401123047,2762.2273559570312,2587.602020263672,2783.4695739746094,0.0001051496437867172,Nematocera
4742,1382.0028533935547,484.32421875,1504.6537780761719,499.9417724609375,0.00010508119157748297,Nematocera
4743,3566.48291015625,2687.0051879882812,3586.199737548828,2708.957275390625,0.00010451307753100991,Nematocera
4744,3388.6356048583984,2216.4391021728516,3418.6461639404297,2234.355499267578,0.00010410785034764558,Nematocera
4745,3200.071260333061,322.25762939453125,3232.3163566589355,354.84320068359375,0.00010373612894909456,Nematocera
4746,2344.3289184570312,183.00437927246094,2371.6878051757812,199.38485717773438,0.00010363942419644445,Nematocera
4747,884.7702026367188,3213.8545837402344,900.0,3314.9862060546875,0.00010329469660064206,Nematocera
4748,3705.951072692871,1277.9990234375,3757.9385681152344,1299.9064331054688,0.00010196696530329064,Nematocera
4749,2215.5885162353516,2800.65478682518,2242.678024291992,2833.718120574951,0.00010176327486988157,Nematocera
4750,3306.93359375,2090.1595153808594,3337.6902618408203,2099.865997314453,0.00010139935329789296,Nematocera
4751,1242.9092750549316,903.4264297485352,1268.2440185546875,925.8622436523438,0.00010136145283468068,Nematocera
4752,2600.247528076172,3025.427719116211,2633.8238220214844,3043.1068725585938,9.961360046872869e-05,Nematocera
4753,2424.25279045105,2557.6780548095703,2452.1806411743164,2572.979705810547,9.955975110642612e-05,Nematocera
4754,4207.520431518555,3102.3676147460938,4241.220947265625,3115.057159423828,9.95510199572891e-05,Nematocera
4755,2695.5799560546875,800.3995448350906,2721.5333557128906,813.633957862854,9.781189874047413e-05,Nematocera
4756,3527.450653076172,2436.373935699463,3559.4009399414062,2453.0816383361816,9.748376032803208e-05,Nematocera
4757,4227.371757507324,1001.6411743164062,4253.758575439453,1016.0926055908203,9.724820120027289e-05,Nematocera
4758,2884.062957763672,1292.665054321289,2899.8477783203125,1316.7669525146484,9.724560368340462e-05,Nematocera
4759,1775.4864501953125,109.88969421386719,1803.5913696289062,127.03768920898438,9.71145709627308e-05,Nematocera
4760,642.2109069824219,219.07815551757812,660.9877014160156,239.65853881835938,9.708993457024917e-05,Nematocera
4761,381.9490966796875,1566.6032104492188,407.1827392578125,1580.1158447265625,9.679210052127019e-05,Nematocera
4762,2820.3272705078125,1098.70703125,2833.0216369628906,1112.2359619140625,9.595553274266422e-05,Nematocera
4763,1803.5319366455078,2686.8341674804688,1837.2322082519531,2711.9727783203125,9.537616278976202e-05,Nematocera
4764,1286.58203125,1623.7407836914062,1300.0,1700.0,9.499493899056688e-05,Nematocera
4765,782.9053039550781,1679.5662841796875,868.4721374511719,1699.9896850585938,9.488692739978433e-05,Nematocera
4766,2583.4104614257812,1070.3250427246094,2617.5428466796875,1096.7621459960938,9.400048293173313e-05,Nematocera
4767,1.1237189769744873,1597.4786376953125,23.728906631469727,1651.1741638183594,9.375662921229377e-05,Nematocera
4768,4074.5750427246094,2236.790557861328,4099.939147949219,2291.2652893066406,9.334742208011448e-05,Nematocera
4769,2480.9125061035156,862.1370315551758,2499.7965698242188,917.1233444213867,9.327704174211249e-05,Nematocera
4770,857.6094856262207,3032.1852264404297,896.0398712158203,3049.6026458740234,9.267927816836163e-05,Nematocera
4771,1534.3750610351562,171.551513671875,1574.9640197753906,192.78103637695312,9.199538908433169e-05,Nematocera
4772,1495.2225341796875,2400,1560.4418029785156,2406.190124988556,9.196266910294071e-05,Nematocera
4773,3547.006317138672,2706.3831787109375,3562.4692993164062,2718.467010498047,9.183603833662346e-05,Nematocera
4774,2601.159622192383,728.0356750488281,2623.3104248046875,743.4534912109375,9.168535325443372e-05,Nematocera
4775,1345.4789581298828,2892.2625427246094,1435.9253387451172,2900.0,9.107330697588623e-05,Nematocera
4776,1687.8912048339844,2661.4735717773438,1699.8241577148438,2736.2052001953125,9.104994387598708e-05,Nematocera
4777,1290.7648010253906,1055.3528747558594,1300.0,1134.01708984375,9.102459443965927e-05,Nematocera
4778,456.98571014404297,2000.0,532.9040069580078,2028.612232208252,9.100922761717811e-05,Nematocera
4779,2669.5418090820312,2561.3999786376953,2696.824920654297,2576.5587158203125,9.073504770640284e-05,Nematocera
4780,3780.442840576172,1600.0,3817.733123779297,1615.1027145385742,9.073003457160667e-05,Nematocera
4781,1307.0005416870117,2264.3306884765625,1332.8500213623047,2287.7609252929688,9.040212171385065e-05,Nematocera
4782,2800.8810728788376,2868.869613647461,2831.586399078369,2891.2510147094727,9.018436685437337e-05,Nematocera
4783,2936.1957092285156,1292.2959289550781,3002.559066772461,1299.9478454589844,9.01219536899589e-05,Nematocera
4784,3817.1022338867188,2487.477264404297,3850.9027404785156,2499.8264770507812,8.954440272646025e-05,Nematocera
4785,3273.4764099121094,2800.0,3300.0,2842.2509803771973,8.936697122408077e-05,Nematocera
4786,1380.396240234375,1685.9866638183594,1418.6732025146484,1699.5341796875,8.929047908168286e-05,Nematocera
4787,1582.2310791015625,1631.0422039031982,1607.6261901855469,1643.0638885498047,8.912332850741223e-05,Nematocera
4788,1416.3118286132812,2085.555938720703,1518.4849853515625,2099.932586669922,8.903234993340448e-05,Nematocera
4789,4594.687744140625,1218.3687133789062,4608.0,1346.8816986083984,8.883678674465045e-05,Nematocera
4790,678.1554260253906,3187.84033203125,709.0086975097656,3200.2420043945312,8.853791223373264e-05,Nematocera
4791,1366.8876342773438,2575.0270080566406,1396.9831237792969,2591.3171997070312,8.832363528199494e-05,Nematocera
4792,1873.1400451660156,2100.447929382324,1894.7222595214844,2112.46329498291,8.815038745524362e-05,Nematocera
4793,2650.2327880859375,493.25140380859375,2703.175262451172,500.0,8.748414256842807e-05,Nematocera
4794,2901.580497741699,474.7078857421875,2977.383255004883,499.9102478027344,8.685075590619817e-05,Nematocera
4795,1158.7851867675781,530.0495147705078,1192.1164855957031,544.9733276367188,8.633104880573228e-05,Nematocera
4796,476.1395568847656,1564.8818969726562,499.749267578125,1626.6737060546875,8.62652959767729e-05,Nematocera
4797,2981.2689819335938,1660.8441696166992,3018.862564086914,1677.4651260375977,8.617780986241996e-05,Nematocera
4798,3584.507598876953,2319.8185424804688,3603.235565185547,2332.765350341797,8.587272895965725e-05,Nematocera
4799,2272.925323486328,1127.6230163574219,2289.8504638671875,1145.7017211914062,8.479882671963423e-05,Nematocera
4800,2800.4641205072403,3196.8848266601562,2824.505853652954,3211.5879516601562,8.44026289996691e-05,Nematocera
4801,3951.372344970703,2494.6222229003906,3998.1382446289062,2500.0,8.42824811115861e-05,Nematocera
4802,3976.1279907226562,2408.255919456482,4005.8832092285156,2429.4566802978516,8.327919204020873e-05,Nematocera
4803,800.0,3170.0770874023438,845.746223449707,3257.8003540039062,8.292686106869951e-05,Nematocera
4804,3287.3092041015625,3072.573287963867,3299.9723510742188,3148.7073974609375,8.275527943624184e-05,Nematocera
4805,703.8878479003906,1694.0545959472656,767.544921875,1700.0,8.244455239037052e-05,Nematocera
4806,2080.516632080078,1158.1305541992188,2096.4121704101562,1170.5335693359375,8.224454359151423e-05,Nematocera
4807,1203.6373167037964,1467.9358825683594,1222.3891353607178,1516.9866943359375,8.158721902873367e-05,Nematocera
4808,834.2704544067383,297.82147216796875,854.0989875793457,315.0452575683594,8.11636055004783e-05,Nematocera
4809,2507.67960357666,3138.1338653564453,2556.746795654297,3186.631637573242,8.093506039585918e-05,Nematocera
4810,1567.0315246582031,1294.2097778320312,1625.9432678222656,1300.0,8.081158739514649e-05,Nematocera
4811,659.0606079101562,1212.5280742645264,680.6999816894531,1229.2853507995605,8.017114305403084e-05,Nematocera
4812,1341.9806060791016,1968.987548828125,1376.2840881347656,2002.9671630859375,7.954076863825321e-05,Nematocera
4813,3764.2125091552734,2017.51029586792,3789.0477905273438,2034.9393005371094,7.94407824287191e-05,Nematocera
4814,1380.8129119873047,889.7200622558594,1430.4481964111328,900.0,7.778582948958501e-05,Nematocera
4815,3692.4056091308594,1963.1388549804688,3700.0,2030.7167053222656,7.755067781545222e-05,Nematocera
4816,985.9948272705078,2065.8106689453125,1031.287094116211,2099.6217651367188,7.68634636187926e-05,Nematocera
4817,4112.920432090759,1470.8429260253906,4141.812973022461,1498.6680908203125,7.654930232092738e-05,Nematocera
4818,800,2368.10595703125,818.9676532745361,2447.302734375,7.652324711671099e-05,Nematocera
4819,996.8464660644531,3269.3184814453125,1035.5338134765625,3291.6287536621094,7.595667557325214e-05,Nematocera
4820,749.469482421875,2215.7357635498047,780.401611328125,2235.162307739258,7.566410204162821e-05,Nematocera
4821,400,3433.0772094726562,446.0784721374512,3455.9857788085938,7.561217353213578e-05,Nematocera
4822,2037.362148284912,1362.3075408935547,2066.236587524414,1380.0885467529297,7.560200901934877e-05,Nematocera
4823,940.8658294677734,2868.1146545410156,971.1829223632812,2900.0962524414062,7.545234257122502e-05,Nematocera
4824,2415.8689880371094,2289.536895751953,2442.2872924804688,2306.029571533203,7.475606980733573e-05,Nematocera
4825,3892.7191772460938,1200,3936.394500732422,1208.0698461532593,7.475393067579716e-05,Nematocera
4826,2888.2097778320312,2214.279083251953,2900.0,2288.7978515625,7.462828216375783e-05,Nematocera
4827,4473.0576171875,2800.0,4500.0,2847.8543815612793,7.426473166560754e-05,Nematocera
4828,2934.1830291748047,1888.4580078125,2950.503158569336,1906.0088500976562,7.41452895454131e-05,Nematocera
4829,2256.1056213378906,2322.889434814453,2283.132568359375,2341.282928466797,7.399314199574292e-05,Nematocera
4830,1722.3655090332031,2168.981964111328,1770.9052276611328,2190.6217193603516,7.395413558697328e-05,Nematocera
4831,1200.0,3111.7205200195312,1213.7029466629028,3178.9945220947266,7.352988905040547e-05,Nematocera
4832,2487.4508056640625,2900.7046966552734,2499.869354248047,3006.2433471679688,7.350605301326141e-05,Nematocera
4833,1600.0,2462.426239013672,1637.109878540039,2500.0,7.339000148931518e-05,Nematocera
4834,1203.859022140503,286.97686767578125,1227.3240184783936,316.99822998046875,7.31416221242398e-05,Nematocera
4835,2472.2220458984375,3027.539161682129,2500.0,3106.6649322509766,7.278892735484987e-05,Nematocera
4836,0.0,478.8180236816406,51.063873291015625,499.951416015625,7.216283120214939e-05,Nematocera
4837,800.2319648861885,763.9078063964844,833.9415588378906,793.8456420898438,7.194446516223252e-05,Nematocera
4838,769.4814758300781,1402.1543579101562,794.7529907226562,1419.0099792480469,7.15181085979566e-05,Nematocera
4839,2339.3268432617188,489.8228759765625,2390.2159423828125,499.95526123046875,7.142432878026739e-05,Nematocera
4840,1005.5774230957031,1672.3339233398438,1097.9619445800781,1700.0,7.12547916918993e-05,Nematocera
4841,3277.9913940429688,2247.134490966797,3299.8423461914062,2308.0342407226562,7.115165499271825e-05,Nematocera
4842,500.9437561035156,1373.0120697021484,528.2547912597656,1386.7939910888672,7.098751666489989e-05,Nematocera
4843,1088.4725036621094,1495.121826171875,1113.6739196777344,1509.1966857910156,7.09268861101009e-05,Nematocera
4844,756.8536376953125,2593.5999908447266,800.071044921875,2627.8274841308594,7.059179188217968e-05,Nematocera
4845,2446.689697265625,1200.1209393143654,2485.749725341797,1207.4455647468567,7.027604442555457e-05,Nematocera
4846,1607.682228088379,2804.4592084884644,1636.0564002990723,2833.4943656921387,7.013331924099475e-05,Nematocera
4847,2316.8335876464844,1203.7196412086487,2341.8779296875,1246.8341484069824,7.005938095971942e-05,Nematocera
4848,2781.1146240234375,3102.5355377197266,2798.2528076171875,3117.0734252929688,6.998098979238421e-05,Nematocera
4849,3004.4334411621094,1437.0449523925781,3044.261749267578,1481.796875,6.996151205385104e-05,Nematocera
4850,566.1286773681641,2664.0005798339844,593.1444091796875,2698.980926513672,6.958173617022112e-05,Nematocera
4851,2894.210662841797,1446.082260131836,2899.9293823242188,1482.7091674804688,6.952117837499827e-05,Nematocera
4852,2035.4905052185059,3390.1923217773438,2066.1604766845703,3417.1592712402344,6.937408761586994e-05,Nematocera
4853,1290.1836318969727,400.03136694431305,1334.825439453125,414.6865186691284,6.937290163477883e-05,Nematocera
4854,1140.4566345214844,3133.1944732666016,1174.5943603515625,3151.8270111083984,6.910693628014997e-05,Nematocera
4855,1332.583023071289,800,1371.9801177978516,806.0435705184937,6.899388245074078e-05,Nematocera
4856,4440.644592285156,2882.702117919922,4531.767364501953,2900.0,6.868442142149433e-05,Nematocera
4857,1101.693115234375,3205.546676635742,1226.7271118164062,3273.7379150390625,6.839931302238256e-05,Nematocera
4858,2492.368896484375,76.26924896240234,2500.0,145.33636474609375,6.825759191997349e-05,Nematocera
4859,2520.638442993164,1511.7793579101562,2546.5870208740234,1524.385009765625,6.757774826837704e-05,Nematocera
4860,825.490966796875,888.9411926269531,887.9385070800781,900.0,6.746177677996457e-05,Nematocera
4861,2176.5313873291016,2875.738525390625,2239.5016021728516,2899.8903198242188,6.704447150696069e-05,Nematocera
4862,49.076698303222656,2800.0,143.2831573486328,2844.3731231689453,6.694576586596668e-05,Nematocera
4863,1269.0728149414062,479.5317687988281,1299.857421875,500.0,6.64626422803849e-05,Nematocera
4864,2584.481689453125,1600.0718891620636,2631.5409393310547,1614.2605066299438,6.554491119459271e-05,Nematocera
4865,1582.7241516113281,2881.7657470703125,1658.2533950805664,2900.0,6.508263322757557e-05,Nematocera
4866,3207.084083557129,2001.8509536981583,3234.39510345459,2031.859224319458,6.505613418994471e-05,Nematocera
4867,490.5877990722656,570.1389312744141,499.9867858886719,677.7341003417969,6.47969645797275e-05,Nematocera
4868,1727.2272109985352,1616.7555751800537,1760.942626953125,1634.280387878418,6.479004514403641e-05,Nematocera
4869,881.1701507568359,2085.113525390625,972.0420074462891,2099.9720458984375,6.404986197594553e-05,Nematocera
4870,4095.9060287475586,104.02169036865234,4111.742485046387,124.75495147705078,6.398204277502373e-05,Nematocera
4871,1964.009033203125,1922.0679931640625,1975.2333984375,1931.6748046875,6.381209823302925e-05,Nematocera
4872,925.4484176635742,1268.5028686523438,977.2959442138672,1298.7140197753906,6.300168752204627e-05,Nematocera
4873,2213.9911193847656,1145.5636901855469,2261.2274475097656,1176.0331115722656,6.281643436523154e-05,Nematocera
4874,2236.7796478271484,1200.58544921875,2270.2103271484375,1248.8945922851562,6.27876870566979e-05,Nematocera
4875,2544.5096282958984,3260.8544921875,2567.9889373779297,3282.4947814941406,6.252485036384314e-05,Nematocera
4876,556.5345001220703,404.1855516433716,578.5851287841797,419.48748207092285,6.159295298857614e-05,Nematocera
4877,868.8630981445312,614.2303466796875,899.9403076171875,675.6628112792969,6.136150477686897e-05,Nematocera
4878,688.5541687011719,875.7803955078125,791.3072204589844,900.0,6.10385905019939e-05,Nematocera
4879,2024.3224925994873,826.9328651428223,2052.3385887145996,843.9190979003906,6.088511145208031e-05,Nematocera
4880,2420.485065460205,1835.4740905761719,2459.817970275879,1880.367919921875,6.085277709644288e-05,Nematocera
4881,1474.4896545410156,3206.8832397460938,1493.9202270507812,3220.0936279296875,6.0124431911390275e-05,Nematocera
4882,993.1226196289062,715.24267578125,1017.4644012451172,733.2529907226562,6.0039859818061814e-05,Nematocera
4883,2900.337577819824,1600.0202745199203,2994.117660522461,1609.9329719543457,5.999064524075948e-05,Nematocera
4884,4403.688262939453,2400.0,4474.687957763672,2442.9642066955566,5.998514825478196e-05,Nematocera
4885,1677.6330871582031,800.273323059082,1699.943359375,836.0920143127441,5.986417818348855e-05,Nematocera
4886,365.6480407714844,2724.2127990722656,399.9945983886719,2749.2943420410156,5.984054223517887e-05,Nematocera
4887,653.9921569824219,1226.9593601226807,723.3354797363281,1260.1208457946777,5.9787151258205995e-05,Nematocera
4888,3206.551788330078,2703.74951171875,3234.2175903320312,2719.59814453125,5.931795385549776e-05,Nematocera
4889,3319.939453125,527.7108764648438,3495.282958984375,658.2489013671875,5.920775220147334e-05,Nematocera
4890,892.8746643066406,1655.221103668213,899.8714904785156,1731.2903137207031,5.901491385884583e-05,Nematocera
4891,115.97479248046875,2687.952911376953,166.3957977294922,2729.2330627441406,5.8778688980964944e-05,Nematocera
4892,3200.1512199640274,2689.5440673828125,3214.3762769699097,2732.7167358398438,5.870983295608312e-05,Nematocera
4893,1039.5601806640625,151.69052124023438,1070.6371765136719,167.49278259277344,5.8002038713311777e-05,Nematocera
4894,4426.346435546875,400.0,4496.8135986328125,443.90784072875977,5.793117452412844e-05,Nematocera
4895,4408.475860595703,1200.0028401613235,4441.537017822266,1230.2155494689941,5.749150295741856e-05,Nematocera
4896,1.6373604536056519,1909.7063598632812,33.38566589355469,1975.5144653320312,5.7355751778231934e-05,Nematocera
4897,1257.6454162597656,2800.0,1300.0,2867.046340942383,5.7107157772406936e-05,Nematocera
4898,4599.399383544922,2680.764923095703,4607.919708251953,2764.1392211914062,5.6631979532539845e-05,Nematocera
4899,985.6902313232422,2130.2708129882812,1017.4803924560547,2155.256607055664,5.614565088762902e-05,Nematocera
4900,4060.360366821289,1009.2538299560547,4075.414505004883,1038.3939208984375,5.508806498255581e-05,Nematocera
4901,1614.5132141113281,730.2852172851562,1630.2670593261719,750.3538208007812,5.480354593601078e-05,Nematocera
4902,4043.2422485351562,2400.2579271793365,4059.1788368225098,2417.1092796325684,5.470574615173973e-05,Nematocera
4903,4149.116241455078,1738.612564086914,4172.550430297852,1765.6549835205078,5.454374331748113e-05,Nematocera
4904,4188.590057373047,400.07765740156174,4223.886871337891,416.9748001098633,5.4156684200279415e-05,Nematocera
4905,1056.612548828125,1867.655029296875,1082.3531494140625,1897.249267578125,5.412642713054083e-05,Nematocera
4906,3486.975372314453,2275.8320922851562,3517.4076538085938,2294.6546325683594,5.371071893023327e-05,Nematocera
4907,4573.123260498047,2800.0,4608.0,2857.865463256836,5.3694075177190825e-05,Nematocera
4908,287.99224853515625,1289.2227172851562,400.099609375,1300.0,5.278559910948388e-05,Nematocera
4909,1699.0201721191406,2289.392608642578,1732.2468566894531,2308.2920532226562,5.275359217193909e-05,Nematocera
4910,2400.470197200775,2957.6389906406403,2435.571117401123,2985.841709136963,5.268959284876473e-05,Nematocera
4911,4041.394744873047,400,4123.515724182129,423.76330184936523,5.258458259049803e-05,Nematocera
4912,2237.6968383789062,280.5776062011719,2254.481689453125,299.3291931152344,5.212655378272757e-05,Nematocera
4913,4000.0,180.63002014160156,4012.4511699676514,231.85577392578125,5.16410764248576e-05,Nematocera
4914,4111.467178344727,889.8031311035156,4179.375335693359,899.9113159179688,5.1451286708470434e-05,Nematocera
4915,1505.2815551757812,3217.4122314453125,1540.9649658203125,3240.4307861328125,5.1357656047912315e-05,Nematocera
4916,1244.7634086608887,440.2740058898926,1270.7937698364258,458.6937675476074,5.084879376227036e-05,Nematocera
4917,1039.9610595703125,2664.873779296875,1072.3202819824219,2687.380126953125,5.044357749284245e-05,Nematocera
4918,1401.944595336914,2902.7939071655273,1433.662368774414,2926.1427612304688,4.9939808377530426e-05,Nematocera
4919,2157.410171508789,320.6199035644531,2197.871810913086,352.9244079589844,4.9502883484819904e-05,Nematocera
4920,4568.853088378906,3038.464683532715,4608.0,3121.580093383789,4.949820868205279e-05,Nematocera
4921,4594.2509765625,2208.715576171875,4608.0,2296.4267578125,4.92644430778455e-05,Nematocera
4922,4036.1661987304688,2707.1974487304688,4051.884998321533,2718.0574951171875,4.8865098506212234e-05,Nematocera
4923,4076.9259338378906,2844.4346313476562,4100.0,2896.8111877441406,4.80211092508398e-05,Nematocera
4924,1708.0055618286133,2606.915328979492,1722.947135925293,2620.002166748047,4.7806312068132684e-05,Nematocera
4925,4393.2073974609375,1600.0,4467.668304443359,1637.4264602661133,4.698772318079136e-05,Nematocera
4926,2007.865035533905,3442.3509521484375,2115.620101928711,3455.9520874023438,4.685121530201286e-05,Nematocera
4927,3349.948760986328,2000.7130295038223,3380.052734375,2019.5308647155762,4.68455400550738e-05,Nematocera
4928,783.8809509277344,2589.262908935547,798.5768737792969,2607.446258544922,4.601422187988646e-05,Nematocera
4929,1600.043047964573,69.65438079833984,1617.4511699676514,116.27572631835938,4.498196722124703e-05,Nematocera
4930,357.31439208984375,282.4426574707031,388.4609375,306.18743896484375,4.4644144509220496e-05,Nematocera
4931,1254.4788208007812,2995.9557495117188,1299.8093566894531,3095.630645751953,4.445942249731161e-05,Nematocera
4932,1694.1430053710938,3082.264335632324,1699.9665222167969,3130.2857055664062,4.444471051101573e-05,Nematocera
4933,3544.669158935547,3283.4109802246094,3570.4783325195312,3298.0687255859375,4.44031938968692e-05,Nematocera
4934,4158.680313110352,450.27099609375,4186.858993530273,470.1626281738281,4.429222099133767e-05,Nematocera
4935,4108,3286.5363159179688,4131.403207778931,3299.8602905273438,4.346457353676669e-05,Nematocera
4936,358.794677734375,1190.179443359375,391.4947509765625,1208.8944091796875,4.285984323360026e-05,Nematocera
4937,4486.978515625,3345.7872924804688,4499.978057861328,3440.634979248047,4.248696131980978e-05,Nematocera
4938,2467.7876892089844,2477.874755859375,2499.791534423828,2500.0,4.1824700019788e-05,Nematocera
4939,40.43458557128906,2490.4813842773438,105.5613021850586,2500.0,4.1384897485841066e-05,Nematocera
4940,2655.1792907714844,2956,2688.4185180664062,2961.988697528839,4.1354087443323806e-05,Nematocera
4941,1715.6909713745117,2564.8405151367188,1757.0139617919922,2597.145797729492,4.118493234273046e-05,Nematocera
4942,4592.973419189453,1436.489013671875,4608.0,1580.3667907714844,4.1071583837037906e-05,Nematocera
4943,4127.94303894043,1928.7560424804688,4154.824920654297,1948.2643127441406,4.03453414037358e-05,Nematocera
4944,4000,355.27752685546875,4006.176154613495,415.582763671875,4.022386929136701e-05,Nematocera
4945,4108.2236396074295,2000.1321762800217,4143.269878387451,2023.8888931274414,4.0202045056503266e-05,Nematocera
4946,159.0930633544922,1200,200.8160400390625,1245.5231437683105,3.97357034671586e-05,Nematocera
4947,4435.520080566406,1600.0,4514.923919677734,1633.184669494629,3.969427052652463e-05,Nematocera
4948,4596.519378662109,584.8818817138672,4608.0,679.0826721191406,3.9496411773143336e-05,Nematocera
4949,4172.615707397461,424.7401123046875,4202.093170166016,440.15589904785156,3.9489746995968744e-05,Nematocera
4950,492.1073913574219,1055.2922668457031,500.0,1093.1157531738281,3.919380469596945e-05,Nematocera
4951,4015.9573850631714,1269.9117736816406,4045.706928253174,1294.4496154785156,3.908392318408005e-05,Nematocera
4952,4208.735198974609,1849.4109802246094,4241.321685791016,1869.44921875,3.898067006957717e-05,Nematocera
4953,94.55066680908203,3288.177001953125,193.90359497070312,3300.0,3.789824768318795e-05,Nematocera
4954,271.3557434082031,346.50006103515625,299.5821228027344,386.84564208984375,3.781424311455339e-05,Nematocera
4955,2068.603790283203,459.562255859375,2099.9710998535156,500.0,3.7031739338999614e-05,Nematocera
4956,4591.024597167969,2583.9413452148438,4608.0,2686.2012634277344,3.656763510662131e-05,Nematocera
4957,829.2513408660889,3059.146240234375,892.0364151000977,3084.4593353271484,3.6405348510015756e-05,Nematocera
4958,4169.812705993652,2155.287124633789,4187.185577392578,2169.9493408203125,3.630234641605057e-05,Nematocera
4959,3043.1869506835938,2878.094207763672,3139.4862060546875,2899.9644165039062,3.603538061724976e-05,Nematocera
4960,4000.043334066868,1602.1460571289062,4006.807137489319,1641.3897399902344,3.602583092288114e-05,Nematocera
4961,1996.0847778320312,2107.325340270996,2017.2649536132812,2120.8949813842773,3.530766480253078e-05,Nematocera
4962,4012.6784381866455,2892.060333251953,4063.629467010498,2900.0,3.5296587157063186e-05,Nematocera
4963,2000,2905.4656982421875,2014.215934753418,3014.6270751953125,3.517897130222991e-05,Nematocera
4964,0,1690.1930847167969,93.22686004638672,1700.0,3.4487718949094415e-05,Nematocera
4965,137.24771118164062,2498.684669494629,184.22923278808594,2521.624969482422,3.4240201784996316e-05,Nematocera
4966,3288.1853561401367,3438.14892578125,3403.8504180908203,3455.9324951171875,3.404360904823989e-05,Nematocera
4967,4476.1689453125,2400.0,4594.7357177734375,2443.8643112182617,3.361852213856764e-05,Nematocera
4968,3342.4088287353516,3237.890350341797,3371.069091796875,3254.4190368652344,3.358612229931168e-05,Nematocera
4969,4138.25244140625,105.84835815429688,4175.338836669922,124.31566619873047,3.3012442145263776e-05,Nematocera
4970,250.1112518310547,2956.145196914673,308.0473327636719,2973.260835647583,3.285227285232395e-05,Nematocera
4971,1909.5228576660156,492.5296630859375,2003.3454284667969,499.9803466796875,3.1883842893876135e-05,Nematocera
4972,0.23433715105056763,1935.7403259277344,10.133445739746094,2014.1712646484375,3.1566989491693676e-05,Nematocera
4973,421.6118469238281,2064.785087585449,469.04083251953125,2092.589080810547,3.063840267714113e-05,Nematocera
4974,1081.1502685546875,3013.157367706299,1121.8057250976562,3038.038589477539,3.0264403903856874e-05,Nematocera
4975,4110.00353717804,1143.7272338867188,4127.588726043701,1172.6830139160156,2.9171023925300688e-05,Nematocera
4976,939.1857604980469,3204.6093139648438,965.4171905517578,3217.7776489257812,2.8534808734548278e-05,Nematocera
4977,800.2711206674576,2898.2993698120117,819.1528625488281,2946.5572357177734,2.8328257030807436e-05,Nematocera
4978,4248.7694091796875,471.80712127685547,4270.264373779297,506.2986373901367,2.7341926397639327e-05,Nematocera
4979,418.5538330078125,1915.2232055664062,465.1546630859375,1954.7789611816406,2.5842920877039433e-05,Nematocera
4980,33.667327880859375,400.0,129.84559631347656,414.72650146484375,2.5685818400233984e-05,Nematocera
4981,1600.037994235754,279.245361328125,1606.9593510627747,344.48431396484375,2.566324474173598e-05,Nematocera
4982,1049.3032531738281,2800,1097.2127990722656,2805.9963779449463,2.56216007983312e-05,Nematocera
4983,4139.870864868164,767.9862060546875,4162.892074584961,787.860107421875,2.5311326680821367e-05,Nematocera
4984,334.1370849609375,1664.702262878418,357.075439453125,1715.5358200073242,2.4601475161034614e-05,Nematocera
4985,4145.131912231445,2031.6986999511719,4168.144180297852,2051.031005859375,2.4490615032846108e-05,Nematocera
4986,285.0682373046875,2400,343.8348693847656,2407.6684885025024,2.4135479179676622e-05,Nematocera
4987,135.4107208251953,800.0,198.7967071533203,838.0511703491211,2.398756805632729e-05,Nematocera
4988,132.84454345703125,2417.597686767578,184.2550048828125,2462.6976928710938,2.3243313989951275e-05,Nematocera
4989,161.76609802246094,2800.0,227.12933349609375,2840.7214164733887,2.261422196170315e-05,Nematocera
4990,4207.137634277344,2330.3980712890625,4224.456649780273,2350.599151611328,2.2106729375082068e-05,Nematocera
4991,493.4104919433594,2483.916305541992,499.9154968261719,2571.998977661133,2.208047590102069e-05,Nematocera
4992,1.5526115894317627,400.09951293468475,69.40077209472656,442.7817497253418,2.171250707760919e-05,Nematocera
4993,403.1399230957031,2090.2267456054688,455.9220886230469,2099.837677001953,2.1682319129467942e-05,Nematocera
4994,4587.423156738281,1499.769775390625,4607.2427978515625,1569.5408935546875,2.1549052689806558e-05,Nematocera
4995,4139.082487106323,2090.0995178222656,4204.2264404296875,2100.0,2.118626252922695e-05,Nematocera
4996,4000.028157234192,3021.967872619629,4021.9548015594482,3106.0494537353516,2.0004556063213386e-05,Nematocera
4997,4000,952.342041015625,4019.434045791626,1011.2170867919922,1.9805263946182095e-05,Nematocera
4998,30.880821228027344,748.0759582519531,70.2687759399414,778.3777160644531,1.9683830032590777e-05,Nematocera
4999,137.1608428955078,1600.0,235.16015625,1646.287452697754,1.9322196749271825e-05,Nematocera
5000,342.70111083984375,424.9532775878906,379.5969543457031,483.2493896484375,1.853685716923792e-05,Nematocera
5001,4193.679916381836,2856.6050758361816,4217.804138183594,2874.85294342041,1.785106178431306e-05,Nematocera
5002,487.64495849609375,224.701171875,500.0,369.6349182128906,1.733989302010741e-05,Nematocera
5003,0.543135404586792,2062.264434814453,48.582576751708984,2100.0,1.7101554476539604e-05,Nematocera
5004,0.18589645624160767,1402.5258026123047,13.520675659179688,1457.5874328613281,1.6763575331424363e-05,Nematocera
5005,4178.455169677734,3447.8892822265625,4271.987487792969,3456.0,1.6685611626598984e-05,Nematocera
5006,0.10048225522041321,1153.4553527832031,9.00147819519043,1200.8975830078125,1.4776292118767742e-05,Nematocera
5007,148.12789916992188,952.5406188964844,171.8019561767578,1017.4667053222656,1.2625691852008458e-05,Nematocera
5008,320.7881164550781,379.1700744628906,386.9048767089844,401.59112548828125,1.2341810361249372e-05,Nematocera
5009,425.4602355957031,2000.0,484.044921875,2005.8252458572388,1.2010782484139781e-05,Nematocera
5010,158.73770141601562,0.0,250.09031677246094,35.274662017822266,1.0198756172030699e-05,Nematocera
5011,418.5296936035156,592.2170715332031,444.589599609375,607.7684936523438,1.0055378879769705e-05,Nematocera
5012,463.022705078125,256.4346923828125,496.16766357421875,302.1329345703125,7.531501069024671e-06,Nematocera
5013,400.0,2800.0,924.2679748535156,3210.9271850585938,0.2135079950094223,Odonata
5014,400.0,1299.2762069702148,895.7672729492188,1700.0,0.19265243411064148,Odonata
5015,2400.0,2511.797523498535,2974.6490478515625,2946.2403717041016,0.12155834585428238,Odonata
5016,1600.0,1267.0238952636719,2096.9930114746094,1700.0,0.10425958782434464,Odonata
5017,2000.0,2486.1046752929688,2503.5125885009766,2900.0,0.08875613659620285,Odonata
5018,2000.0,2188.4474334716797,2573.0740966796875,2500.0,0.057751793414354324,Odonata
5019,256.3500061035156,2046.690414428711,596.2334289550781,2580.1297607421875,0.03879549726843834,Odonata
5020,800.0,2800.0,2213.609375,3447.9228515625,0.03775573894381523,Odonata
5021,2400.0,3126.9849853515625,2834.7566528320312,3456.0,0.027588697150349617,Odonata
5022,1200.0,84.85884857177734,1700.0,500.0,0.020844316110014915,Odonata
5023,1161.606689453125,2957.6706705093384,1654.8070373535156,3354.5093688964844,0.020108507946133614,Odonata
5024,2089.077880859375,448.7294616699219,2342.3319091796875,500.0,0.017585620284080505,Odonata
5025,1600.0,813.2816162109375,1927.1573181152344,900.0,0.014211064204573631,Odonata
5026,0.0,3016.793014526367,2121.61669921875,3340.860595703125,0.012655549682676792,Odonata
5027,1600.0,1600.0,2063.1222229003906,1992.3392639160156,0.011945532634854317,Odonata
5028,2000.0,1694.1326141357422,2449.270050048828,2100.0,0.011750706471502781,Odonata
5029,2000.0,1189.6867980957031,2317.577850341797,1700.0,0.010844504460692406,Odonata
5030,3695.3125915527344,1653.9455871582031,3935.4383850097656,1700.0,0.010125053115189075,Odonata
5031,800.0,2755.6610107421875,1293.4042053222656,3017.4595336914062,0.009492579847574234,Odonata
5032,400.0,347.11029052734375,968.9276885986328,776.9149780273438,0.007988490164279938,Odonata
5033,0.0,2024.7216339111328,236.718505859375,2585.6239318847656,0.007497682701796293,Odonata
5034,1200.0,1566.9667053222656,1694.4905395507812,1795.9005279541016,0.007205123081803322,Odonata
5035,4000.0,1333.8750305175781,4597.180084228516,1734.4900665283203,0.007065658923238516,Odonata
5036,1200.0,400.07511377334595,1608.1575012207031,854.7445373535156,0.00647469749674201,Odonata
5037,2000.0,2371.7545166015625,2498.6914978027344,2773.2459411621094,0.006177996750921011,Odonata
5038,4108.0,2191.3267669677734,4143.460948944092,2499.6201171875,0.006074654404073954,Odonata
5039,0.0,1692.810531616211,498.5105895996094,2182.345932006836,0.005977601278573275,Odonata
5040,2868.2002563476562,831.0277099609375,3108.7066040039062,900.0,0.005858141463249922,Odonata
5041,1200.0,993.8702545166016,1700.0,1300.0,0.0057552591897547245,Odonata
5042,427.92320251464844,2562.272262573242,903.8010482788086,2900.0,0.005743170622736216,Odonata
5043,1600.0,1822.109603881836,2097.466766357422,2137.303970336914,0.005693019833415747,Odonata
5044,3873.437225341797,846.2017211914062,4100.0,900.0,0.005343676544725895,Odonata
5045,1600.0,2800.0,2066.7603454589844,3393.0321350097656,0.005157917737960815,Odonata
5046,473.3512878417969,2400.0,996.7925262451172,2651.4906463623047,0.005129743367433548,Odonata
5047,1200.0,1218.0523986816406,1584.8156433105469,1594.7029724121094,0.004796250257641077,Odonata
5048,138.61441040039062,553.7509002685547,530.9479522705078,900.0,0.004706118255853653,Odonata
5049,2800.030666589737,2806.921601295471,2831.6990852355957,3050.712615966797,0.004703229293227196,Odonata
5050,3251.788848876953,2848.1320152282715,3300.0,3101.4384155273438,0.004671834409236908,Odonata
5051,1060.5727233886719,251.83444213867188,1338.4576873779297,500.0,0.004522345960140228,Odonata
5052,2887.4166107177734,441.9397277832031,3195.2156372070312,500.0,0.004386886954307556,Odonata
5053,228.10110473632812,910.9218444824219,512.0458450317383,1300.0,0.004235380794852972,Odonata
5054,400.0,1742.1980895996094,897.6345520019531,2100.0,0.004187519662082195,Odonata
5055,4092.0237579345703,2800.0,4591.375457763672,3025.932601928711,0.004116179421544075,Odonata
5056,0.0,2967.8632316589355,452.80023193359375,3324.1132202148438,0.003861716017127037,Odonata
5057,2000.0,3246.738037109375,2500.0,3456.0,0.0037326121237128973,Odonata
5058,0.0,201.6226348876953,498.48388671875,588.4041595458984,0.003587788436561823,Odonata
5059,400.1044273376465,2037.4531860351562,736.0233764648438,2100.0,0.0034793780650943518,Odonata
5060,1294.5356369018555,2534.763961791992,1700.0,2900.0,0.0032379324547946453,Odonata
5061,2253.0436096191406,439.20941162109375,2500.0,500.0,0.003120453329756856,Odonata
5062,4033.86771774292,1088.0332336425781,4605.257415771484,1457.7993774414062,0.0030417467933148146,Odonata
5063,2302.551971435547,1831.228775024414,2895.617401123047,2100.0,0.002982658799737692,Odonata
5064,4075.9117584228516,2842.1749114990234,4499.75927734375,3300.0,0.002974069444462657,Odonata
5065,1200,1673.9560546875,1374.8188018798828,1699.86767578125,0.002696308307349682,Odonata
5066,400.0,2726.693572998047,871.7490539550781,2900.0,0.0024512549862265587,Odonata
5067,2854.663562774658,2193.854705810547,3343.3646087646484,2563.489013671875,0.0024240585044026375,Odonata
5068,800.0,414.49517822265625,1034.4913024902344,500.0,0.002412068657577038,Odonata
5069,3162.7030029296875,1212.5092468261719,3432.7517700195312,1300.0,0.002360743237659335,Odonata
5070,1200.3296852111816,1712.012191772461,1631.9084777832031,2100.0,0.0023430678993463516,Odonata
5071,1498.4217529296875,2000.0417798757553,1700.0,2039.4872932434082,0.0023351404815912247,Odonata
5072,312.38409423828125,286.506591796875,896.8182678222656,504.9285430908203,0.002283769892528653,Odonata
5073,2557.368667602539,1217.63037109375,2900.0,1300.0,0.002209313679486513,Odonata
5074,4013.8460397720337,530.9322814941406,4504.217071533203,910.3641891479492,0.002202351111918688,Odonata
5075,1838.8922729492188,1604.2495250701904,2108.732093811035,2100.0,0.0021164827048778534,Odonata
5076,460.8756561279297,870.5646362304688,686.9760437011719,900.0,0.0020969922188669443,Odonata
5077,2400.0,1181.2438354492188,2680.5713500976562,1300.0,0.00209351466037333,Odonata
5078,3200.0,1009.4703216552734,3300.0,1273.581298828125,0.0020911460742354393,Odonata
5079,0.0,597.3058166503906,147.89520263671875,900.0,0.0020301020704209805,Odonata
5080,2400.0,2514.6039123535156,2668.238494873047,2900.0,0.002010469324886799,Odonata
5081,2631.768798828125,3195.91015625,2954.760986328125,3300.0,0.0019206337165087461,Odonata
5082,2330.6910400390625,826.4391479492188,2571.045944213867,900.0,0.0018876439426094294,Odonata
5083,0.0,3183.8011779785156,2117.954345703125,3456.0,0.0018792803166434169,Odonata
5084,3412.3050689697266,2000.0028729438782,3700.0,2115.655776977539,0.0018334620399400592,Odonata
5085,0.0,2413.067364692688,200.5064697265625,2763.9644165039062,0.0018332552863284945,Odonata
5086,1056.5969543457031,1160.8519897460938,1300.0,1300.0,0.0018067024648189545,Odonata
5087,2504.5043716430664,854.9871826171875,2838.9339599609375,899.9379272460938,0.0018039527349174023,Odonata
5088,3074.3539428710938,1636.2272644042969,3367.3152923583984,1700.0,0.0017958481330424547,Odonata
5089,1600.0,2807.0314331054688,1886.0220642089844,2900.0,0.0017875893972814083,Odonata
5090,878.1249542236328,2205.0054626464844,1300.0,2500.0,0.0017872847383841872,Odonata
5091,2827.7178173065186,2433.495330810547,3300.0,2500.0,0.00177658605389297,Odonata
5092,4123.008449554443,400.0,4606.891052246094,665.5458068847656,0.00177191651891917,Odonata
5093,2800.0,2825.556884765625,3046.6700134277344,2900.0,0.0017510725883767009,Odonata
5094,2108.635757446289,811.0576782226562,2443.7051696777344,900.0,0.0017341658240184188,Odonata
5095,3217.6608085632324,2276.379913330078,3700.0,2500.0,0.0016736089019104838,Odonata
5096,642.6820678710938,842.6689147949219,885.6822509765625,900.0,0.0016432288102805614,Odonata
5097,3234.531494140625,1200.0,3300.0,1453.6075592041016,0.0016293150838464499,Odonata
5098,834.0082626342773,1247.1777954101562,1092.8132629394531,1300.0,0.001592458807863295,Odonata
5099,3653.7262687683105,2872.2838439941406,3954.180633544922,2899.974151611328,0.0015235679456964135,Odonata
5100,2439.718723297119,2400.0,2844.696319580078,2511.6542358398438,0.001508630346506834,Odonata
5101,2800.0,2192.4608612060547,3155.6697998046875,2500.0,0.0015069434884935617,Odonata
5102,0.0,2696.902313232422,500.0,2924.487533569336,0.001506576780229807,Odonata
5103,3200.0,855.096923828125,3415.5742950439453,900.0,0.0014820286305621266,Odonata
5104,0.3550291061401367,2000.0,500.0,2448.074249267578,0.0014451892348006368,Odonata
5105,1600.0,1358.8751373291016,1718.5186157226562,1698.6004028320312,0.001439331448636949,Odonata
5106,4073.6710052490234,2400.0,4608.0,2668.1753845214844,0.001438743551261723,Odonata
5107,2800.0,3193.263153076172,3300.0,3456.0,0.0014259861782193184,Odonata
5108,2400.0,589.1852416992188,2465.508819580078,790.2538452148438,0.0014135668752714992,Odonata
5109,3600.0,756.3970336914062,3700.0,1098.4046936035156,0.001405065064318478,Odonata
5110,543.2288818359375,800,740.4661865234375,827.7247066497803,0.0013656968949362636,Odonata
5111,1208.7334871292114,2444.971405029297,1437.8453979492188,2499.970184326172,0.0013593942858278751,Odonata
5112,4510.1861572265625,1609.8298664093018,4608.0,2100.0,0.0013334264513105154,Odonata
5113,2400.0,1293.9866027832031,2896.281951904297,1700.0,0.0013227295130491257,Odonata
5114,1663.0526428222656,2344.431182861328,2100.0,2767.2061767578125,0.0013173529878258705,Odonata
5115,1652.2953987121582,901.0486145019531,2096.585235595703,1300.0,0.0013036408927291632,Odonata
5116,3200.0,517.4760665893555,3247.3614959716797,739.5679321289062,0.0012991167604923248,Odonata
5117,1292.630958557129,802.741003036499,1700.0,1109.5172424316406,0.0012970978859812021,Odonata
5118,3529.6007385253906,309.1238708496094,3700.0,703.62744140625,0.0012432970106601715,Odonata
5119,482.18550872802734,1600.0,983.6046905517578,1872.53271484375,0.0012219719355925918,Odonata
5120,3056.9592895507812,2800.6844482421875,3300.0,2899.9400024414062,0.0012191777350381017,Odonata
5121,3072.862762451172,2400.0,3300.0,2437.262897491455,0.0011883858824148774,Odonata
5122,3200.0,2067.30908203125,3456.2923583984375,2100.0,0.001146711059845984,Odonata
5123,2955.18896484375,1639.6943054199219,3186.6700439453125,1700.0,0.0010970556177198887,Odonata
5124,2400.0,3194.8167114257812,2628.2315673828125,3300.0,0.0010878361063078046,Odonata
5125,3600.0,1627.5453090667725,3660.059295654297,1876.3631286621094,0.0010852317791432142,Odonata
5126,2740.862579345703,2956.200527906418,2939.2852783203125,3211.9298553466797,0.0010794710833579302,Odonata
5127,2842.6413040161133,3224.0735473632812,3137.760772705078,3300.0,0.0010773055255413055,Odonata
5128,0.0,19.489383697509766,500.0,482.66900634765625,0.001056476030498743,Odonata
5129,1200.0,3102.6336364746094,1700.0,3456.0,0.001041657873429358,Odonata
5130,1243.508529663086,2036.5884704589844,1632.2626037597656,2099.9677124023438,0.0010359337320551276,Odonata
5131,1682.0930709838867,400.00686943531036,1844.3705139160156,424.73570442199707,0.000997392344288528,Odonata
5132,1009.0405883789062,1200.0,1300.0,1280.6137924194336,0.0009786582086235285,Odonata
5133,3476.736114501953,762.5658264160156,3761.586883544922,900.0,0.0009400809649378061,Odonata
5134,0.0,1237.8018379211426,102.68360137939453,1571.674072265625,0.0009387629106640816,Odonata
5135,2399.878936767578,264.44091796875,2499.9837951660156,500.0,0.0009202845976687968,Odonata
5136,3096.9701232910156,1200.0,3300.0,1310.0416870117188,0.0009044959442690015,Odonata
5137,812.258243560791,2054.1349487304688,1105.5043640136719,2099.9912109375,0.0009008418419398367,Odonata
5138,3844.7210845947266,3225.3289184570312,4100.0,3300.0,0.000892610929440707,Odonata
5139,973.4381866455078,1650.7152709960938,1196.8184509277344,1700.0,0.0008825659169815481,Odonata
5140,3200.0,452.223388671875,3513.197479248047,500.0,0.0008821880328468978,Odonata
5141,400.6248712539673,1716.328239440918,771.91845703125,1998.3865661621094,0.0008810233557596803,Odonata
5142,3273.8753356933594,3165.7740173339844,3794.6485900878906,3456.0,0.0008516588713973761,Odonata
5143,2650.2941131591797,1600.0858545303345,2892.1890258789062,1699.9478454589844,0.000850505253765732,Odonata
5144,3713.5189666748047,1240.93359375,3993.5186767578125,1300.0,0.0008502091513946652,Odonata
5145,4031.9154510498047,3197.912872314453,4372.120910644531,3300.0,0.0008494349312968552,Odonata
5146,2812.264609336853,2028.0518493652344,3223.6483154296875,2100.0,0.0008482185075990856,Odonata
5147,1200.0,304.447998046875,1275.8806076049805,500.0,0.0008303330396302044,Odonata
5148,2304.8155822753906,1200.0,2500.0,1300.1544036865234,0.0007965913973748684,Odonata
5149,3331.812042236328,873.5703430175781,3585.483642578125,900.0,0.0007958114147186279,Odonata
5150,400.0,52.585174560546875,664.6533508300781,396.18902587890625,0.0007814558339305222,Odonata
5151,400.0,3227.1747131347656,896.7767639160156,3456.0,0.0007814089767634869,Odonata
5152,0.0,2801.9935846328735,402.1142883300781,3300.0,0.0007773456163704395,Odonata
5153,3667.449462890625,608.5716705322266,3700.0,872.3726806640625,0.0007555175689049065,Odonata
5154,4355.4984130859375,994.3210601806641,4608.0,1300.0,0.000752860854845494,Odonata
5155,1215.3387145996094,1883.9168701171875,1300.0,2100.0,0.0007447287789545953,Odonata
5156,3370.1590423583984,2161.800537109375,3497.8529052734375,2380.476104736328,0.000734657165594399,Odonata
5157,1600.0,468.6689453125,2005.09619140625,500.0,0.0007129547302611172,Odonata
5158,3907.0247802734375,2445.2566528320312,4100.0,2500.0,0.0007085485849529505,Odonata
5159,0.0,3114.449264526367,380.8017578125,3456.0,0.0007074005552567542,Odonata
5160,3600,1320.0607452392578,3668.7062225341797,1564.5536499023438,0.0006977780140005052,Odonata
5161,3666.2328186035156,858.0548286437988,3700.0,1105.6774291992188,0.0006912433309480548,Odonata
5162,3130.684051513672,404.3828430175781,3300.0,499.94915771484375,0.0006898425635881722,Odonata
5163,3498.2151489257812,400.01270174980164,3700.0,428.7191333770752,0.0006781090050935745,Odonata
5164,4100.958969116211,800.0,4513.037414550781,1062.8822937011719,0.0006625758251175284,Odonata
5165,2400.0,3415.4205017089844,2893.281982421875,3456.0,0.0006487963837571442,Odonata
5166,2107.9512100219727,800.0,2355.994415283203,884.1296463012695,0.000623593048658222,Odonata
5167,12.68465518951416,2393.8341369628906,231.7890167236328,2500.0,0.0006135555449873209,Odonata
5168,1350.6977081298828,2142.6494140625,1700.0,2500.0,0.0006102708866819739,Odonata
5169,0.0,1607.224416732788,233.66708374023438,1973.2871704101562,0.0006019661668688059,Odonata
5170,3200.0,2186.7968139648438,3318.5230712890625,2414.409454345703,0.0005857984069734812,Odonata
5171,3339.346649169922,1256.0820922851562,3672.89599609375,1300.0,0.0005840701051056385,Odonata
5172,3740.1104125976562,1200.0,3972.2446899414062,1225.8832511901855,0.000583321088925004,Odonata
5173,0.0,1337.2894744873047,499.6756896972656,1700.0,0.0005675904685631394,Odonata
5174,955.7969970703125,473.77435302734375,1165.1908264160156,500.0,0.0005661181639879942,Odonata
5175,2416.0373458862305,2337.913604736328,2654.6491088867188,2500.0,0.0005657343426719308,Odonata
5176,4098.580215454102,1600.0,4608.0,1941.8447875976562,0.0005637701833620667,Odonata
5177,2657.6426391601562,412.7477722167969,2900.0,500.0,0.0005550467758439481,Odonata
5178,2400.007164478302,682.8922119140625,2435.28377532959,900.0,0.00055476906709373,Odonata
5179,1759.0299072265625,2794.139190673828,2004.1847229003906,2900.0,0.0005541544524021447,Odonata
5180,0.0,1130.4336853027344,445.1695556640625,1300.0,0.0005375785985961556,Odonata
5181,4108.0,2000.0,4500.0,2273.4780883789062,0.0005373941967263818,Odonata
5182,2842.077590942383,2400.0,3055.536346435547,2437.348320007324,0.0005042129196226597,Odonata
5183,4126.032341003418,2045.2714538574219,4608.0,2100.0,0.0004935049801133573,Odonata
5184,3759.1973419189453,458.056884765625,4050.4063720703125,500.0,0.0004919114871881902,Odonata
5185,1600,1206.7893981933594,1698.8256454467773,1300.0,0.0004915081663057208,Odonata
5186,2857.7520446777344,1032.6182403564453,2900.0,1296.62646484375,0.0004890313139185309,Odonata
5187,1640.6542282104492,2000,2070.5199279785156,2177.611297607422,0.00048684878856875,Odonata
5188,2976.1746826171875,2400.06163418293,3190.2918395996094,2446.2311248779297,0.0004860874032601714,Odonata
5189,3200.0,3177.065658569336,3609.119354248047,3456.0,0.0004645510343834758,Odonata
5190,276.1102294921875,2400.682306289673,490.7983703613281,2728.4983520507812,0.0004592842306010425,Odonata
5191,3225.2958374023438,964.241943359375,3300.0,1209.3732299804688,0.0004512885061558336,Odonata
5192,2299.0432739257812,3193.64990234375,2500.0,3299.9893798828125,0.00044822352356277406,Odonata
5193,2629.3560943603516,2463.355194091797,2900.0,2500.0,0.0004419325268827379,Odonata
5194,1219.7265148162842,847.6128540039062,1574.0087585449219,900.0,0.0004413374699652195,Odonata
5195,3200.0,80.41820526123047,3234.441173553467,357.50189208984375,0.0004339784209150821,Odonata
5196,1200.0,2065.1449279785156,1423.123031616211,2100.0,0.00042860826943069696,Odonata
5197,3200.0,1565.1041870117188,3379.923355102539,1700.0,0.00040932255797088146,Odonata
5198,4045.3723754882812,839.5595970153809,4100.0,1005.8287200927734,0.0004077281628269702,Odonata
5199,1901.2583312988281,374.4327697753906,2194.194534301758,500.0,0.00040587273542769253,Odonata
5200,4155.485828399658,400.0,4478.521270751953,446.7656898498535,0.0004024278896395117,Odonata
5201,3222.920680999756,2452.49462890625,3555.3434143066406,2500.0,0.00040220640948973596,Odonata
5202,1899.4290771484375,820.2501220703125,2165.876922607422,900.0,0.0003943063784390688,Odonata
5203,2530.7974853515625,1650.0633239746094,2885.7400817871094,1700.0,0.00039024322177283466,Odonata
5204,1850.2041320800781,850.2238159179688,2095.7498168945312,900.0,0.00038725807098671794,Odonata
5205,4067.0635375976562,2821.3794708251953,4100.0,3053.5667877197266,0.00038687599590048194,Odonata
5206,3306.5788040161133,2400.0348925590515,3629.7049560546875,2452.1324348449707,0.0003795998345594853,Odonata
5207,3478.6891479492188,2000.0,3671.8346557617188,2072.4201126098633,0.0003724604903254658,Odonata
5208,2866.9320068359375,2841.159866333008,2899.9488830566406,3110.821044921875,0.0003706120769493282,Odonata
5209,70.46160888671875,2800.0,507.73277282714844,3106.469207763672,0.00036322977393865585,Odonata
5210,817.0239219665527,2400.02119243145,997.5869903564453,2432.8892211914062,0.00036238617030903697,Odonata
5211,400.0,1211.1956481933594,862.6836242675781,1300.0,0.0003595048619899899,Odonata
5212,4108.0,175.3075714111328,4202.393852233887,497.9752197265625,0.00035902057425118983,Odonata
5213,3600.0,2450.01611328125,3873.2155151367188,2500.0,0.00035899254726246,Odonata
5214,3260.5328674316406,1600.0,3300.0,1852.7227935791016,0.0003542143967933953,Odonata
5215,3218.7757568359375,800.0,3300.0,1077.4501037597656,0.0003506397770252079,Odonata
5216,3662.771026611328,86.39216613769531,3699.95458984375,299.1422119140625,0.0003477323043625802,Odonata
5217,2680.5340881347656,1200.0,2900.0,1276.5162506103516,0.0003469561052042991,Odonata
5218,1356.642318725586,1600.0984072685242,1640.6671142578125,1678.3149490356445,0.0003457995189819485,Odonata
5219,3600.0,27.295446395874023,3658.85542678833,297.642333984375,0.00034120571217499673,Odonata
5220,4041.8743858337402,3359.758331298828,4601.253570556641,3456.0,0.0003371724160388112,Odonata
5221,2733.859832763672,2393.391326904297,2920.141670227051,2500.0,0.0003309954481665045,Odonata
5222,927.5391311645508,400.0933647155762,1157.8677062988281,448.89810943603516,0.00032997463131323457,Odonata
5223,2800.059089064598,400.0,2899.89404296875,654.0534973144531,0.0003254665352869779,Odonata
5224,4503.011291503906,2833.370292663574,4608.0,3329.3651733398438,0.00032506929710507393,Odonata
5225,3252.1431884765625,144.34909057617188,3300.0,401.1557922363281,0.00032394690788351,Odonata
5226,2980.7728271484375,400.0,3221.9657287597656,460.9853286743164,0.0003226111293770373,Odonata
5227,3291.2857513427734,2842.68798828125,3566.2955627441406,2900.0,0.0003225613327231258,Odonata
5228,3261.644298553467,800,3409.9744567871094,849.5419692993164,0.0003105879877693951,Odonata
5229,1797.1471252441406,2068.9009704589844,2242.4935760498047,2500.0,0.00030954627436585724,Odonata
5230,1600.0,2142.805618286133,1941.0193786621094,2500.0,0.0003083953633904457,Odonata
5231,3200.022929906845,1304.3878555297852,3272.533103942871,1586.9140625,0.00030388287268579006,Odonata
5232,1200.0,2699.3998107910156,1559.5216979980469,2943.784896850586,0.0003027063503395766,Odonata
5233,3200,1200,3357.2701873779297,1241.2284927368164,0.00029728823574259877,Odonata
5234,3523.3409118652344,1200.0,3710.5360717773438,1292.415870666504,0.00029456507763825357,Odonata
5235,1665.74658203125,800,1699.9510803222656,999.5726318359375,0.0002915445656981319,Odonata
5236,1230.9118347167969,2300.3719482421875,1300.0,2500.0,0.0002872475888580084,Odonata
5237,1353.2602233886719,883.9213256835938,1611.4110107421875,900.0,0.0002861938555724919,Odonata
5238,406.8377733230591,2227.221969604492,899.3208312988281,2500.0,0.00028384735924191773,Odonata
5239,2800.0,1729.645248413086,3062.628875732422,2100.0,0.00027893632068298757,Odonata
5240,2507.2636947631836,472.95037841796875,2726.9779663085938,499.9090270996094,0.0002756546891760081,Odonata
5241,3200.0,3258.0958251953125,3440.574264526367,3300.0,0.0002750162675511092,Odonata
5242,2800.0,840.3075714111328,2853.2089881896973,1063.1341552734375,0.0002742273500189185,Odonata
5243,2996.1468353271484,3234.16357421875,3267.3041381835938,3300.0,0.0002739976334851235,Odonata
5244,3103.2953186035156,1230.55322265625,3232.8885498046875,1350.5491790771484,0.00027242512442171574,Odonata
5245,2314.7920837402344,1938.6792602539062,2548.6074981689453,2100.0,0.0002695724251680076,Odonata
5246,3844.1698608398438,2956.0,4100.0,2992.293655395508,0.00026576718664728105,Odonata
5247,2014.2238731384277,3425.717987060547,2491.77392578125,3456.0,0.000262312067206949,Odonata
5248,2790.2156372070312,1606.6616535186768,3044.803756713867,1952.0813598632812,0.00026069398154504597,Odonata
5249,1487.8672180175781,1200.0567376613617,1700.0,1251.6776008605957,0.0002491059130989015,Odonata
5250,2459.767059326172,417.3112392425537,2499.865447998047,655.6162872314453,0.0002460000687278807,Odonata
5251,2920.862045288086,1242.9686584472656,3165.9667053222656,1299.9442138671875,0.00024320989905390888,Odonata
5252,2949.3687438964844,2844.3504943847656,3146.339141845703,2900.0,0.00023799286282155663,Odonata
5253,2709.4226989746094,800.0,2900.0,856.3716583251953,0.0002355374745093286,Odonata
5254,4017.556953430176,800.0817835330963,4235.763122558594,863.5974006652832,0.00023433724709320813,Odonata
5255,4123.824546813965,2446.997833251953,4369.712554931641,2499.9972229003906,0.000224522955249995,Odonata
5256,2400.017988681793,1065.8345336914062,2500.0,1300.0,0.00022271981288213283,Odonata
5257,2445.2289428710938,800.0,2500.0,1041.537353515625,0.00022010105021763593,Odonata
5258,3600.069499015808,2048.0851402282715,3658.7946128845215,2406.4960021972656,0.00021818045934196562,Odonata
5259,2800,1673.8799133300781,3047.1204986572266,1700.0,0.00021794697386212647,Odonata
5260,3604.3609619140625,2400.0,3889.555633544922,2441.6138229370117,0.00021767451835330576,Odonata
5261,897.458740234375,800.261926651001,1300.0,1082.2461547851562,0.00021713804744649678,Odonata
5262,910.5820770263672,2400,1123.117919921875,2438.5456352233887,0.0002163696481147781,Odonata
5263,0.43578147888183594,523.4035339355469,69.03958129882812,821.2356567382812,0.00021623395150527358,Odonata
5264,873.9965209960938,2457.553680419922,1115.2178649902344,2500.0,0.00021392302005551755,Odonata
5265,2000,2308.6893920898438,2154.9134063720703,2500.0,0.00020726064394693822,Odonata
5266,2415.2291297912598,2400.0930815935135,2642.4830017089844,2435.083335876465,0.00020646225311793387,Odonata
5267,2911.996795654297,2800.0783264636993,3152.926544189453,2839.7118644714355,0.00020389302517287433,Odonata
5268,4031.0491790771484,1220.5438537597656,4293.411544799805,1299.9857788085938,0.00020032227621413767,Odonata
5269,3419.916778564453,2800.0,3616.6799926757812,2852.3930435180664,0.00019808598153758794,Odonata
5270,2880.233123779297,400.0180125236511,3058.0404663085938,427.2587242126465,0.00019533245358616114,Odonata
5271,3880.7227172851562,1515.1537170410156,4100.0,1699.8447265625,0.00019514629093464464,Odonata
5272,3749.406753540039,2046.5910034179688,3981.696563720703,2099.954559326172,0.00019355946278665215,Odonata
5273,3105.4747619628906,800,3271.985565185547,835.6538963317871,0.00019261629495304078,Odonata
5274,2023.9036560058594,2800.0,2500.0,3175.332489013672,0.00018983178597409278,Odonata
5275,4000.0,0.0,4499.302093505859,247.09840393066406,0.00018973353144247085,Odonata
5276,1089.1459350585938,1600.014179944992,1295.3827819824219,1628.6325759887695,0.0001893704175017774,Odonata
5277,1709.521842956543,451.94873046875,1981.94580078125,500.0,0.00018592555716168135,Odonata
5278,3344.3658294677734,400,3555.430877685547,445.73339080810547,0.00018522590107750148,Odonata
5279,4151.6845779418945,2000.0675350427628,4417.750183105469,2039.2806243896484,0.00018494637333787978,Odonata
5280,4514.4566650390625,2400.0,4608.0,2897.3607177734375,0.00018245565297547728,Odonata
5281,2846.5225219726562,3091.2745971679688,2900.0,3340.377227783203,0.00017651289817877114,Odonata
5282,3858.0859985351562,1600,4069.8821411132812,1632.2565269470215,0.000174321947270073,Odonata
5283,3376.921112060547,1200,3558.853790283203,1216.099422454834,0.00017325858061667532,Odonata
5284,2441.9876708984375,2028.9472103118896,2500.0,2270.0853576660156,0.000172394749824889,Odonata
5285,4391.050384521484,1205.9344291687012,4608.0,1700.0,0.00016771956870798022,Odonata
5286,3200,0,3235.5064277648926,158.92770385742188,0.0001672784419497475,Odonata
5287,2412.1018228530884,1200.0,2679.9847106933594,1243.814022064209,0.00016258563846349716,Odonata
5288,3600.119364261627,2000,3632.796012878418,2223.0985107421875,0.0001620439434191212,Odonata
5289,2818.075469970703,859.1201324462891,2900.0,1117.7904968261719,0.0001602827396709472,Odonata
5290,3568.7955017089844,1784.2291870117188,3740.166000366211,2015.1578063964844,0.00016000756295397878,Odonata
5291,4000.0,2000.0,4049.374698638916,2377.7775268554688,0.00015923117462079972,Odonata
5292,2400.076377391815,2000,2442.0487937927246,2248.233383178711,0.00015914905816316605,Odonata
5293,3373.904327392578,1600,3559.4867248535156,1635.0467147827148,0.0001556461356813088,Odonata
5294,3541.50341796875,520.8897857666016,3700.0,712.8053894042969,0.00015393916692119092,Odonata
5295,3692.2861251831055,2800,3921.3358764648438,2840.6038703918457,0.00015346957661677152,Odonata
5296,4502.7734375,2000.0,4608.0,2340.8275451660156,0.00014941638801246881,Odonata
5297,3304.9880981445312,2070.859130859375,3545.239013671875,2099.8803100585938,0.00014894851483404636,Odonata
5298,2540.7400665283203,2000.0,2900.0,2050.8696327209473,0.0001448152761440724,Odonata
5299,4279.3675537109375,400.00303089618683,4493.165832519531,440.15359115600586,0.00014173115778248757,Odonata
5300,3200.0,1700.2004623413086,3263.645004272461,1876.0466003417969,0.00014166075561661273,Odonata
5301,1200.0,1099.4028930664062,1295.711555480957,1300.0,0.00014064818969927728,Odonata
5302,4129.168533325195,2800.0413358211517,4455.382781982422,2852.7887573242188,0.00013814734120387584,Odonata
5303,1010.5328521728516,2000.0,1206.8981628417969,2050.345634460449,0.00013560467050410807,Odonata
5304,2862.7547302246094,1503.1741027832031,2900.0,1700.0,0.00013331191439647228,Odonata
5305,2000.0,208.50277709960938,2072.2383728027344,434.7568359375,0.00013319756544660777,Odonata
5306,993.5408630371094,2800.0,1199.9037780761719,2833.0022888183594,0.00013084226520732045,Odonata
5307,4000.0,949.6270599365234,4168.710464477539,1207.7447509765625,0.00013003589992877096,Odonata
5308,4213.505798339844,3196.624053955078,4498.6114501953125,3300.0,0.00012970983516424894,Odonata
5309,4040.899658203125,182.62782287597656,4100.0,457.7173156738281,0.00012599285400938243,Odonata
5310,3600.0,1140.8688659667969,3642.645793914795,1368.300765991211,0.00012495528790168464,Odonata
5311,157.87869262695312,911.591911315918,457.07159423828125,1226.5172271728516,0.0001232640352100134,Odonata
5312,2998.391586303711,1200.0,3234.9234008789062,1230.4237689971924,0.00012224414967931807,Odonata
5313,3218.949031829834,2800,3430.596160888672,2819.963399887085,0.00011651177919702604,Odonata
5314,2299.684326171875,2044.5533752441406,2500.0,2099.978271484375,0.00011491759505588561,Odonata
5315,3617.8644104003906,2275.5509033203125,3700.0,2500.0,0.00011442738468758762,Odonata
5316,2817.421621322632,2000.0,3063.7350463867188,2038.0974578857422,0.00011336521856719628,Odonata
5317,0.0,846.0790100097656,351.7306823730469,900.0,0.00011232607357669622,Odonata
5318,1219.8750610351562,157.75164794921875,1298.6513977050781,324.0592956542969,0.00011188819917151704,Odonata
5319,2745.5030822753906,1755.3215637207031,2900.0,2136.872512817383,0.00010963418026221916,Odonata
5320,3803.6227264404297,880.0242691040039,4002.2303466796875,1009.8657073974609,0.0001087493437808007,Odonata
5321,1631.273115158081,3428.9542846679688,2094.8138122558594,3456.0,0.00010808387014549226,Odonata
5322,3384.364303588867,2507.0576553344727,3537.4552612304688,2706.888671875,0.0001075439213309437,Odonata
5323,414.7549867630005,1253.6445007324219,651.3843994140625,1299.9489440917969,0.00010498244228074327,Odonata
5324,985.6397705078125,800.0811725854874,1126.6641845703125,866.4974822998047,0.00010479050251888111,Odonata
5325,1231.5792560577393,1600.13045668602,1448.5081176757812,1641.4137115478516,0.00010435035801492631,Odonata
5326,2800,2430.0520935058594,2979.022506713867,2500.0,0.00010425577056594193,Odonata
5327,4390.342498779297,2760.7254333496094,4500.0,2900.0,0.00010347284842282534,Odonata
5328,3648.863697052002,2540.4359283447266,3878.5570678710938,2607.1961212158203,9.710947779240087e-05,Odonata
5329,3656.297206878662,800.1939415931702,3813.4326934814453,896.1152572631836,9.685737313702703e-05,Odonata
5330,1200,2000.1159489154816,1287.0914916992188,2084.526351928711,9.415989916305989e-05,Odonata
5331,4230.769737243652,1200.0,4460.450286865234,1254.9511604309082,9.4050687039271e-05,Odonata
5332,3648.615692138672,43.58072280883789,3699.0220642089844,179.2804718017578,9.395486995344982e-05,Odonata
5333,4485.812652587891,218.524169921875,4607.912536621094,500.0,9.025111648952588e-05,Odonata
5334,2182.084182739258,1219.68994140625,2461.842529296875,1300.0,9.013613453134894e-05,Odonata
5335,0.5131006240844727,833.2053680419922,222.82080078125,1299.1998596191406,8.996276301331818e-05,Odonata
5336,2800.0667423009872,250.66299438476562,2837.1838722229004,428.02294921875,8.929278556024656e-05,Odonata
5337,3600.0,3426.7259216308594,3925.802459716797,3456.0,8.895011706044897e-05,Odonata
5338,2070.2156372070312,0.0,2499.771484375,237.56434631347656,8.890467142919078e-05,Odonata
5339,4000.0187695026398,1603.0965328216553,4100.0,1862.1705017089844,8.877996151568368e-05,Odonata
5340,2804.803747177124,1296.9302673339844,2996.545700073242,1511.0522155761719,8.820345101412386e-05,Odonata
5341,3200,2800,3293.776741027832,2986.6204223632812,8.694513962836936e-05,Odonata
5342,4000,1062.5401611328125,4048.1827125549316,1296.7034301757812,8.148411870934069e-05,Odonata
5343,2049.642936706543,3200.7728576660156,2242.893264770508,3245.2325744628906,8.135507960105315e-05,Odonata
5344,1876.7406005859375,2800.109177827835,2098.8209838867188,2850.200168609619,7.843123603379354e-05,Odonata
5345,818.6139221191406,303.1237487792969,899.9911193847656,500.0,7.817772711860016e-05,Odonata
5346,2752.7118530273438,1049.0182342529297,2849.2555541992188,1158.1588745117188,7.662780990358442e-05,Odonata
5347,1761.7791137695312,2800.033777952194,1979.8630676269531,2828.921157836914,7.531439769081771e-05,Odonata
5348,2468.055992126465,2000.1051604747772,2666.436309814453,2035.291690826416,7.171520701376721e-05,Odonata
5349,0.0,0.0,398.3593444824219,320.94403076171875,7.05350685166195e-05,Odonata
5350,3234.6451530456543,2000,3432.3596954345703,2051.613105773926,6.80224402458407e-05,Odonata
5351,280.73388671875,1043.9816436767578,425.4296875,1210.6845703125,6.74694383633323e-05,Odonata
5352,1044.7207489013672,800.1920759677887,1300.0,888.3791961669922,6.732874317094684e-05,Odonata
5353,3030.160140991211,2000,3232.2904663085938,2035.0732192993164,6.606613169424236e-05,Odonata
5354,1642.1390533447266,52.92501449584961,2061.6837158203125,302.11767578125,6.531504186568782e-05,Odonata
5355,800,847.3376770019531,999.2896270751953,899.9098205566406,6.509771628770977e-05,Odonata
5356,4000.0144243240356,2808.392286300659,4031.820941925049,3068.043670654297,6.392892100848258e-05,Odonata
5357,3687.0787658691406,2956.0859797000885,3919.5352478027344,2995.899314880371,6.385659071383998e-05,Odonata
5358,590.9416656494141,2000.067812204361,771.3132934570312,2039.8672523498535,6.326109723886475e-05,Odonata
5359,4214.463096618652,581.3744506835938,4608.0,900.0,6.280475645326078e-05,Odonata
5360,2800,2956.0665068626404,2995.5873413085938,2990.0827674865723,6.202275108080357e-05,Odonata
5361,2400,3384.0904235839844,2513.694679260254,3455.6930541992188,6.138924800325185e-05,Odonata
5362,2612.3925170898438,2114.692558288574,2761.2061462402344,2289.710662841797,6.06190187681932e-05,Odonata
5363,2000.0,2003.7224054336548,2115.3248901367188,2294.705352783203,5.978139961371198e-05,Odonata
5364,3262.9365844726562,1384.1213684082031,3300.0,1653.202392578125,5.952666106168181e-05,Odonata
5365,4000,2233.852767944336,4037.9641723632812,2497.251190185547,5.7900691899703816e-05,Odonata
5366,894.1678085327148,314.2021179199219,992.6049194335938,500.0,5.776237230747938e-05,Odonata
5367,3992.0358276367188,3193.043472290039,4100.0,3439.0825805664062,5.7277044106740505e-05,Odonata
5368,3600.0,2888.6896743774414,3700.0,3207.779556274414,5.6901837524492294e-05,Odonata
5369,4201.960464477539,3264.7940979003906,4361.232666015625,3299.9356689453125,5.674258136423305e-05,Odonata
5370,0.0,2954.1548767089844,116.18578338623047,3300.1463928222656,5.6320954172406346e-05,Odonata
5371,1200.0,725.8840026855469,1300.0,1182.29736328125,5.52793026145082e-05,Odonata
5372,3200,2988.5313568115234,3259.5245246887207,3147.054672241211,5.282518395688385e-05,Odonata
5373,3200.0,2956.0412553548813,3369.254440307617,3040.3421020507812,5.126513133291155e-05,Odonata
5374,4000.0,1391.5212097167969,4156.685394287109,1608.9852294921875,4.676747266785242e-05,Odonata
5375,1118.9869995117188,1200,1300.0,1248.4955863952637,4.571287354337983e-05,Odonata
5376,3600.0247299671173,2540.366195678711,3656.618236541748,2790.1527709960938,4.355548298917711e-05,Odonata
5377,2950.3592681884766,1898.6028747558594,3114.865264892578,1999.4821472167969,4.3536798330023885e-05,Odonata
5378,1797.1946716308594,2355.131866455078,2008.8223571777344,2443.7384643554688,4.318935316405259e-05,Odonata
5379,3810.5656127929688,2400,4008.274688720703,2420.5308532714844,4.281029396224767e-05,Odonata
5380,1456.8619689941406,2800.1138150691986,1682.7035827636719,2848.028575897217,4.0866274503059685e-05,Odonata
5381,4000.2953976392746,3050.2197799682617,4039.080265045166,3310.8589782714844,3.92448237107601e-05,Odonata
5382,2800.0642895698547,2400,2863.364757537842,2613.286346435547,3.8641122955596074e-05,Odonata
5383,4000,820.4681625366211,4037.3448181152344,1018.7728881835938,3.797313183895312e-05,Odonata
5384,3200,3430.268096923828,3559.9827270507812,3456.0,3.746742004295811e-05,Odonata
5385,4000,253.1629638671875,4069.4737701416016,449.3990783691406,3.6119879951002076e-05,Odonata
5386,1233.7218322753906,2811.1842155456543,1295.7931518554688,3079.8571166992188,3.578269388526678e-05,Odonata
5387,4239.382507324219,0.15277862548828125,4605.0086669921875,60.89354705810547,3.475107587291859e-05,Odonata
5388,4412.7607421875,622.1245727539062,4457.531555175781,830.5352783203125,3.4519802284194157e-05,Odonata
5389,4255.271774291992,2800.134661793709,4452.981384277344,2900.0,3.4067514206981286e-05,Odonata
5390,4388.56201171875,1600.403344631195,4608.0,1799.3228912353516,3.3537060517119244e-05,Odonata
5391,2622.6753692626953,2956.1088738441467,2838.680419921875,3063.7218017578125,3.322829070384614e-05,Odonata
5392,4013.5753631591797,304.3097839355469,4144.693435668945,363.91925048828125,2.8067042876500636e-05,Odonata
5393,4146.120174407959,2400.207009911537,4430.677429199219,2446.9357376098633,2.7833522835862823e-05,Odonata
5394,4000.952625274658,3427.2849731445312,4236.818832397461,3455.9714965820312,2.6228710339637473e-05,Odonata
5395,4474.762390136719,2782.9908447265625,4499.659393310547,2899.273406982422,2.2794081814936362e-05,Odonata
5396,0.0,220.63040161132812,183.2319793701172,499.9936218261719,2.0151341232121922e-05,Odonata
5397,215.7839813232422,444.6756286621094,395.75384521484375,500.0,1.8164671928388998e-05,Odonata
5398,251.35287475585938,501.5398483276367,441.615234375,678.7239685058594,1.7638618373894133e-05,Odonata
5399,4266.511169433594,2026.7003173828125,4449.137969970703,2100.0,1.5847128452151082e-05,Odonata
5400,246.48495483398438,1727.6623458862305,497.8087463378906,1997.7342224121094,1.5256837286869995e-05,Odonata
5401,1263.576805114746,3014.9137687683105,1727.898811340332,3456.0,0.6040942668914795,Orthoptera
5402,231.43862915039062,2111.792137145996,563.7481994628906,2585.713821411133,0.06163840368390083,Orthoptera
5403,2400.0,3045.479423522949,2780.8953247070312,3401.568603515625,0.05433278903365135,Orthoptera
5404,247.70474243164062,564.7072296142578,500.0,900.0,0.030126290395855904,Orthoptera
5405,400.0,2859.7949028015137,980.2911071777344,3382.3751831054688,0.02591920830309391,Orthoptera
5406,1555.8100280761719,2404.0170907974243,2095.560302734375,2900.0,0.0218102615326643,Orthoptera
5407,2059.6455078125,1282.1827850341797,2539.9605560302734,1700.0,0.015404924750328064,Orthoptera
5408,1600.0,2105.787467956543,2000.47265625,2500.0,0.014867650344967842,Orthoptera
5409,2013.1810188293457,1983.4766845703125,2500.0,2228.2184143066406,0.014737866818904877,Orthoptera
5410,498.7754821777344,1204.6747207641602,897.9100341796875,1565.8870849609375,0.012205004692077637,Orthoptera
5411,1270.3991394042969,1235.1852416992188,1700.0,1537.0974426269531,0.012152647599577904,Orthoptera
5412,399.10858154296875,800.0,897.5267028808594,1300.0,0.01110919751226902,Orthoptera
5413,1200.0,1299.916648864746,1563.6415100097656,1700.0,0.010579034686088562,Orthoptera
5414,400.0,2369.795135498047,900.0,2652.0738372802734,0.009317545220255852,Orthoptera
5415,143.3729248046875,466.3065872192383,495.634521484375,838.3991088867188,0.008687320165336132,Orthoptera
5416,338.9686279296875,1349.6818084716797,756.8906555175781,1700.0,0.008540082722902298,Orthoptera
5417,403.34956645965576,2301.0916748046875,730.2471008300781,2500.0,0.008511737920343876,Orthoptera
5418,71.87309265136719,2800.0,506.51292419433594,3336.361114501953,0.008288172073662281,Orthoptera
5419,800.0,63.539268493652344,1330.2729034423828,500.0,0.006986806634813547,Orthoptera
5420,800.0,2000.0,1299.9238891601562,2398.1654052734375,0.006677266210317612,Orthoptera
5421,2090.2769088745117,2327.872772216797,2500.0,2900.0,0.006128906738013029,Orthoptera
5422,800.0718116760254,2400.0,1299.089111328125,2900.0,0.005775414407253265,Orthoptera
5423,1513.4942321777344,1659.7101669311523,1969.5933227539062,2100.0,0.004547661170363426,Orthoptera
5424,400.0,101.57656860351562,900.0,500.0,0.004345715045928955,Orthoptera
5425,4515.348297119141,3040.879867553711,4608.0,3455.8921508789062,0.003696243744343519,Orthoptera
5426,2000.0,1200.0,2499.8807983398438,1604.6160583496094,0.00333380326628685,Orthoptera
5427,701.3186645507812,2196.0989990234375,1010.4131164550781,2499.7427978515625,0.0027519974391907454,Orthoptera
5428,2501.7566833496094,2572.9751739501953,2900.0,2900.0,0.002593883080407977,Orthoptera
5429,1207.7313899993896,801.0393142700195,1601.9300537109375,1089.3524780273438,0.0025500135961920023,Orthoptera
5430,114.0172119140625,1132.2370910644531,500.0,1452.5337677001953,0.0020199939608573914,Orthoptera
5431,800.0,400.03507137298584,1300.0,900.0,0.0020109813194721937,Orthoptera
5432,826.8497943878174,841.7719345092773,1232.2371520996094,1240.0968627929688,0.0017277587903663516,Orthoptera
5433,1241.975414276123,2802.1700143814087,1699.0777893066406,3030.7540435791016,0.001640121336095035,Orthoptera
5434,131.25967407226562,1927.6021118164062,585.7379913330078,2333.0438842773438,0.0015626439126208425,Orthoptera
5435,1344.9025268554688,2512.5484466552734,1700.0,2900.0,0.001371036167256534,Orthoptera
5436,1331.2088012695312,1690.3516387939453,1700.0,2181.5154724121094,0.001317002926953137,Orthoptera
5437,220.62339782714844,1358.9232482910156,500.0,1700.0,0.0011925061699002981,Orthoptera
5438,1915.9649963378906,3040.3141479492188,2496.751495361328,3454.6302490234375,0.0011854921467602253,Orthoptera
5439,1626.7999572753906,3097.7882080078125,2100.0,3455.9593811035156,0.0011470442404970527,Orthoptera
5440,1818.3473510742188,2727.111785888672,2100.0,2900.0,0.0010212550405412912,Orthoptera
5441,800.3298759460449,2897.6877365112305,1068.0914306640625,3311.021759033203,0.000947842956520617,Orthoptera
5442,1600.0,1445.4762878417969,2095.1762084960938,1700.0,0.0009293649927712977,Orthoptera
5443,2496.0703887939453,1600.0,2900.0,2002.9369506835938,0.0008888282463885844,Orthoptera
5444,400.0,2572.690872192383,832.2510681152344,2900.0,0.0008711352711543441,Orthoptera
5445,2941.6961669921875,2363.903076171875,3300.0,2500.0,0.0008611702360212803,Orthoptera
5446,142.9778594970703,1272.8856506347656,496.3174743652344,1300.0,0.0007522222585976124,Orthoptera
5447,186.5458526611328,2400.0,500.0,2900.0,0.0006612545694224536,Orthoptera
5448,4283.205596923828,3353.813262939453,4608.0,3456.0,0.0006482870085164905,Orthoptera
5449,2400.0,2481.4363327026367,2733.6712646484375,2900.0,0.00060693034902215,Orthoptera
5450,2000,2469.3727416992188,2206.7705078125,2500.0,0.0006068178918212652,Orthoptera
5451,1336.1515808105469,2308.9951171875,1700.0,2604.4029541015625,0.0006021035951562226,Orthoptera
5452,1332.0159912109375,2170.4557342529297,1743.0868072509766,2500.0,0.0005992759251967072,Orthoptera
5453,1999.0585632324219,2400.0,2322.4110717773438,2781.9989624023438,0.0005990169593133032,Orthoptera
5454,2400.209951400757,66.60381317138672,2624.0939331054688,345.79595947265625,0.0005974848172627389,Orthoptera
5455,2863.4237174987793,2850.5901489257812,3300.0,2899.9892578125,0.0005865685525350273,Orthoptera
5456,1427.1011352539062,1567.0696411132812,1700.0,1700.0,0.0005471725598908961,Orthoptera
5457,2128.5896759033203,3181.643524169922,2500.0,3456.0,0.00048107438487932086,Orthoptera
5458,400.2923011779785,574.5658874511719,876.4843139648438,900.0,0.00047651882050558925,Orthoptera
5459,0.0,1933.8870849609375,234.98265075683594,2205.9920501708984,0.0004755323752760887,Orthoptera
5460,377.0796813964844,53.61457061767578,670.9921875,500.0,0.00047518458450213075,Orthoptera
5461,2278.5686950683594,1720.1364974975586,2543.745559692383,2100.0,0.00044356295256875455,Orthoptera
5462,2216.2554779052734,2857.2650756835938,2500.0,2899.7861328125,0.0004426109080668539,Orthoptera
5463,1100.3338012695312,2622.975112915039,1306.4318923950195,2900.0,0.0004395300056785345,Orthoptera
5464,488.32225799560547,3204.4093170166016,900.0,3456.0,0.0004178278613835573,Orthoptera
5465,2386.8797302246094,2047.0026016235352,2500.0,2500.0,0.0004067936970386654,Orthoptera
5466,4452.246551513672,2166.293228149414,4608.0,2500.0,0.00038993844646029174,Orthoptera
5467,530.7910919189453,1617.7685737609863,900.0,1957.2025146484375,0.0003817294491454959,Orthoptera
5468,621.2344665527344,2068.3960876464844,900.0,2099.801544189453,0.000357626675395295,Orthoptera
5469,276.2229919433594,2400.0,500.0,2669.7887573242188,0.0003372392675373703,Orthoptera
5470,2567.4944915771484,2051.0360107421875,2899.9255981445312,2099.804443359375,0.00030813176999799907,Orthoptera
5471,841.5038604736328,1826.7579956054688,1252.7673645019531,2099.1729125976562,0.0002895156212616712,Orthoptera
5472,2129.3528900146484,1600.0,2579.330368041992,1974.8686218261719,0.0002834487531799823,Orthoptera
5473,1678.0666961669922,1600.2141952514648,2065.833984375,1986.8315124511719,0.0002577607810962945,Orthoptera
5474,2861.497615814209,53.6456298828125,3019.1976623535156,239.54074096679688,0.0002435972128296271,Orthoptera
5475,490.1253204345703,1732.184066772461,891.0532531738281,1960.7683715820312,0.00022754182282369584,Orthoptera
5476,784.5346069335938,51.84096145629883,1125.360595703125,488.8855895996094,0.00022188025468494743,Orthoptera
5477,873.1978912353516,2956.0,1300.0,3400.897705078125,0.0002208938676631078,Orthoptera
5478,1200.0397205352783,1709.4851531982422,1402.1837768554688,2100.0,0.00020200113067403436,Orthoptera
5479,3258.018112182617,2239.5399169921875,3694.8864135742188,2498.6244201660156,0.00019124375830870122,Orthoptera
5480,1811.5942077636719,2047.1819763183594,2100.0,2099.775421142578,0.00018655293388292193,Orthoptera
5481,569.7253112792969,2847.3919982910156,900.0,2899.83349609375,0.00018390150216873735,Orthoptera
5482,4395.382568359375,3229.9021911621094,4608.0,3456.0,0.00017943349666893482,Orthoptera
5483,2782.872589111328,3039.4407958984375,2934.5350952148438,3455.415771484375,0.00017892335017677397,Orthoptera
5484,0,1472.4132080078125,242.66119384765625,1700.0,0.00017573182412888855,Orthoptera
5485,302.0190124511719,3095.991714477539,624.9399108886719,3456.0,0.00017077910888474435,Orthoptera
5486,2016.8665161132812,1600.0,2279.7896728515625,2042.6732482910156,0.00016889801190700382,Orthoptera
5487,4000.0,3179.052505493164,4062.672580718994,3455.7155151367188,0.00016458625032100827,Orthoptera
5488,1411.6344451904297,3270.2386779785156,1700.0,3456.0,0.00016394171689171344,Orthoptera
5489,1019.3816680908203,2800.0,1300.0,3125.3807983398438,0.00015534499834757298,Orthoptera
5490,2553.952926635742,2400.0,2923.4267807006836,2698.623809814453,0.00015510478988289833,Orthoptera
5491,124.42012023925781,96.4575424194336,499.3358154296875,500.0,0.0001529645232949406,Orthoptera
5492,1200.0,2958.1448612213135,1591.7739868164062,3315.9537353515625,0.00014820543583482504,Orthoptera
5493,128.44439697265625,2706.8541870117188,500.0,2987.3895721435547,0.00014468720473814756,Orthoptera
5494,1883.9551391601562,3404.29150390625,2099.632598876953,3455.669464111328,0.00012608119868673384,Orthoptera
5495,4406.3106689453125,1406.5956573486328,4608.0,1700.0,0.00011906206782441586,Orthoptera
5496,2256.8626403808594,114.21916198730469,2400.388671875,183.26895141601562,0.00011849891598103568,Orthoptera
5497,1200,2400,1413.4369812011719,2755.7166137695312,0.00011827301932498813,Orthoptera
5498,4414.129577636719,2641.2186584472656,4608.0,2900.0,0.00011023274419130757,Orthoptera
5499,1201.1023998260498,62.572383880615234,1449.1604309082031,438.4508056640625,0.0001091239319066517,Orthoptera
5500,1742.5531463623047,2373.3328857421875,2100.0,2500.0,0.00010656007361831143,Orthoptera
5501,2400.0,1582.2330322265625,2651.1190643310547,1978.8309326171875,8.8154585682787e-05,Orthoptera
5502,1663.6999130249023,1270.5413818359375,2020.3457336425781,1299.9776916503906,8.632932440377772e-05,Orthoptera
5503,1600,1601.9478559494019,1673.8605117797852,1827.2876739501953,7.958643982419744e-05,Orthoptera
5504,851.6504745483398,1232.8628997802734,1299.0582580566406,1555.3238830566406,7.455218292307109e-05,Orthoptera
5505,1590.1917724609375,42.316829681396484,1700.0,430.5809020996094,7.194439967861399e-05,Orthoptera
5506,768.1349182128906,2597.9163208007812,900.0,2900.0,7.10809908923693e-05,Orthoptera
5507,4134.219631195068,99.44944763183594,4280.006195068359,180.20968627929688,7.012910646153614e-05,Orthoptera
5508,626.6596832275391,75.53223419189453,900.0,380.1348571777344,6.31020448054187e-05,Orthoptera
5509,0.19838809967041016,250.75784301757812,229.83863830566406,500.0,6.234242755454034e-05,Orthoptera
5510,970.0239715576172,2861.9332885742188,1298.4771118164062,2899.814453125,5.828526263940148e-05,Orthoptera
5511,852.7490615844727,703.0857238769531,1035.1547546386719,900.0,5.6841905461624265e-05,Orthoptera
5512,4108.0,3163.521682739258,4352.569534301758,3456.0,5.629399311146699e-05,Orthoptera
5513,2690.8878173828125,3428.90869140625,2900.0,3455.64208984375,5.4719475883757696e-05,Orthoptera
5514,2439.4791717529297,2070.1742553710938,2787.369354248047,2099.885040283203,5.32616613782011e-05,Orthoptera
5515,1669.1316757202148,51.16181182861328,2068.33837890625,366.5653076171875,4.548605647869408e-05,Orthoptera
5516,72.72148132324219,3116.6880493164062,500.0,3300.0,4.104652543901466e-05,Orthoptera
5517,4293.637451171875,1272.9012451171875,4499.876770019531,1299.6578369140625,3.5602970456238836e-05,Orthoptera
5518,1726.6220474243164,2000.1337349414825,2097.0477600097656,2059.214138031006,3.46259621437639e-05,Orthoptera
5519,4125.378890991211,2860.5957984924316,4499.893768310547,3093.052764892578,3.329950777697377e-05,Orthoptera
5520,4335.662078857422,872.8226623535156,4608.0,899.9009094238281,3.250675217714161e-05,Orthoptera
5521,4228.9278564453125,1672.3081665039062,4500.0,1699.8837585449219,3.0249369956436567e-05,Orthoptera
5522,4246.497543334961,2872.2432250976562,4608.0,2900.0,2.8055319489794783e-05,Orthoptera
5523,3200,3164.069137573242,3323.3274459838867,3456.0,2.554526145104319e-05,Orthoptera
5524,0,2708.4493713378906,337.43341064453125,2900.0,2.205873533966951e-05,Orthoptera
5525,416.62158203125,1600.170660018921,500.0,1810.1585845947266,2.1793495761812665e-05,Orthoptera
5526,282.953125,3419.2946166992188,499.89361572265625,3455.6858520507812,1.9565215552574955e-05,Orthoptera
5527,0.0,0.0,379.5270080566406,328.8023376464844,1.2457671800802927e-05,Orthoptera
5528,3258.5310974121094,1743.624740600586,3337.4654235839844,1823.1964874267578,0.22016458213329315,Plecoptera
5529,3254.9562339782715,2863.268684387207,3319.488052368164,2937.157699584961,0.18308956921100616,Plecoptera
5530,4037.1294860839844,2156.6175537109375,4099.7012939453125,2197.5274810791016,0.17290395498275757,Plecoptera
5531,4053.1990280151367,2039.1890754699707,4120.987976074219,2118.8981018066406,0.14763641357421875,Plecoptera
5532,724.31591796875,1028.2503051757812,773.2363586425781,1087.893310546875,0.14597414433956146,Plecoptera
5533,1613.45166015625,911.6923370361328,1699.9143676757812,1089.8449096679688,0.14071041345596313,Plecoptera
5534,4181.650573730469,570.9595947265625,4225.945159912109,629.6746978759766,0.11896786838769913,Plecoptera
5535,4108.035212934017,400.162148475647,4135.60337638855,479.3636245727539,0.1113637387752533,Plecoptera
5536,3396.941421508789,206.4287872314453,3432.3328552246094,287.7899475097656,0.08477538824081421,Plecoptera
5537,4102.859260559082,1189.2601013183594,4140.642139434814,1284.2231750488281,0.07680951803922653,Plecoptera
5538,1328.8744659423828,1593.6968078613281,1496.4664916992188,1649.196949005127,0.059743862599134445,Plecoptera
5539,3200.0,2482.329200744629,3237.462028503418,2577.9933013916016,0.05324564129114151,Plecoptera
5540,3533.7522888183594,1654.7476806640625,3630.7784423828125,1699.261962890625,0.05188983678817749,Plecoptera
5541,3600.025126338005,1536.8876037597656,3633.3835372924805,1580.3511962890625,0.051885660737752914,Plecoptera
5542,3670.4093017578125,188.29783630371094,3700.0,320.343017578125,0.04937266930937767,Plecoptera
5543,3755.493118286133,1683.3951110839844,3802.0277099609375,1704.8117980957031,0.04746929928660393,Plecoptera
5544,3777.562713623047,1805.7021179199219,3817.7474060058594,1857.110595703125,0.04695058614015579,Plecoptera
5545,2403.64271402359,2322.687774658203,2517.208168029785,2558.346160888672,0.043873921036720276,Plecoptera
5546,3279.9946899414062,660.5049438476562,3299.933135986328,700.5997314453125,0.042302217334508896,Plecoptera
5547,3679.6133422851562,317.5774841308594,3719.1151962280273,386.3748779296875,0.041148655116558075,Plecoptera
5548,3274.1784057617188,1600.0,3307.390525817871,1696.1404342651367,0.035695552825927734,Plecoptera
5549,3707.612419128418,2000.6531372070312,3753.111526489258,2037.8495788574219,0.03492772579193115,Plecoptera
5550,2650.9871978759766,1117.1201171875,2694.601776123047,1143.5454711914062,0.03190205246210098,Plecoptera
5551,2752.3787841796875,704.2315979003906,2804.005157470703,725.1747741699219,0.03181153163313866,Plecoptera
5552,3276.0970153808594,173.0170440673828,3316.9951705932617,225.44644165039062,0.03142182156443596,Plecoptera
5553,4083.0745239257812,503.70530700683594,4100.0,573.2593994140625,0.03094620071351528,Plecoptera
5554,2801.427611708641,347.2955322265625,2830.9091835021973,377.7908935546875,0.02997947484254837,Plecoptera
5555,4136.551971435547,1361.6898651123047,4256.759078979492,1489.3097534179688,0.02884931117296219,Plecoptera
5556,3268.8130493164062,559.7315979003906,3315.0929794311523,636.3049468994141,0.02712186984717846,Plecoptera
5557,786.3616333007812,2000.7491827011108,899.6435241699219,2161.314727783203,0.026202771812677383,Plecoptera
5558,2039.019416809082,562.8088073730469,2177.1991271972656,763.1414184570312,0.024989468976855278,Plecoptera
5559,1188.020751953125,61.1898078918457,1222.872314453125,139.73081970214844,0.024439377710223198,Plecoptera
5560,2800.0,2945.0155334472656,2826.039934158325,3078.998077392578,0.024111179634928703,Plecoptera
5561,4000.0,459.94049072265625,4039.5678672790527,520.0406036376953,0.02354084514081478,Plecoptera
5562,3189.172637939453,694.9582214355469,3226.044464111328,734.9881286621094,0.02214534766972065,Plecoptera
5563,1587.7335510253906,1138.2803955078125,1742.911605834961,1267.2146911621094,0.021712251007556915,Plecoptera
5564,2603.0419311523438,121.99463653564453,2640.284439086914,175.62051391601562,0.021320348605513573,Plecoptera
5565,3781.6368103027344,2400.0,3885.61669921875,2423.888973236084,0.018331920728087425,Plecoptera
5566,4070.4711303710938,557.6338195800781,4103.573135375977,587.0722351074219,0.017426254227757454,Plecoptera
5567,4108.0,2778.292236328125,4244.053924560547,2838.8491592407227,0.017268378287553787,Plecoptera
5568,1649.4154930114746,2507.939743041992,1786.3091888427734,2631.429977416992,0.016893280670046806,Plecoptera
5569,824.9288330078125,2293.974365234375,1409.7286376953125,2761.697998046875,0.016454078257083893,Plecoptera
5570,2456.487892150879,2342.4501037597656,2585.354751586914,2388.6994018554688,0.015638746321201324,Plecoptera
5571,3575.5275268554688,765.7781677246094,3616.8142833709717,840.3333740234375,0.015491563826799393,Plecoptera
5572,4072.7080993652344,844.4725303649902,4147.19372177124,953.3271026611328,0.015282899141311646,Plecoptera
5573,1274.042724609375,2622.2295837402344,2236.533203125,2926.05029296875,0.014111006632447243,Plecoptera
5574,2064.1586685180664,780.1041564941406,2221.466064453125,834.9844055175781,0.014078637585043907,Plecoptera
5575,4000.0,1202.161958694458,4085.691390991211,1266.8257675170898,0.013380108401179314,Plecoptera
5576,3279.277130126953,161.10009765625,3300.0,209.7515106201172,0.013212361373007298,Plecoptera
5577,3000.596160888672,805.3817839622498,3034.966110229492,835.3851203918457,0.012734985910356045,Plecoptera
5578,2800.0264823436737,563.2284240722656,2828.1170043945312,630.6439819335938,0.011690540239214897,Plecoptera
5579,3574.914794921875,2686.734588623047,3649.1836547851562,2754.715545654297,0.01126021146774292,Plecoptera
5580,640.3493957519531,1200.6077349185944,804.4046020507812,1260.1812896728516,0.011215021833777428,Plecoptera
5581,1582.9645080566406,1267.7654418945312,1694.0140686035156,1300.0,0.01108438428491354,Plecoptera
5582,828.3276348114014,2971.5792236328125,922.2741012573242,3146.420196533203,0.01106839720159769,Plecoptera
5583,1652.3888549804688,3319.7432250976562,1705.8836212158203,3367.3063354492188,0.011040152981877327,Plecoptera
5584,3200.0,322.6401672363281,3243.6109733581543,361.9670715332031,0.010524163953959942,Plecoptera
5585,2400,1288.705337524414,2426.6205310821533,1326.6806945800781,0.00979979895055294,Plecoptera
5586,3669.3820266723633,1839.9892883300781,3715.4876708984375,1942.3605346679688,0.009614281356334686,Plecoptera
5587,451.6543884277344,264.39923095703125,488.77679443359375,292.14837646484375,0.009543322026729584,Plecoptera
5588,1200.0,1693.8712615966797,1225.153169631958,1841.0315704345703,0.009469892829656601,Plecoptera
5589,1378.6636962890625,2038.3362007141113,1441.3446960449219,2095.211395263672,0.009359288960695267,Plecoptera
5590,3497.7011108398438,995.349853515625,3547.695770263672,1024.5186309814453,0.009340222924947739,Plecoptera
5591,4108.0,2406.3568353652954,4151.517379760742,2502.5406494140625,0.00928590353578329,Plecoptera
5592,1219.1247863769531,1223.701000213623,1330.9752960205078,1385.9170227050781,0.00912486482411623,Plecoptera
5593,1899.3621520996094,1339.9609985351562,1983.3231201171875,1386.452651977539,0.009120912291109562,Plecoptera
5594,3872.615203857422,378.5052795410156,3920.1708374023438,438.375244140625,0.008823977783322334,Plecoptera
5595,3327.6623458862305,475.905029296875,3342.387466430664,498.451904296875,0.00839279405772686,Plecoptera
5596,2525.5993576049805,2249.195602416992,2560.760284423828,2291.7752075195312,0.008286059834063053,Plecoptera
5597,4108.015251338482,1821.298843383789,4120.020895957947,1853.1777801513672,0.008200209587812424,Plecoptera
5598,3277.3068466186523,3072.514762878418,3476.446533203125,3268.742889404297,0.00798835325986147,Plecoptera
5599,748.1345520019531,692.2137451171875,780.4356994628906,728.4583740234375,0.007421007379889488,Plecoptera
5600,3834.5135192871094,957.2557678222656,3916.9898376464844,996.3806457519531,0.007381643168628216,Plecoptera
5601,2149.3632202148438,1451.8403015136719,2184.6395568847656,1491.0269775390625,0.007338625378906727,Plecoptera
5602,2013.0470275878906,774.9281311035156,2076.032859802246,800.3978881835938,0.007305520121008158,Plecoptera
5603,3965.6333923339844,1269.1248321533203,4051.4550170898438,1322.6070861816406,0.0070303152315318584,Plecoptera
5604,4098.853958129883,2468.8142700195312,4156.7725830078125,2518.928825378418,0.006979948375374079,Plecoptera
5605,1322.695327758789,101.3355941772461,1437.510971069336,141.92796325683594,0.0069784545339643955,Plecoptera
5606,4186.083602905273,1236.2815856933594,4239.639755249023,1270.9548950195312,0.0068112825974822044,Plecoptera
5607,3134.3453979492188,694.8804931640625,3164.7022094726562,726.7568969726562,0.006807092577219009,Plecoptera
5608,3260.7067260742188,1023.3438415527344,3304.916000366211,1064.7061462402344,0.006587081588804722,Plecoptera
5609,2757.712432861328,1109.6734619140625,2780.2882080078125,1149.0701293945312,0.0065698642283678055,Plecoptera
5610,3420.073699951172,2074.3253326416016,3542.7681884765625,2115.683578491211,0.006409916561096907,Plecoptera
5611,3159.0316772460938,1816.2117004394531,3211.431182861328,1883.1753845214844,0.006191291380673647,Plecoptera
5612,3995.8966369628906,1774.7136535644531,4034.4605140686035,1854.9001159667969,0.006180014461278915,Plecoptera
5613,2379.017608642578,784.7408447265625,2450.9815063476562,856.8603515625,0.005881277844309807,Plecoptera
5614,1926.4833068847656,45.867156982421875,2066.2847595214844,283.96063232421875,0.005824292544275522,Plecoptera
5615,4075.380096435547,116.45594787597656,4112.905570983887,158.4009246826172,0.005797637160867453,Plecoptera
5616,1689.9638442993164,400.13581067323685,1839.4451141357422,422.19396018981934,0.00530336843803525,Plecoptera
5617,4136.417741775513,667.5026245117188,4226.318054199219,699.2737731933594,0.005251692142337561,Plecoptera
5618,4096.530876159668,309.9886474609375,4128.33512878418,354.3443298339844,0.005172415170818567,Plecoptera
5619,3285.1381225585938,1613.7552185058594,3300.0,1680.7991027832031,0.005164912436157465,Plecoptera
5620,4099.736053466797,1392.748291015625,4125.865814208984,1445.7787780761719,0.005164370872080326,Plecoptera
5621,4101.733947753906,954.3422241210938,4145.708023071289,1042.7228393554688,0.005106046795845032,Plecoptera
5622,4000.0,2313.46484375,4035.2608070373535,2353.828155517578,0.005005852319300175,Plecoptera
5623,3585.9795837402344,2989.9278106689453,3655.9934425354004,3037.9813690185547,0.00489429198205471,Plecoptera
5624,2800.0269815325737,1347.891860961914,2838.0499725341797,1389.7173767089844,0.004876724909991026,Plecoptera
5625,4023.5222244262695,2419.241798400879,4101.0263595581055,2454.7980308532715,0.004860947374254465,Plecoptera
5626,3564.299530029297,3148.701614379883,3603.53857421875,3195.2767944335938,0.004706114064902067,Plecoptera
5627,3905.3233337402344,1836.2259216308594,3960.5347290039062,1925.2083435058594,0.004622296895831823,Plecoptera
5628,3541.8155212402344,3161.5328826904297,3605.2281799316406,3246.556427001953,0.004424695856869221,Plecoptera
5629,2684.3567810058594,481.5720520019531,2716.608367919922,499.912353515625,0.004397318698465824,Plecoptera
5630,1600.001221895218,1607.2227001190186,1615.753957748413,1691.492202758789,0.0043867118656635284,Plecoptera
5631,4000.0,806.5907592773438,4022.536865234375,857.4774131774902,0.004238573368638754,Plecoptera
5632,1227.7725830078125,2956.45458984375,2537.99169921875,3318.869873046875,0.004201024770736694,Plecoptera
5633,3421.2369384765625,607.7561340332031,3481.0448303222656,679.3302917480469,0.004129418171942234,Plecoptera
5634,2947.640365600586,931.6231689453125,2991.0582733154297,963.4543609619141,0.003931581042706966,Plecoptera
5635,3564.591827392578,1896.5941467285156,3597.8478393554688,1929.8615112304688,0.0038878489285707474,Plecoptera
5636,4095.7473373413086,2249.191909790039,4129.353899002075,2328.391387939453,0.0038676378317177296,Plecoptera
5637,4000.0,1527.7713928222656,4035.107265472412,1570.755859375,0.0037843717727810144,Plecoptera
5638,3599.291046142578,2199.090621948242,3637.560546875,2247.4920806884766,0.003784039057791233,Plecoptera
5639,3679.860595703125,2224.879364013672,3699.9817810058594,2285.6835327148438,0.0037179039791226387,Plecoptera
5640,3769.290496826172,97.2554702758789,3910.5682373046875,184.6169891357422,0.0036814354825764894,Plecoptera
5641,754.06591796875,2588.072021484375,1384.965087890625,2899.599853515625,0.003594387788325548,Plecoptera
5642,3855.368179321289,734.7216796875,3907.0227966308594,767.6722717285156,0.0034056471195071936,Plecoptera
5643,1694.0741882324219,3156.939895629883,1700.0,3190.3958435058594,0.0033620016183704138,Plecoptera
5644,2877.798370361328,2095.117256164551,2900.0,2177.594924926758,0.003361482173204422,Plecoptera
5645,2631.1165313720703,598.6215972900391,2652.695510864258,630.7160797119141,0.0033283764496445656,Plecoptera
5646,471.6496887207031,2400.783681869507,633.9462738037109,2602.682373046875,0.0033247433602809906,Plecoptera
5647,2775.705535888672,1343.7336730957031,2813.2071838378906,1365.33837890625,0.0032390563283115625,Plecoptera
5648,867.8251342773438,654.0135345458984,900.0,826.880126953125,0.003192756325006485,Plecoptera
5649,2025.4061336517334,2944.088104248047,2080.3286361694336,2987.310405731201,0.003169613890349865,Plecoptera
5650,4107.154396057129,1090.9490966796875,4166.809375762939,1130.0090942382812,0.003127895062789321,Plecoptera
5651,894.1984558105469,1925.6957397460938,900.0,1971.9648742675781,0.003109278855845332,Plecoptera
5652,4000.0,113.40579986572266,4056.1423530578613,165.03245544433594,0.003021304029971361,Plecoptera
5653,1997.4563598632812,3079.907615661621,2122.47403717041,3321.7698669433594,0.0030170700047165155,Plecoptera
5654,2063.9078063964844,259.506591796875,2100.0,381.585205078125,0.0029770981054753065,Plecoptera
5655,4108.063614547253,2578.5887756347656,4129.713096618652,2632.8190307617188,0.002888251096010208,Plecoptera
5656,3540.530487060547,272.81781005859375,3577.2532348632812,310.7205505371094,0.0028645885176956654,Plecoptera
5657,3663.495819091797,809.9166917800903,3700.0,856.845588684082,0.002854022430256009,Plecoptera
5658,3659.9364166259766,461.121524810791,3714.3013229370117,503.93663787841797,0.0028289922047406435,Plecoptera
5659,3310.698028564453,124.60663604736328,3355.348892211914,179.21160888671875,0.0028244643472135067,Plecoptera
5660,399.808349609375,1980.6760864257812,571.3884887695312,2089.084518432617,0.0027922356966882944,Plecoptera
5661,115.59664916992188,2668.9429626464844,166.79466247558594,2729.6785888671875,0.0027820756658911705,Plecoptera
5662,4067.0598754882812,882.8681030273438,4144.259170532227,900.0,0.0026931045576930046,Plecoptera
5663,3439.549545288086,2025.2128639221191,3467.8976440429688,2038.1371459960938,0.002679471392184496,Plecoptera
5664,3200.0,1027.682876586914,3241.595615386963,1089.5345764160156,0.0026295571587979794,Plecoptera
5665,3076.3992309570312,438.088134765625,3127.4194946289062,484.38873291015625,0.0025305405724793673,Plecoptera
5666,3510.8863830566406,1428.9395751953125,3546.4072265625,1479.2123718261719,0.0025045564398169518,Plecoptera
5667,3292.466865539551,1809.2493591308594,3332.9324798583984,1826.6229553222656,0.002501147100701928,Plecoptera
5668,3376.600860595703,1587.9541320800781,3460.067596435547,1631.7111854553223,0.002481915522366762,Plecoptera
5669,2791.2506713867188,3088.1061401367188,2855.3505783081055,3155.8729248046875,0.0023635062389075756,Plecoptera
5670,407.3178825378418,299.49627685546875,489.4765930175781,372.20953369140625,0.002294097561389208,Plecoptera
5671,3873.2279663085938,3104.514434814453,4001.432861328125,3163.874053955078,0.0022200350649654865,Plecoptera
5672,322.4886779785156,1339.6343688964844,522.5085144042969,1540.0460815429688,0.002189603401347995,Plecoptera
5673,4097.4243087768555,1411.1798248291016,4273.675018310547,1489.0756225585938,0.002112556714564562,Plecoptera
5674,4055.7157974243164,1992.0205383300781,4187.195281982422,2023.7322025299072,0.002043989021331072,Plecoptera
5675,1776.7064361572266,309.3829650878906,1816.6807861328125,363.5478515625,0.0019912621937692165,Plecoptera
5676,2078.2762298583984,2703.0701599121094,2181.0216369628906,2765.9720764160156,0.0019906850066035986,Plecoptera
5677,3116.6414794921875,2047.9197616577148,3265.2639770507812,2221.2564392089844,0.00194802216719836,Plecoptera
5678,3559.9943237304688,1254.0317077636719,3609.0040283203125,1299.5111083984375,0.0019281639251857996,Plecoptera
5679,1253.1745567321777,1200,1335.935043334961,1212.190686225891,0.0019025637302547693,Plecoptera
5680,3955.8006896972656,3235.2947387695312,4022.2086486816406,3286.3111572265625,0.0018767331494018435,Plecoptera
5681,3914.5081176757812,887.9031982421875,3975.0853881835938,899.9840698242188,0.0018764757551252842,Plecoptera
5682,3383.1151275634766,734.8766784667969,3442.564895629883,792.4563903808594,0.0018529888475313783,Plecoptera
5683,3340.7672424316406,654.3087921142578,3397.5550689697266,687.9083862304688,0.001817428506910801,Plecoptera
5684,3217.409969329834,355.5624084472656,3281.516372680664,423.4248905181885,0.0017893805634230375,Plecoptera
5685,832.8408012390137,1576.4620361328125,860.81494140625,1603.4734802246094,0.0017801752546802163,Plecoptera
5686,4155.101802825928,150.6514129638672,4192.529541015625,185.47792053222656,0.0017658082069829106,Plecoptera
5687,3200,257.5879211425781,3231.6160411834717,330.3094787597656,0.0016947564436122775,Plecoptera
5688,1115.62353515625,1600,1138.2372741699219,1611.6103792190552,0.001640940667130053,Plecoptera
5689,4151.211441040039,800.0,4269.422760009766,851.8999328613281,0.0016228992026299238,Plecoptera
5690,884.9185028076172,92.78107452392578,922.3545532226562,120.72205352783203,0.001611756393685937,Plecoptera
5691,1956.5487976074219,3224.815704345703,1983.2956237792969,3244.6737365722656,0.0016106526600196958,Plecoptera
5692,3983.413330078125,543.6372528076172,4064.0684356689453,605.4492645263672,0.0015754385385662317,Plecoptera
5693,3600.045132637024,1278.558708190918,3658.7804565429688,1310.3862075805664,0.001554690534248948,Plecoptera
5694,4108.0,2265.3121337890625,4119.5025844573975,2325.6194763183594,0.0015263501554727554,Plecoptera
5695,2400.0336945056915,855.2264709472656,2438.5646934509277,900.7150802612305,0.0014754383591935039,Plecoptera
5696,3200.0,1202.8559341430664,3225.2960929870605,1258.8970069885254,0.0014676807913929224,Plecoptera
5697,1201.4486134052277,1128.4893188476562,1254.3177185058594,1181.2246704101562,0.0014193186070770025,Plecoptera
5698,2352.5618591308594,2550.840377807617,2542.233413696289,2764.3360595703125,0.0014086536830291152,Plecoptera
5699,3823.5177001953125,582.1260375976562,3870.5338134765625,630.0854644775391,0.001390826771967113,Plecoptera
5700,3600.0,922.5295562744141,3653.307342529297,969.4206237792969,0.0013726751785725355,Plecoptera
5701,3120.3985595703125,2800.0,3299.0563354492188,2839.849132537842,0.0013594693737104535,Plecoptera
5702,4011.127513885498,1284.515380859375,4086.3480834960938,1343.5761260986328,0.0013525569811463356,Plecoptera
5703,3659.73046875,1255.6901092529297,3699.5756225585938,1299.1310119628906,0.0013523477828130126,Plecoptera
5704,3649.650665283203,2630.4108123779297,3699.9961853027344,2714.2542724609375,0.0013355376431718469,Plecoptera
5705,4210.326522827148,467.0984649658203,4264.127471923828,499.5633239746094,0.00131917221006006,Plecoptera
5706,3386.429672241211,1141.3937072753906,3439.4026947021484,1168.3999633789062,0.0013061247300356627,Plecoptera
5707,4107.926429748535,1858.7600708007812,4168.640823364258,1926.4795227050781,0.0012985155917704105,Plecoptera
5708,1677.037239074707,1241.9331665039062,1952.5575256347656,1299.9825439453125,0.0012952116085216403,Plecoptera
5709,453.86524963378906,1975.4908447265625,472.6446228027344,1998.7989807128906,0.0012951232492923737,Plecoptera
5710,1234.6156845092773,800.0,1378.6950073242188,839.1850357055664,0.0012875574175268412,Plecoptera
5711,4108.0243574380875,2491.5012588500977,4152.872653961182,2565.2571716308594,0.0012845839373767376,Plecoptera
5712,1600,524.1070022583008,1687.3258209228516,598.6797637939453,0.0012595286825671792,Plecoptera
5713,1200.0295013189316,707.1741943359375,1243.0663032531738,773.8587951660156,0.00124183704610914,Plecoptera
5714,1471.2834777832031,800.0,1622.4663696289062,884.481086730957,0.0012308944715186954,Plecoptera
5715,644.9167938232422,2215.7459716796875,730.2123718261719,2326.337860107422,0.001198244746774435,Plecoptera
5716,3065.894500732422,696.4927978515625,3093.997344970703,721.0211486816406,0.0011873143957927823,Plecoptera
5717,4108.008353590965,887.2378311157227,4146.003520965576,939.2533721923828,0.0011853560572490096,Plecoptera
5718,672.9972229003906,288.7904357910156,762.5836791992188,387.8804016113281,0.0011596062686294317,Plecoptera
5719,4000.0,748.5129699707031,4038.0816345214844,827.0818786621094,0.0011558979749679565,Plecoptera
5720,3864.4473571777344,848.3049278259277,3911.4723205566406,887.1044006347656,0.0011356847826391459,Plecoptera
5721,2400.168615579605,228.02586364746094,2434.3925285339355,275.4535217285156,0.0011208758223801851,Plecoptera
5722,3930.9051513671875,1374.7276000976562,4015.851593017578,1410.8209075927734,0.00109346944373101,Plecoptera
5723,3560.3718872070312,1354.8094787597656,3608.177459716797,1418.0946044921875,0.0010901001514866948,Plecoptera
5724,789.0281982421875,2201.2344360351562,876.3489990234375,2409.6254272460938,0.0010780277661979198,Plecoptera
5725,3600.022655725479,242.34109497070312,3647.0566787719727,318.84423828125,0.0010707220062613487,Plecoptera
5726,1200.0,465.01197814941406,1333.7468719482422,577.6929321289062,0.0010530108120292425,Plecoptera
5727,4000.2976462244987,2467.38240814209,4019.7660274505615,2525.814628601074,0.001047630561515689,Plecoptera
5728,4108,845.5503540039062,4121.324602127075,882.6655960083008,0.001038086018525064,Plecoptera
5729,3675.336181640625,3126.334259033203,3700.0,3182.7921142578125,0.0010106286499649286,Plecoptera
5730,2792.301300048828,3131.7662506103516,2891.066131591797,3174.0654296875,0.0009918215218931437,Plecoptera
5731,2852.5907859802246,463.739501953125,2897.376205444336,493.7922058105469,0.0009827706962823868,Plecoptera
5732,4108.390583276749,1472.5104675292969,4144.480365753174,1527.7777709960938,0.0009748813463374972,Plecoptera
5733,4072.651580810547,800,4100.0,842.9392242431641,0.0009725309791974723,Plecoptera
5734,3683.461181640625,2920.7700271606445,3699.994659423828,3003.7701568603516,0.0009616966126486659,Plecoptera
5735,1678.6380233764648,2276.943878173828,1741.4293060302734,2350.0344848632812,0.0008918194216676056,Plecoptera
5736,948.8993682861328,2007.7158031463623,1016.8912353515625,2052.9985427856445,0.000886544119566679,Plecoptera
5737,2790.8392944335938,1200.4979372024536,2898.6443481445312,1276.080322265625,0.000846499518956989,Plecoptera
5738,3765.7557067871094,1481.3869934082031,3783.4769592285156,1516.4410095214844,0.00084347662050277,Plecoptera
5739,844.1486015319824,2006.201410293579,899.3260498046875,2157.050994873047,0.0008423641556873918,Plecoptera
5740,1075.6266174316406,3195.9382934570312,1231.447998046875,3276.327667236328,0.0008321591303683817,Plecoptera
5741,3200.014540553093,150.50115966796875,3240.3921127319336,228.5433807373047,0.0008264312637038529,Plecoptera
5742,2863.548194885254,821.0964374542236,2906.5888900756836,924.2794952392578,0.0008226429927162826,Plecoptera
5743,4007.1513175964355,1416.040512084961,4052.309356689453,1472.0222473144531,0.0008125927415676415,Plecoptera
5744,1660.1648635864258,1180.643798828125,1687.3167114257812,1219.6275634765625,0.0008079096442088485,Plecoptera
5745,4000.0,2992.296844482422,4024.7110652923584,3074.4811401367188,0.0007710301433689892,Plecoptera
5746,3529.219970703125,1081.012451171875,3574.6571044921875,1144.8808288574219,0.0007605926948599517,Plecoptera
5747,2327.7659912109375,2956.0,2426.1054077148438,2986.9699535369873,0.0007567735156044364,Plecoptera
5748,4015.2002096176147,1077.7372436523438,4101.600357055664,1134.2759704589844,0.000736559450160712,Plecoptera
5749,2341.379852294922,378.806640625,2393.6712646484375,450.60736083984375,0.0007265734020620584,Plecoptera
5750,4064.7562713623047,2541.3233795166016,4110.2190017700195,2649.142318725586,0.0007160541717894375,Plecoptera
5751,1500.0172729492188,489.2308654785156,1576.6977233886719,499.96429443359375,0.0007154004997573793,Plecoptera
5752,2632.1231384277344,214.9344024658203,2671.947052001953,270.5454406738281,0.0007032850990071893,Plecoptera
5753,3176.7586975097656,92.19152069091797,3236.3443298339844,163.54751586914062,0.0006981970509514213,Plecoptera
5754,2453.7382469177246,442.77867126464844,2569.926956176758,509.8745346069336,0.0006942121544852853,Plecoptera
5755,3443.4794158935547,798.0657348632812,3490.5091247558594,840.5661087036133,0.0006934117409400642,Plecoptera
5756,3600.0,3113.9012298583984,3612.091757774353,3202.2791748046875,0.0006814119406044483,Plecoptera
5757,3930.777557373047,346.29302978515625,3969.6551208496094,413.328125,0.0006793247885070741,Plecoptera
5758,1044.1919860839844,913.8277282714844,1078.6367797851562,944.5898742675781,0.0006675701588392258,Plecoptera
5759,1228.3358459472656,1263.3538208007812,1305.6535720825195,1299.9722900390625,0.000663242070004344,Plecoptera
5760,3425.0391693115234,112.28408813476562,3548.069366455078,136.2144775390625,0.0006601466448046267,Plecoptera
5761,3831.3153228759766,800.0207632780075,3885.533721923828,828.6898021697998,0.0006511304527521133,Plecoptera
5762,2178.9769439697266,1648.8912811279297,2215.183853149414,1671.9501495361328,0.0006474553374573588,Plecoptera
5763,1600.4894137382507,2823.2422485351562,1702.3508071899414,2900.0,0.0006442475132644176,Plecoptera
5764,1727.1285095214844,178.94508361816406,1837.6500396728516,254.9722900390625,0.0006317014922387898,Plecoptera
5765,2959.8409729003906,1220.3299293518066,3007.992431640625,1249.9929504394531,0.0006060251616872847,Plecoptera
5766,1163.144775390625,1477.1881713867188,1200.3870849609375,1506.3111572265625,0.0006057286518625915,Plecoptera
5767,3278.875244140625,2400.0,3337.194137573242,2421.1245918273926,0.0006054016994312406,Plecoptera
5768,2731.8260803222656,270.7154235839844,2765.6665649414062,318.3418884277344,0.0005859531229361892,Plecoptera
5769,2187.790557861328,400.0627279281616,2215.008514404297,450.7624702453613,0.0005741518107242882,Plecoptera
5770,4000.2420470118523,1096.8789672851562,4019.3481121063232,1114.2605285644531,0.0005683383205905557,Plecoptera
5771,4041.1502227783203,386.0840759277344,4136.35563659668,424.965238571167,0.0005508966860361397,Plecoptera
5772,2552.6857299804688,1512.919677734375,2607.449005126953,1613.7835388183594,0.0005488406168296933,Plecoptera
5773,1237.5416641235352,374.9735412597656,1382.944091796875,435.02410888671875,0.0005441204411908984,Plecoptera
5774,2867.779754638672,2899.31583404541,2994.9801330566406,2941.271209716797,0.0005427180440165102,Plecoptera
5775,4081.9747314453125,178.5552520751953,4100.0,224.84373474121094,0.0005363047821447253,Plecoptera
5776,3016.004180908203,1171.0772094726562,3100.0548400878906,1212.1883850097656,0.0005347738624550402,Plecoptera
5777,1713.4888381958008,2771.5199584960938,1881.6210327148438,2899.8894653320312,0.000534683174919337,Plecoptera
5778,4163.922927856445,2198.1554565429688,4223.785026550293,2244.4275665283203,0.0005285927327349782,Plecoptera
5779,1521.1001586914062,800.0,1700.0,866.6490783691406,0.0005252933478914201,Plecoptera
5780,2943.203826904297,2956.031438469887,3105.0939025878906,2989.8749504089355,0.0005183968460187316,Plecoptera
5781,3516.170440673828,1623.2254943847656,3555.19970703125,1665.5465850830078,0.0005174820544198155,Plecoptera
5782,1418.7142333984375,2171.0572204589844,1486.3654174804688,2247.743850708008,0.0005147932097315788,Plecoptera
5783,4000.0,3095.6817626953125,4029.795083999634,3146.4410705566406,0.0004994938499294221,Plecoptera
5784,3049.899917602539,907.4343185424805,3095.1158142089844,941.6034698486328,0.0004989333101548254,Plecoptera
5785,1754.7086029052734,480.63809967041016,1825.2792358398438,545.5927124023438,0.0004878480394836515,Plecoptera
5786,3942.1763305664062,1252.9548416137695,3999.2688598632812,1299.8833618164062,0.00048694375436753035,Plecoptera
5787,1833.2297821044922,341.3479919433594,2018.5841674804688,485.83351135253906,0.0004849690303672105,Plecoptera
5788,2401.1578142642975,617.8879241943359,2454.96826171875,666.3338317871094,0.00048427702859044075,Plecoptera
5789,3747.3987579345703,2054.170379638672,3814.6701049804688,2104.1546936035156,0.0004746872582472861,Plecoptera
5790,2479.9323120117188,983.4765472412109,2500.0,1020.3358154296875,0.0004726782499346882,Plecoptera
5791,2400.238636136055,2528.537124633789,2439.0925483703613,2573.0150146484375,0.00047096781781874597,Plecoptera
5792,2826.4029541015625,480.3868408203125,2900.0,499.9316101074219,0.0004683177685365081,Plecoptera
5793,4068.2199935913086,156.12582397460938,4130.119079589844,230.36778259277344,0.0004658820398617536,Plecoptera
5794,392.7391052246094,1911.6559448242188,460.3209533691406,1992.7314758300781,0.00046138829202391207,Plecoptera
5795,3760.1656188964844,2489.03426361084,3794.309356689453,2536.8182678222656,0.00045807025162503123,Plecoptera
5796,3670.6596145629883,1813.5719299316406,3712.3545989990234,1903.8449401855469,0.00043960483162663877,Plecoptera
5797,4065.6976623535156,237.50711059570312,4100.0,300.2870178222656,0.0004367954970803112,Plecoptera
5798,3224.55224609375,3143.6940002441406,3300.0,3324.921661376953,0.0004333550459705293,Plecoptera
5799,3082.354034423828,1341.3609313964844,3156.6130981445312,1416.580551147461,0.0004321583255659789,Plecoptera
5800,2641.790725708008,2467.1566467285156,2695.458740234375,2499.8909606933594,0.00042560615111142397,Plecoptera
5801,3880.3238525390625,1704.3203582763672,3948.51953125,1779.9834442138672,0.00042262993520125747,Plecoptera
5802,750.0050659179688,1637.7739868164062,899.806884765625,1725.523826599121,0.00041734680416993797,Plecoptera
5803,2165.1771850585938,2574.1432189941406,2318.0547485351562,2669.064910888672,0.00041215383680537343,Plecoptera
5804,3070.5465698242188,276.5414123535156,3103.9100036621094,305.77801513671875,0.0004065643879584968,Plecoptera
5805,4000.0,210.66368103027344,4049.2314834594727,288.69146728515625,0.00040417915442958474,Plecoptera
5806,547.1095275878906,1055.044174194336,637.5298309326172,1144.0428161621094,0.00039664190262556076,Plecoptera
5807,2740.0289001464844,2400.0,2808.787811279297,2411.5054655075073,0.0003860372817143798,Plecoptera
5808,3568.7764587402344,1035.2998046875,3606.9204711914062,1057.8802795410156,0.0003833062364719808,Plecoptera
5809,3456.2116088867188,1663.7190856933594,3497.6043090820312,1699.9005432128906,0.00038232706720009446,Plecoptera
5810,3686.909957885742,193.52932739257812,3717.2079315185547,231.6297607421875,0.0003822210128419101,Plecoptera
5811,3383.303421020508,2834.3675537109375,3416.0262603759766,2879.9442443847656,0.0003782334679272026,Plecoptera
5812,1217.7369995117188,157.19345092773438,1299.9237976074219,240.7071533203125,0.00037332376814447343,Plecoptera
5813,3652.268035888672,1096.6954040527344,3718.577178955078,1159.1470642089844,0.00037165533285588026,Plecoptera
5814,4047.8895874023438,3207.8251342773438,4105.294105529785,3292.025665283203,0.00037073157727718353,Plecoptera
5815,2770.8551025390625,579.8069763183594,2796.2230834960938,628.9354248046875,0.0003663420502562076,Plecoptera
5816,4187.907920837402,1236.3458557128906,4232.406776428223,1261.704647064209,0.0003631499712355435,Plecoptera
5817,3679.9716796875,1638.9526290893555,3700.0,1684.094482421875,0.0003630666760727763,Plecoptera
5818,3200.301104784012,1290.4776306152344,3233.6084785461426,1322.0971069335938,0.0003626011312007904,Plecoptera
5819,1895.0000305175781,62.95905303955078,2002.2290344238281,113.38379669189453,0.0003623350348789245,Plecoptera
5820,1434.9429626464844,3144.147476196289,1549.9639892578125,3206.0743713378906,0.0003598218900151551,Plecoptera
5821,3137.6798095703125,142.86476135253906,3159.4056701660156,161.24740600585938,0.00035717402352020144,Plecoptera
5822,800.0,2402.781879901886,881.3003463745117,2499.3231811523438,0.0003556996234692633,Plecoptera
5823,3278.8490295410156,516.6368103027344,3299.714080810547,536.9187774658203,0.0003553249698597938,Plecoptera
5824,1749.5978393554688,985.3580932617188,1788.5811157226562,1025.3434600830078,0.00034260094980709255,Plecoptera
5825,1036.5082702636719,1771.0448913574219,1066.93994140625,1796.229248046875,0.00034212361788377166,Plecoptera
5826,2221.8279876708984,1386.5037231445312,2286.3207397460938,1462.4441833496094,0.00033734459429979324,Plecoptera
5827,4113.60075044632,1315.8301086425781,4188.265174865723,1362.4697265625,0.0003298912779428065,Plecoptera
5828,2663.3489990234375,2871.499870300293,2734.611846923828,2910.4427185058594,0.00032776111038401723,Plecoptera
5829,4101.969787597656,2069.356964111328,4175.738906860352,2102.997039794922,0.0003252608876209706,Plecoptera
5830,3950.6812133789062,1242.4997253417969,3999.9087829589844,1275.7776184082031,0.0003202344523742795,Plecoptera
5831,2905.670455932617,554.8829956054688,2938.4403686523438,584.6533203125,0.0003115586587227881,Plecoptera
5832,280.2442626953125,107.06536865234375,426.5294494628906,283.1723327636719,0.00030756593332625926,Plecoptera
5833,1232.341064453125,2419.269157409668,1294.0599060058594,2548.6804962158203,0.0003073536790907383,Plecoptera
5834,3187.98388671875,1265.9974060058594,3253.5288696289062,1300.0,0.00030731005244888365,Plecoptera
5835,1688.6300048828125,1280.7425537109375,1749.1012115478516,1299.8227233886719,0.00030690539279021323,Plecoptera
5836,3880.1563720703125,2416.2298278808594,3923.3845825195312,2458.7948684692383,0.00030427079764194787,Plecoptera
5837,3844.217819213867,1885.4188842773438,3881.6797790527344,1938.6077880859375,0.00030162028269842267,Plecoptera
5838,826.1306991577148,2400.0606775283813,990.1507873535156,2428.8310222625732,0.0002986825711559504,Plecoptera
5839,3927.4588928222656,1519.2152404785156,4017.679168701172,1563.3651123046875,0.0002958090044558048,Plecoptera
5840,2574.4070739746094,3053.4763793945312,2607.8168334960938,3089.6557006835938,0.00029543275013566017,Plecoptera
5841,2400,2180.1964263916016,2463.658046722412,2246.747299194336,0.00029439496574923396,Plecoptera
5842,1376.6643981933594,2522.0359802246094,1598.7328186035156,2585.272476196289,0.0002905727887991816,Plecoptera
5843,4108,2191.6249237060547,4139.453800201416,2241.5514526367188,0.00028877874137833714,Plecoptera
5844,2911.491859436035,1087.7926025390625,2933.990676879883,1109.9959411621094,0.00028693885542452335,Plecoptera
5845,2400.0149697065353,2837.3836669921875,2499.317657470703,2957.142120361328,0.0002805991389323026,Plecoptera
5846,3549.5357055664062,581.2052307128906,3592.3428955078125,598.0234832763672,0.00027620187029242516,Plecoptera
5847,3283.11905670166,174.4107666015625,3317.9331817626953,193.4481658935547,0.00027486158069223166,Plecoptera
5848,4108.0,3028.765609741211,4158.66877746582,3108.490753173828,0.000271310011157766,Plecoptera
5849,2974.3939208984375,722.9218139648438,3015.904327392578,752.4983520507812,0.0002708055835682899,Plecoptera
5850,2341.838134765625,3280.803741455078,2405.4524536132812,3299.966278076172,0.0002705013321246952,Plecoptera
5851,4108.0,1930.5883483886719,4154.343276977539,1977.7818603515625,0.00026912408065982163,Plecoptera
5852,4060.7679443359375,1773.331069946289,4099.043548583984,1803.6618194580078,0.00026594664086587727,Plecoptera
5853,4108.0711262226105,400.0,4187.307891845703,431.2554874420166,0.00026411996805109084,Plecoptera
5854,1170.7653503417969,1272.853271484375,1270.4434814453125,1299.9189453125,0.0002628565998747945,Plecoptera
5855,3300.2867736816406,889.7871475219727,3329.2779693603516,922.5994338989258,0.0002585922775324434,Plecoptera
5856,2650.5233306884766,3135.7303009033203,2745.9620971679688,3192.183837890625,0.00025561422808095813,Plecoptera
5857,4137.579025268555,768.0259094238281,4176.8539962768555,788.7810668945312,0.0002541362773627043,Plecoptera
5858,1002.8550567626953,865.225830078125,1055.348159790039,890.6987609863281,0.00025385268963873386,Plecoptera
5859,3574.5953063964844,375.67706298828125,3608.060028076172,405.5941162109375,0.0002519754343666136,Plecoptera
5860,3780.946014404297,206.2509307861328,3812.7503356933594,267.483154296875,0.00025138037744909525,Plecoptera
5861,4225.97380065918,144.32437133789062,4265.655334472656,179.08087158203125,0.0002498182584531605,Plecoptera
5862,4162.470813751221,800.0,4206.553726196289,863.6476097106934,0.0002496065862942487,Plecoptera
5863,4108.0,2956.0,4207.343894958496,3039.0253829956055,0.00024814752396196127,Plecoptera
5864,4000.3387689590454,2081.32421875,4055.3768157958984,2111.183837890625,0.00024801152176223695,Plecoptera
5865,3218.3626594543457,355.4928894042969,3271.407501220703,405.5721435546875,0.0002467192825861275,Plecoptera
5866,930.5468292236328,847.5676918029785,973.10107421875,893.433967590332,0.0002453662164043635,Plecoptera
5867,2122.112823486328,86.2293472290039,2160.0489807128906,133.7415008544922,0.00024179948377422988,Plecoptera
5868,3529.603515625,400.2203941345215,3550.6822204589844,419.3783473968506,0.00023962013074196875,Plecoptera
5869,3862.6755981445312,625.9480743408203,3900.2258911132812,643.8553619384766,0.00023695608251728117,Plecoptera
5870,1498.0668029785156,1729.8240051269531,1540.70556640625,1784.5870513916016,0.0002354445168748498,Plecoptera
5871,4072.963104248047,2156.180404663086,4100.0,2295.1659240722656,0.00023388703993987292,Plecoptera
5872,3600.0,1681.2528762817383,3634.0057220458984,1741.4530944824219,0.000231556361541152,Plecoptera
5873,2827.9818058013916,2523.734115600586,2898.5340576171875,2557.258102416992,0.00023063291155267507,Plecoptera
5874,973.0852203369141,75.05374145507812,1033.496353149414,164.2127227783203,0.00022771500516682863,Plecoptera
5875,3667.2989044189453,2055.559112548828,3755.325164794922,2092.8147583007812,0.00022685945441480726,Plecoptera
5876,970.0153656005859,1269.5935897827148,1070.5980834960938,1339.265853881836,0.00022661578259430826,Plecoptera
5877,2344.067657470703,182.23773193359375,2371.7644653320312,199.6574249267578,0.00022633315529674292,Plecoptera
5878,4136.184736251831,1794.6578369140625,4245.558883666992,1842.796142578125,0.0002251257246825844,Plecoptera
5879,3255.79825592041,1446.7470397949219,3301.4537963867188,1502.257080078125,0.0002241652982775122,Plecoptera
5880,4114.312119960785,2856.9329833984375,4162.633682250977,2899.309783935547,0.00022370624355971813,Plecoptera
5881,1282.3362350463867,1918.3950805664062,1395.7825927734375,2010.8271484375,0.00022131252626422793,Plecoptera
5882,1356.7434844970703,2240.6288146972656,1410.0498657226562,2261.5418395996094,0.0002203454787377268,Plecoptera
5883,2766.879180908203,137.43768310546875,2815.3582458496094,192.3198699951172,0.00021910543728154153,Plecoptera
5884,1653.232421875,2178.2857360839844,1699.8025512695312,2262.1358337402344,0.00021904174354858696,Plecoptera
5885,3549.2303771972656,2869.3405151367188,3610.0154418945312,2900.0,0.00021861483401153237,Plecoptera
5886,2000,630.4117736816406,2013.0046815872192,723.0790710449219,0.0002143368765246123,Plecoptera
5887,3658.0573120117188,1433.598617553711,3699.6563415527344,1482.2290954589844,0.00021234322048258036,Plecoptera
5888,3703.389450073242,106.18622589111328,3737.2886962890625,143.4062042236328,0.00021212488354649395,Plecoptera
5889,3137.121826171875,354.30426025390625,3151.0260009765625,371.5406799316406,0.00021160916367080063,Plecoptera
5890,3525.3528442382812,655.5132446289062,3617.0130615234375,682.5124206542969,0.000210583268199116,Plecoptera
5891,4109.257753372192,3092.22998046875,4241.575103759766,3265.798614501953,0.00020786802633665502,Plecoptera
5892,4141.373321533203,167.44873046875,4173.77360534668,284.36444091796875,0.0002074528019875288,Plecoptera
5893,3148.4110412597656,2676.5841064453125,3172.546905517578,2707.0866088867188,0.00020609975035768002,Plecoptera
5894,3668.5449142456055,2872.4253540039062,3736.373519897461,2900.0,0.00020041684911120683,Plecoptera
5895,2235.5342407226562,419.8683910369873,2273.3362731933594,456.762939453125,0.00020013214088976383,Plecoptera
5896,859.6950645446777,2476.9739990234375,925.9831924438477,2497.7395935058594,0.00019753446395043284,Plecoptera
5897,3752.889602661133,875.4269714355469,3812.6348571777344,899.9609985351562,0.00019654982315842062,Plecoptera
5898,2428.188995361328,2800,2499.5570068359375,3030.2882232666016,0.00019503339717630297,Plecoptera
5899,3714.0154342651367,321.7863464355469,3752.5702514648438,370.9032897949219,0.00019067639368586242,Plecoptera
5900,4144.249267578125,1662.7121810913086,4179.21475982666,1702.948486328125,0.00018950551748275757,Plecoptera
5901,2991.206283569336,2284.2938537597656,3104.530242919922,2344.3976440429688,0.00018949864897876978,Plecoptera
5902,3800.7112731933594,413.8537197113037,3838.548065185547,430.82816314697266,0.00018713409372139722,Plecoptera
5903,838.824462890625,878.9230422973633,900.0,1073.491943359375,0.00018713068857323378,Plecoptera
5904,2692.3167114257812,801.2743666172028,2733.845245361328,819.6854076385498,0.0001848585670813918,Plecoptera
5905,3410.0843505859375,500.1274108886719,3454.6812133789062,558.0590209960938,0.0001834751747082919,Plecoptera
5906,3542.5372619628906,155.20310974121094,3568.2965393066406,173.7049102783203,0.00018228334374725819,Plecoptera
5907,921.8397598266602,881.557861328125,991.8360900878906,900.0,0.00018023650045506656,Plecoptera
5908,3520.567901611328,1501.4271850585938,3556.4807739257812,1539.1259765625,0.00017682032193988562,Plecoptera
5909,1106.1835327148438,2117.071823120117,1139.834228515625,2136.8849029541016,0.00017541326815262437,Plecoptera
5910,1600.0536143779755,154.6029815673828,1633.566074371338,216.79225158691406,0.00017479914822615683,Plecoptera
5911,1386.219970703125,170.0539093017578,1533.0639038085938,256.58984375,0.00017413307796232402,Plecoptera
5912,4175.661437988281,3287.1912841796875,4239.245559692383,3300.0,0.00017255923012271523,Plecoptera
5913,1263.3757591247559,2848.8059158325195,1432.2909393310547,2915.5728454589844,0.00017255164857488126,Plecoptera
5914,3831.2264404296875,1770.4619598388672,3862.592803955078,1821.9659118652344,0.00017162079166155308,Plecoptera
5915,3168.3286743164062,980.5784301757812,3228.3273315429688,1038.825942993164,0.00016632559709250927,Plecoptera
5916,2955.7991485595703,2647.3278045654297,3029.138946533203,2686.176727294922,0.00016632559709250927,Plecoptera
5917,3832.1609954833984,3076.5897369384766,3894.6016845703125,3107.536605834961,0.00016173212497960776,Plecoptera
5918,3461.1844177246094,175.75051879882812,3510.2931518554688,214.27133178710938,0.00016022541967686266,Plecoptera
5919,3975.613037109375,2407.4974975585938,4006.9171752929688,2430.4827575683594,0.0001582646946189925,Plecoptera
5920,2098.581703186035,448.64429473876953,2190.4234466552734,498.4330062866211,0.0001545548439025879,Plecoptera
5921,1962.68310546875,2681.2973022460938,2028.3621826171875,2756.561798095703,0.00015352139598689973,Plecoptera
5922,2895.6309356689453,2956.019434094429,3059.541961669922,2988.7514572143555,0.00015132954285945743,Plecoptera
5923,3213.1758728027344,325.8764343261719,3243.6302795410156,348.7981872558594,0.00015106382488738745,Plecoptera
5924,3280.883071899414,1939.2408752441406,3332.73828125,1977.2763671875,0.00014904739509802312,Plecoptera
5925,2400.3177642822266,2400,2445.1593856811523,2427.463399887085,0.00014747802924830467,Plecoptera
5926,1093.4194946289062,628.4011383056641,1134.2901611328125,662.7152099609375,0.00014682248001918197,Plecoptera
5927,2093.155342102051,713.8504028320312,2130.132583618164,733.9390869140625,0.00014647374337073416,Plecoptera
5928,3790.6780700683594,481.86138916015625,3883.231414794922,499.94915771484375,0.0001460700877942145,Plecoptera
5929,3945.3931884765625,400,3975.013153076172,440.3701591491699,0.00014520894910674542,Plecoptera
5930,523.2440719604492,3090.608169555664,591.7933044433594,3306.0160217285156,0.00014512811321765184,Plecoptera
5931,4035.4390258789062,2956.9810268878937,4116.8150634765625,2999.2013206481934,0.00014286712394095957,Plecoptera
5932,3151.6129150390625,2800.031851232052,3215.0785522460938,2824.2802867889404,0.00014122512948233634,Plecoptera
5933,1736.8301391601562,363.1315612792969,1804.1620178222656,431.26214599609375,0.0001409483957104385,Plecoptera
5934,2521.666229248047,266.5697021484375,2555.973434448242,292.7843933105469,0.00014019400987308472,Plecoptera
5935,3600,1277.0987167358398,3629.254737854004,1320.4608764648438,0.0001391774567309767,Plecoptera
5936,2301.5780029296875,561.717041015625,2330.0350646972656,632.5868530273438,0.0001385306823067367,Plecoptera
5937,2684.7249145507812,1187.0893859863281,2751.169403076172,1275.0211563110352,0.00013615144416689873,Plecoptera
5938,4108.198024511337,2000.093437731266,4158.716720581055,2023.7128868103027,0.00013427052181214094,Plecoptera
5939,2604.591278076172,800.3195345401764,2710.7289428710938,822.6262435913086,0.00013319641584530473,Plecoptera
5940,3200.0,3172.068603515625,3213.4997816085815,3233.5348510742188,0.00013219102402217686,Plecoptera
5941,1842.7110900878906,874.1461715698242,1895.0978393554688,929.4351501464844,0.0001311094092670828,Plecoptera
5942,2189.9954681396484,2000.2253264188766,2230.141159057617,2034.5662078857422,0.00013063008373137563,Plecoptera
5943,1986.6846923828125,1538.2798767089844,2025.0624694824219,1559.7172546386719,0.00013039376062806696,Plecoptera
5944,3870.5567321777344,3268.0523986816406,3934.319122314453,3299.95166015625,0.0001294055546168238,Plecoptera
5945,3200.0,3214.6976623535156,3254.093360900879,3290.8589782714844,0.0001287721242988482,Plecoptera
5946,2969.5767822265625,1114.50146484375,2993.7974853515625,1135.3348388671875,0.0001286394544877112,Plecoptera
5947,3455.4730377197266,3211.788772583008,3552.9902954101562,3273.3211975097656,0.0001276437396882102,Plecoptera
5948,3695.439613342285,1600,3726.0400619506836,1621.1138820648193,0.00012636354949790984,Plecoptera
5949,3600.030553340912,351.54742431640625,3627.475564956665,363.7010192871094,0.00012610452540684491,Plecoptera
5950,480.2644577026367,1938.28173828125,520.2874298095703,1962.5022888183594,0.00012574584980029613,Plecoptera
5951,4000.1116782426834,2893.26416015625,4026.834987640381,2928.1917724609375,0.00012534802954178303,Plecoptera
5952,2598.685592651367,2467.981376647949,2641.1815185546875,2510.9626998901367,0.00012354222417343408,Plecoptera
5953,845.7441558837891,1337.5155639648438,955.3389587402344,1362.0130767822266,0.00012315760250203311,Plecoptera
5954,2871.758628845215,163.45701599121094,2939.8960571289062,229.16598510742188,0.00012255157344043255,Plecoptera
5955,4106.282875061035,1928.6745910644531,4155.349655151367,1951.6286010742188,0.0001211264097946696,Plecoptera
5956,2232.9535064697266,471.5273742675781,2317.1072998046875,500.0,0.00012053592217853293,Plecoptera
5957,3953.040069580078,1296.4120864868164,4005.953125,1338.6117706298828,0.00011760467168642208,Plecoptera
5958,4147.716709136963,1737.1070098876953,4172.767776489258,1771.0297393798828,0.00011740812624339014,Plecoptera
5959,1907.2359008789062,336.6407775878906,1953.6421203613281,400.67535400390625,0.00011721315240720287,Plecoptera
5960,3325.915481567383,285.9642639160156,3361.145965576172,311.7129821777344,0.00011554159573279321,Plecoptera
5961,3252.8105506896973,2471.419403076172,3367.676971435547,2630.5662689208984,0.00011491759505588561,Plecoptera
5962,1790.9250793457031,202.89981079101562,1819.7884979248047,253.70127868652344,0.00011468430602690205,Plecoptera
5963,1166.8372192382812,1816.7966613769531,1216.2651672363281,1835.0987243652344,0.00011391069710953161,Plecoptera
5964,1347.2323608398438,800.0,1399.4821319580078,850.6176834106445,0.0001078260102076456,Plecoptera
5965,4000.149843096733,2400.0409454107285,4043.234573364258,2441.20987701416,0.00010672368807718158,Plecoptera
5966,2751.978057861328,1600.0,2907.6907653808594,1628.6726837158203,0.00010656383528839797,Plecoptera
5967,1165.9299926757812,1872.0352172851562,1245.0242004394531,1958.6651000976562,0.00010388134978711605,Plecoptera
5968,933.4754638671875,1467.8630981445312,974.2215881347656,1494.8713684082031,0.00010136619675904512,Plecoptera
5969,3876.4421997070312,1723.222671508789,3910.547119140625,1774.7961883544922,0.00010132946772500873,Plecoptera
5970,1499.6888122558594,612.6490631103516,1560.4100341796875,642.4525299072266,0.00010128966096090153,Plecoptera
5971,4108.0,507.8611831665039,4142.752334594727,561.1027526855469,0.00010065446986118332,Plecoptera
5972,2914.932342529297,2709.62890625,2936.0360565185547,2723.876251220703,9.981612674891949e-05,Plecoptera
5973,3639.322235107422,1611.399471282959,3670.2991943359375,1636.1873054504395,9.964988566935062e-05,Plecoptera
5974,1939.1883239746094,2965.2036809921265,1980.4263916015625,2988.670955657959,9.781581320567057e-05,Plecoptera
5975,3598.587188720703,195.33949279785156,3651.3609313964844,246.34080505371094,9.491000673733652e-05,Plecoptera
5976,1163.0984802246094,1033.5622863769531,1193.0166625976562,1056.4051513671875,9.415649401489645e-05,Plecoptera
5977,1600.050112605095,2367.4663696289062,1636.5547409057617,2409.4808654785156,9.32439579628408e-05,Plecoptera
5978,1600.109139084816,1900.2450866699219,1622.9875164031982,1966.0069885253906,9.262979438062757e-05,Plecoptera
5979,3067.4190979003906,3034.684036254883,3099.6903076171875,3055.7254791259766,9.043936734087765e-05,Plecoptera
5980,3004.172088623047,2087.0394592285156,3049.759719848633,2099.9352416992188,8.990633068606257e-05,Plecoptera
5981,538.9941253662109,800,670.9474487304688,816.5125122070312,8.729847468202934e-05,Plecoptera
5982,533.3233642578125,2894.042121887207,648.0370330810547,2969.187698364258,8.702942432137206e-05,Plecoptera
5983,2726.002655029297,3099.790985107422,2771.9794311523438,3119.682586669922,8.700742182554677e-05,Plecoptera
5984,3136.271514892578,3091.729721069336,3213.8966064453125,3136.6124420166016,8.532396168448031e-05,Plecoptera
5985,3819.672821044922,2956.0,3863.2216796875,2985.7340354919434,8.521963172825053e-05,Plecoptera
5986,2971.2036895751953,3207.048858642578,3022.3761291503906,3247.8887939453125,8.449001325061545e-05,Plecoptera
5987,1864.3213500976562,800.0608205795288,1963.9715576171875,842.9388542175293,8.366508700419217e-05,Plecoptera
5988,1611.920557975769,2914.2794647216797,1657.1954803466797,2938.2008056640625,8.337916369782761e-05,Plecoptera
5989,3342.5001373291016,1844.3312683105469,3369.1312103271484,1873.8510131835938,8.249920210801065e-05,Plecoptera
5990,2220.5132904052734,1621.6005249023438,2261.4015197753906,1656.7783203125,8.197160059353337e-05,Plecoptera
5991,3933.0714111328125,1897.2763061523438,3982.2095947265625,1936.1556091308594,8.105477900244296e-05,Plecoptera
5992,4108.105917453766,2723.4417419433594,4120.199052810669,2754.210662841797,8.09454868431203e-05,Plecoptera
5993,4108.0,2769.3358764648438,4151.420871734619,2834.129150390625,8.00059424364008e-05,Plecoptera
5994,3730.3707885742188,3177.89111328125,3805.7493286132812,3201.0753173828125,7.891731365816668e-05,Plecoptera
5995,4082.9277877807617,2776.4420166015625,4112.618026733398,2836.9373779296875,7.845718937460333e-05,Plecoptera
5996,2220.069076538086,255.9318084716797,2242.9613037109375,285.9297790527344,7.823470514267683e-05,Plecoptera
5997,4000,352.02288818359375,4011.9905319213867,418.2075500488281,7.797900616424158e-05,Plecoptera
5998,4108.015130639076,579.951416015625,4145.467868804932,656.0718688964844,7.682676368858665e-05,Plecoptera
5999,3225.4881896972656,1600.0067718327045,3250.6636657714844,1607.3725910186768,7.66422162996605e-05,Plecoptera
6000,4044.34379196167,1349.5324096679688,4072.148826599121,1391.0129089355469,7.628987077623606e-05,Plecoptera
6001,400.2605736255646,557.4212799072266,445.4201774597168,608.6103668212891,7.590642780996859e-05,Plecoptera
6002,1746.3165283203125,943.0666046142578,1796.5181274414062,982.15283203125,7.58698079152964e-05,Plecoptera
6003,1920.7262878417969,206.9813232421875,2048.970199584961,282.01812744140625,7.566519343527034e-05,Plecoptera
6004,430.97146797180176,2350.9878540039062,590.1178894042969,2424.3743286132812,7.475534948753193e-05,Plecoptera
6005,1891.7456665039062,3014.9768829345703,1999.8336181640625,3042.6415405273438,7.416572771035135e-05,Plecoptera
6006,1050.4230194091797,483.98079681396484,1140.1945495605469,619.7915954589844,7.412429113173857e-05,Plecoptera
6007,1120.9930419921875,376.15423583984375,1253.1710510253906,416.7525329589844,7.248318433994427e-05,Plecoptera
6008,4191.548736572266,2853.8682556152344,4240.389297485352,2882.752655029297,7.241636922117323e-05,Plecoptera
6009,1702.3983459472656,2800.3280639648438,1854.6747131347656,2893.1446533203125,7.166284194681793e-05,Plecoptera
6010,525.16015625,559.7472839355469,690.8259887695312,634.5573425292969,7.1269205363933e-05,Plecoptera
6011,930.8767547607422,2015.58251953125,962.3553009033203,2033.6738166809082,7.118491339497268e-05,Plecoptera
6012,3558.0345764160156,2400,3637.5494079589844,2434.322952270508,7.00809687259607e-05,Plecoptera
6013,1195.0977478027344,717.1561279296875,1289.0043334960938,743.0193786621094,6.901737651787698e-05,Plecoptera
6014,4242.669723510742,472.72344970703125,4274.198913574219,500.0,6.707625288981944e-05,Plecoptera
6015,3499.913299560547,2745.0319213867188,3582.535430908203,2797.5340270996094,6.600996130146086e-05,Plecoptera
6016,1976.0711059570312,2798.0545959472656,2099.1715087890625,2899.4608764648438,6.245411350391805e-05,Plecoptera
6017,2426.7666015625,1843.9326782226562,2455.0618286132812,1865.1022033691406,6.15899043623358e-05,Plecoptera
6018,2938.1841735839844,2007.0044255256653,2968.6187286376953,2025.5484619140625,6.11906434642151e-05,Plecoptera
6019,2092.877456665039,2589.8434295654297,2143.044906616211,2647.0489959716797,5.808595597045496e-05,Plecoptera
6020,3837.3588104248047,1988.14697265625,3903.6236267089844,2022.1669311523438,5.742815847042948e-05,Plecoptera
6021,3600,2000,3655.762336730957,2025.0496082305908,5.7328354159835726e-05,Plecoptera
6022,354.0779724121094,3182.7550506591797,453.36700439453125,3250.4046936035156,5.579477146966383e-05,Plecoptera
6023,2404.28733253479,1468.353271484375,2483.160934448242,1635.0303649902344,5.560758654610254e-05,Plecoptera
6024,1007.3261260986328,3183.195831298828,1141.1849060058594,3248.0848693847656,5.508890899363905e-05,Plecoptera
6025,840.2575378417969,1674.1991577148438,900.0,1700.0,5.326958853402175e-05,Plecoptera
6026,3869.854248046875,2008.2330169677734,3897.632843017578,2072.872039794922,5.318649346008897e-05,Plecoptera
6027,1252.9639282226562,1015.4673767089844,1299.8339538574219,1102.8908081054688,5.298718315316364e-05,Plecoptera
6028,4037.3523597717285,680.4055786132812,4086.081382751465,738.0133972167969,5.131115540280007e-05,Plecoptera
6029,3962.0097045898438,2625.0848693847656,3988.4334716796875,2646.1878814697266,5.123097071191296e-05,Plecoptera
6030,4183.488555908203,1052.7313537597656,4242.266891479492,1090.4145812988281,4.85167620354332e-05,Plecoptera
6031,4170.104560852051,1033.1931610107422,4208.585105895996,1065.9725646972656,4.711659494205378e-05,Plecoptera
6032,4080.8653869628906,3223.025146484375,4099.953948974609,3323.5801696777344,4.6748875320190564e-05,Plecoptera
6033,3476.2190856933594,3092.6063842773438,3610.340118408203,3137.733871459961,4.559689114103094e-05,Plecoptera
6034,1510.2182006835938,2956.0005945563316,1546.6063842773438,2972.6900787353516,4.306329719838686e-05,Plecoptera
6035,1678.196533203125,3243.6250610351562,1699.4014892578125,3268.64794921875,4.253094448358752e-05,Plecoptera
6036,801.1708289384842,1126.8392639160156,837.2943534851074,1160.184814453125,4.2176405258942395e-05,Plecoptera
6037,4208.127960205078,253.6679229736328,4282.1351318359375,331.6256103515625,4.108803841518238e-05,Plecoptera
6038,1147.43603515625,2975.5214252471924,1186.9151611328125,2997.5968284606934,4.022582288598642e-05,Plecoptera
6039,4162.985511779785,2400.0706017017365,4206.151901245117,2422.058506011963,4.016801540274173e-05,Plecoptera
6040,4064.032890319824,2968.493377685547,4119.624282836914,2998.121124267578,3.8264926843112335e-05,Plecoptera
6041,4026.837194442749,2478.763458251953,4078.7158813476562,2546.532684326172,3.713323167175986e-05,Plecoptera
6042,4001.1481940746307,111.21640014648438,4037.4277305603027,128.62327575683594,3.6973233363823965e-05,Plecoptera
6043,4069.937370300293,207.16734313964844,4117.937469482422,224.70846557617188,3.687274147523567e-05,Plecoptera
6044,4022.662425994873,809.1657581329346,4074.3622665405273,838.7955741882324,3.360601840540767e-05,Plecoptera
6045,4108.259083509445,1509.9356079101562,4135.320606231689,1580.2024230957031,3.048347389267292e-05,Plecoptera
6046,4155.891651153564,2504.7530670166016,4196.277114868164,2537.529754638672,2.9723016268690117e-05,Plecoptera
6047,3443.266342163086,3029.144599914551,3646.4874877929688,3060.8186569213867,2.904535722336732e-05,Plecoptera
6048,4095.641616821289,105.68482971191406,4114.518310546875,148.17529296875,2.5364244720549323e-05,Plecoptera
6049,3246.8166007995605,3063.0333251953125,3278.7679901123047,3083.9122619628906,2.4421604393864982e-05,Plecoptera
6050,4178.049331665039,912.4858703613281,4228.989593505859,946.5687866210938,2.3584108930663206e-05,Plecoptera
6051,4410.769989013672,1200.0,4440.614074707031,1250.3590393066406,2.3479889932787046e-05,Plecoptera
6052,4108.114239752293,1666.3606262207031,4127.3962326049805,1720.0910339355469,2.2216754587134346e-05,Plecoptera
6053,4184.778472900391,941.2317962646484,4231.308578491211,983.7569885253906,2.151119042537175e-05,Plecoptera
6054,4132.441192626953,348.5313415527344,4186.197570800781,406.46514892578125,2.0283585399738513e-05,Plecoptera
6055,4143.035049438477,1537.8267822265625,4203.757064819336,1586.2484436035156,1.8719729268923402e-05,Plecoptera
6056,4129.2093505859375,1944.6267395019531,4160.613220214844,1965.1060791015625,1.812006848922465e-05,Plecoptera
6057,326.33929443359375,507.21583557128906,453.8907470703125,559.0240020751953,1.3435341315926053e-05,Plecoptera
6058,295.9736328125,544.5391693115234,330.5534973144531,575.9045104980469,1.286326914851088e-05,Plecoptera
6059,499.9337387084961,2290.8458251953125,528.0354766845703,2304.5030212402344,0.5282629728317261,Trichoptera
6060,2745.632080078125,1820.748550415039,2780.161865234375,1856.8599548339844,0.22063666582107544,Trichoptera
6061,737.8764038085938,1875.5725402832031,763.6045532226562,1901.0407104492188,0.09257059544324875,Trichoptera
6062,1804.0741882324219,2919.978759765625,1835.7823333740234,2939.6315155029297,0.06518366187810898,Trichoptera
6063,1019.0072937011719,265.8516845703125,1047.4963684082031,285.90966796875,0.02909998409450054,Trichoptera
6064,1510.6940612792969,2949.9383392333984,1540.568603515625,2969.5921020507812,0.02034515142440796,Trichoptera
6065,126.79208374023438,2638.853973388672,171.68309020996094,2659.600311279297,0.014571694657206535,Trichoptera
6066,1596.590576171875,2043.182373046875,1616.9684753417969,2057.400291442871,0.006387542933225632,Trichoptera
6067,2462.6542930603027,2361.0668334960938,2507.3990020751953,2382.6647033691406,0.0062428805977106094,Trichoptera
6068,3437.9178009033203,2333.4395751953125,3498.1521606445312,2378.3807067871094,0.004373918287456036,Trichoptera
6069,136.4839324951172,2498.647216796875,184.4103546142578,2529.7920684814453,0.002393728354945779,Trichoptera
6070,3615.2939767837524,704.4955749511719,3629.382568359375,716.7536315917969,0.0013639722019433975,Trichoptera
6071,4096.741943359375,1822.3854064941406,4118.047836303711,1840.94873046875,0.0005489143659360707,Trichoptera
6072,4582.141510009766,1417.2431945800781,4608.0,1520.9559326171875,0.0005369758582673967,Trichoptera
6073,627.5871734619141,2982.3838119506836,645.5663146972656,2994.705307006836,0.0004889923729933798,Trichoptera
6074,3356.4452362060547,699.4852600097656,3375.4400482177734,718.1429443359375,0.00047319260193035007,Trichoptera
6075,705.4397583007812,43.39464569091797,730.8377380371094,59.481727600097656,0.0004469788691494614,Trichoptera
6076,3412.4351501464844,2337.84765625,3433.9151306152344,2352.991424560547,0.00034090803819708526,Trichoptera
6077,0.0,0.0,66.68397521972656,39.15089797973633,0.00026079665985889733,Trichoptera
6078,123.76103210449219,2669.5010375976562,155.37814331054688,2685.6380310058594,0.00022477378661278635,Trichoptera
6079,942.3584442138672,609.2001037597656,956.994384765625,620.4972686767578,0.00022475254081655294,Trichoptera
6080,2089.1495361328125,1525.5464172363281,2108.8629837036133,1542.9454345703125,0.00019461226474959403,Trichoptera
6081,4588.316833496094,3102.0720825195312,4607.6517333984375,3179.179443359375,0.00017880959785543382,Trichoptera
6082,1853.634994506836,1046.2337951660156,1870.3934936523438,1060.2167663574219,0.00017234051483683288,Trichoptera
6083,1506.3200073242188,3216.2533264160156,1527.2345581054688,3232.963897705078,0.00012027815682813525,Trichoptera
6084,2546.2286071777344,231.82626342773438,2565.809814453125,245.44386291503906,0.00011962024291278794,Trichoptera
6085,1164.0787963867188,2975.379898071289,1185.95849609375,2994.8146591186523,0.00010487147665116936,Trichoptera
6086,800.0197619199753,3268.1605529785156,844.1410942077637,3377.733367919922,5.810290895169601e-05,Trichoptera
6087,4585.2613525390625,50.52158737182617,4608.0,141.1504669189453,5.792542651761323e-05,Trichoptera
6088,1572.450927734375,3153.0152282714844,1652.0524597167969,3242.2057189941406,5.6502562074456364e-05,Trichoptera
6089,4046.312702178955,942.7513580322266,4081.1221618652344,968.9081115722656,5.58729880140163e-05,Trichoptera
6090,4591.459197998047,174.7197723388672,4608.0,271.1890563964844,5.1300827180966735e-05,Trichoptera
6091,0.22161006927490234,1642.9880981445312,52.891624450683594,1698.5810241699219,4.825020732823759e-05,Trichoptera
6092,4583.781829833984,1512.4137268066406,4608.0,1609.0060119628906,4.640699262381531e-05,Trichoptera
6093,23.939491271972656,2750.529541015625,42.1989631652832,2764.0298461914062,2.9597993489005603e-05,Trichoptera
6094,4172.218711853027,1033.8489990234375,4197.109146118164,1048.7304229736328,2.9530074243666604e-05,Trichoptera
6095,134.32516479492188,2400,184.45489501953125,2406.1977162361145,2.9202195946709253e-05,Trichoptera
6096,45.55113983154297,1844.0753479003906,64.64324951171875,1867.0406799316406,2.0744970242958516e-05,Trichoptera
6097,4588.684234619141,1898.5942993164062,4608.0,2006.3846435546875,1.8277010894962586e-05,Trichoptera
6098,4587.6422119140625,1991.97265625,4607.629699707031,2064.0564880371094,1.6328969650203362e-05,Trichoptera
6099,6.165656566619873,1906.0422058105469,32.32447052001953,1965.7494506835938,1.2238177987455856e-05,Trichoptera
6100,0.14719367027282715,405.1340026855469,30.08945083618164,476.7642822265625,1.0963762179017067e-05,Trichoptera
